22.238420571034126283
14.670714425864488817
6.568656973153316869
-1.184329116994931042
-7.868313132623910633
-12.825550462213342939
-16.216926404805249717
-18.751924701691947917
-20.584007701404885893
-22.183995190090385563
-23.852856016667288941
-25.650090669074813832
-27.529728680686517350
-29.414522068026784041
-31.223869001410562873
-32.885889113885610868
-34.368074869490669698
-35.663155713536681901
-36.765834037735444895
-37.671218634525786229
-38.375394167411641888
-38.873118054004052624
-39.155146064241804993
-39.204366925185325954
-38.986555433898928413
-38.433588487591450189
-37.476853054944740506
-36.150902481134465916
-34.546173263575212786
-32.728751716530609883
-30.736495535500068854
-28.594588438324507251
-26.322982060651554548
-23.939338769069394175
-21.460196517647290193
-18.901291845799136127
-16.277208222506970969
-13.599939224751665279
-10.875169629614219957
-8.097409718068803386
-5.269110075369582091
-2.434831217950119253
0.355244675207330829
3.065990242448179970
5.673904004917687871
8.164398583117588259
10.530315343781410320
12.770274533688564134
14.886691125456849250
16.883875219244998789
18.766616166460579507
20.539342551862148412
22.205670354899865515
23.768130460151041916
25.228563829667933760
26.589663798794362037
27.855495242703170788
29.030425000006687242
30.119153881762855463
31.127469352736483188
32.062730099893769875
32.933861398280583899
33.750748218061318084
34.522904368454334190
35.257150698403108890
35.953524306240012720
36.597823807229246995
37.154055763321906625
37.592918943271257604
37.948026350039640420
38.284751431046686321
38.658353383135619197
39.104204133427998613
39.632323908594628392
40.240030343055934736
40.927095348502092520
41.698832141383633143
42.564195137300060878
43.533821354090491695
44.618548353509623894
45.828533012836658145
47.173148300756736262
48.661815810073335342
50.306061853257972416
52.123543781688226773
54.145181530115763735
56.421662905530496346
59.002626243811903350
61.874887026758813136
64.944908998609093942
68.100105909534420334
71.242859059542809064
74.290599166858214630
77.177516440647053741
79.860939891897544385
82.325943484295351027
84.580854959557399297
86.638153242268401755
88.494253217036344950
90.123628412105233565
91.460525970273295115
92.359389895456018849
92.578349559601093688
91.990513685264659216
90.870036031084651995
89.595783594492445445
88.361954092463690813
87.234093658796041382
86.270230296953201332
85.531327223056223374
85.019032450526822231
84.668704203542773712
84.409616393547707958
84.195488665656768035
84.000026109624769788
83.808945397179826386
83.615087281814396647
83.415588621432902983
83.210136464837120229
82.999897343622194512
82.786982339424639576
82.574400431947537982
82.366511107295139027
82.170096050488922401
81.996295905714248420
81.863118161813986262
81.794001637048921793
81.801663848681869240
81.872899596372178621
81.984881270496998695
82.120702303924645094
82.270113380050673868
82.426958125647558973
82.587395772893813728
82.748950126569553731
82.910003721810056732
83.069500206122739883
83.226742822643473119
83.381246632802941576
83.532635687764980048
83.680587476508691225
83.824823657152194301
83.965134723896824198
84.101413821304447538
84.233669469212344438
84.361995713349870130
84.486502845717353694
84.607242233601965609
84.724171774431113136
