2291.568968210145612829
2287.331319061237081769
2283.562395305633344833
2278.652198704239253857
2270.201869552488915360
2256.435015883183496044
2235.792731588242077123
2205.823690893962975679
2167.414289280859975406
2120.596705240660867275
2066.717666701943471708
2007.358891829244839755
2245.801739198467203096
2482.311107696410545032
2718.551762517571660283
2955.880753241741331294
3195.030932201032101148
3436.053701039055340516
3678.331203689324411243
3920.615721518625832687
4161.177610760823881719
4399.022136357925774064
4631.032491194418071245
4855.240353409310955612
5069.984707033557242539
5274.063630965967604425
5467.136294426791209844
5649.056268779446327244
5820.337309680757243768
5982.297153111707302742
6136.851948475452445564
6286.410926834178098943
6433.735085513289959636
6581.771241872040263843
6733.475586292701336788
6891.642270575969632773
7058.752100882749800803
7236.853925139773309638
7427.487142277552266023
7631.648629269652701623
7849.954747172546376532
8082.240832700543251121
8328.077199860810651444
8273.432549633960661595
8230.966949594758261810
8199.797309000863606343
8178.844648867094292655
8166.911889363977934408
8162.758246301919825783
8165.164517004353911034
8172.985002819095825544
8185.183431156377082516
8200.851886350028507877
8219.174614349640251021
8239.528663928376772674
8261.351246823222027160
8284.152832162084450829
8307.473981299997831229
8330.861302108392919763
8353.844682084600208327
8375.923656557828508085
8396.564201182276519830
8415.205701891383796465
8431.276494154464671738
8444.215379270128323697
8453.496029206113234977
8458.651190410246272222
8459.294006478974552010
8454.875150763173223822
8445.394953842038376024
8430.872002645444808877
8376.917172275614575483
8318.161253841535653919
8254.779313412029296160
8187.032831913143127167
8115.272410917857996537
8039.890955458618009288
7961.307060523015934450
7879.950129181652300758
7796.248221792190634005
7710.619394092213951808
7623.466941836843034253
7535.178514367418756592
7446.128498138664326689
7356.682452759661828168
7267.201808945408629370
7178.258484368207973603
7090.228141748561938584
7003.600756113003626524
6936.271572935677795613
6829.690239051281423599
6727.640880171237768081
6630.480073310101943207
6538.304242022162725334
6450.918277728387693060
6367.832813713649557030
6347.833177964311289543
6330.609689363359393610
6314.888671280264134111
6299.601080932804507029
6283.771090302091579360
6266.595130807638270198
6247.500013046767890046
6221.113788136185576150
6192.022422296445256507
6162.407501892499567475
6132.006187471674820699
6100.640369729359917983
6068.955008218765215133
6038.481297006826025608
6010.026713538843978313
5983.104845719349214050
5958.171376016279282339
5935.559968118031065387
5915.476490795078461815
5898.004446818783435447
5883.119033709243012709
5870.706887056470804964
5860.588587449573424237
5852.541353113144396048
5846.319878901445008523
5841.673912490352449822
5838.361794856058622827
5836.159770156661579676
5834.867345160169861629
5834.309323340607988939
5834.353748234128033801
5835.444927123970956018
5836.884325462207925739
5838.580536630644019169
5840.456178987155908544
5842.445630006528517697
5844.493300528127292637
5846.552379080991158844
5848.583910185576314689
5850.556056768727103190
5852.443420358384173596
5854.226336240069940686
5855.890110220359929372
5857.424208064669983287
5858.821443600154452724
5860.077233508792232897
5861.188995151953349705
5862.155758109253838484
5862.978036802264796279
5863.657967475490295328
5864.199644511064434482
5864.609504782350995811
5864.896538090093599749
1007.258976549455269378
1118.280907554123587033
1234.625015652042293368
1356.666203301634823220
1484.094242222431148548
1613.098498649853581810
1741.674590673373359095
1876.122337217218955630
2012.920320106370354551
2155.806234031650546967
2304.917230362764712481
2460.334496938708980451
2624.329201534150342923
2794.745906220974575263
2971.624066849373321020
3154.758640214725346596
3344.267403176123934827
3540.300309823380757734
3742.858779177573069319
3951.928607930153702910
4167.471311875398896518
4524.860659710238905973
4888.603883543895790353
5258.595894154701454681
5634.638906616365602531
6016.404281736453413032
6402.122624481640741578
6791.689495272508793278
7184.726796968371672847
7579.886787616583205818
7975.441181610767671373
8369.246024680276605068
8758.725672722912349855
9140.883422834182056249
9512.345783115535596153
9869.445457824820550741
10208.344597587247335468
10525.194765489139172132
10816.323932816992964945
11078.434731000030296855
11308.119787585399535601
11504.041918355740563129
11665.024433462926026550
11788.470852302316416171
11877.232089610817638459
11932.632639424105946091
11956.631598320680495817
11951.663553426853468409
11920.472199865384027362
11865.954814624772552634
11791.031136933004745515
11698.544532778600114398
11591.197704542717474396
11466.389061378724363749
11331.618460926865736837
11189.075321063566661905
11040.776134149156860076
10888.640955348389979918
10734.493081620379598462
10580.073917219284339808
10427.048667228096746840
10277.002893557979405159
10131.431379152079898631
9991.721625686484912876
9859.134664419892942533
9734.785778618796030059
9619.627345942762985942
9514.435449960717960494
9420.946588184866413940
9338.783367368943800102
9267.800851682466600323
9207.786128188823568053
9158.550539161313281511
9119.989686408427587594
9091.812963209102235851
9073.480344921757932752
9064.352596324288242613
9063.710512320913039730
9070.773420414720021654
9084.716435732114405255
9104.686157395854024799
9129.814720095664597466
9159.232347151910289540
9192.078763616120340885
9227.513987807886223891
9264.729086670298784156
9331.015455695353011834
9396.580192742338113021
9460.148492062326113228
9443.569140476041866350
9479.721455865337702562
9514.706831010360474465
9548.352970532750987331
9580.564696936862674193
9611.321813106134868576
9640.672901643833029084
9669.380574440916461754
9696.688098573811657843
9723.030233758638132713
9748.600601015492429724
9773.587864257622641162
9798.160082888311080751
9822.451751455617340980
9852.838433058361260919
9883.684896909253438935
9912.593558509101058007
9940.377259093287648284
9967.868490172575548058
9994.943714651724803844
10020.380990555619064253
10043.805783728597816662
10066.362771890413569054
10087.909736859053737135
10108.323149883442965802
10127.503901143018083530
10145.380776464060545550
10161.911762279805770959
10177.083426973529640236
10190.908743279740519938
10203.423777690577480826
10214.683683837429271080
10224.758404777738178382
10233.728427187745182891
10241.680850605154773802
10248.705948060172886471
10254.894313151731694234
10260.311763877882185625
10264.333391054113235441
10267.772406040454370668
10270.703708498565902119
10273.196364216115398449
10275.313479331956841634
10277.112253654106098111
10278.644154999623424374
10279.955172036452495377
10281.086115682310264674
10282.072948939157868153
10282.947130987551645376
10283.735965493955518468
10284.462944240007345797
10285.148078626791175338
10285.808212535070197191
10286.457311570708043291
10287.106727134572793148
10287.765436600608154549
10288.440264749637208297
10289.136094010986198555
10289.856071941372647416
10290.601822201888353447
372.992109874620211940
