1148.536993339999980890
1148.536993339999980890
1148.536993339999980890
1148.536993339999980890
1148.536993339999980890
1148.536993339999980890
1148.536993339999980890
1148.536993339999980890
1148.536993339999980890
1148.536993339999980890
1246.656212946181767620
1379.808423410225486805
1542.237697224613839353
1706.719839558696776294
1871.201981892779258487
2035.684124226862422802
2200.166266560945132369
2378.224603459160789498
2559.110625217845154111
2739.996646976528609230
2920.882668735212973843
3101.768690493896883709
3282.654712252580793574
3463.540734011265158188
3644.426755769948613306
3866.383768450916704751
4094.644700668862697057
4322.905632886808234616
4495.244650101458319114
4645.040886869346650201
4733.935028562073057401
4686.940130755168866017
4639.945232948263765138
4628.480751830000372138
4653.849469345796023845
4769.418071363727904100
5178.941654149456553569
5644.974390763516566949
4988.474933739999869431
4958.777427122022345429
4873.258675013013089483
4923.190753937110457628
4973.122832861206916277
4988.474933739999869431
4988.474933739999869431
4988.474933739999869431
4988.474933739999869431
5226.001296272212130134
5598.827485562174842926
5966.010627891378135246
6324.144159477675202652
6682.277691063972270058
7040.411222650271156454
7394.878995383398432750
7623.139927602505849791
7851.400859821611447842
7856.348047365096135763
7357.027258133253781125
7597.023379407501124660
7721.614146519284986425
7678.429645828221509873
7635.245145137158033322
7592.060644446093647275
7548.876143755030170723
7505.897335368381391163
7465.951672232497003279
7426.006009096612615394
7368.072141951669436821
7026.831252346461951674
6827.102936658716316742
6860.033053226943593472
6981.087025210355022864
7140.869677760757440410
7148.440025210000385414
6968.442934255000182020
6788.445843299999978626
6788.445843299999978626
6788.445843299999978626
6788.445843299999978626
6788.445843299999978626
6788.445843299999978626
6788.445843299999978626
6788.445843299999978626
6793.597753720304353919
6805.346478173014475033
6817.095202625723686651
6828.843927078433807765
6840.592651531143928878
6852.341375983853140497
6864.090100436563261610
6875.838824889272473229
6887.587549341982594342
6899.336273794692715455
6919.668554745522669691
6969.600633665378154546
7019.532712585233639402
7028.441964569999981904
7028.441964569999981904
7028.441964569999981904
7002.316212309303409711
6970.359681800604448654
6938.403151291905487597
6909.004938534605571476
6917.981492048289510421
6926.958045561973449367
6935.934599075657388312
6944.911152589341327257
6953.887706103024356707
6962.864259616708295653
6971.840813130392234598
6980.817366644076173543
6989.793920157760112488
6998.770473671443141939
7007.747027185127080884
7016.723580698811019829
7025.700134212494958774
7028.441964569999981904
7028.441964569999981904
7028.441964569999981904
7030.754115987381737796
7056.525511561073471967
7082.296907134764296643
7108.068302708456030814
7133.839698282147764985
7148.440025210000385414
7148.440025210000385414
7112.400339213948427641
6912.672023526204611699
7121.716845144765102305
7216.251009813179734920
7056.468357256117087672
6815.608308521063918306
6888.236786956040305085
6735.453411151527689071
6548.449722020000081102
6602.027097027186755440
6770.219362873057434626
6938.411628718931751791
6994.690222074345911096
6922.061743645422211557
6790.422626483163185185
6642.837458308582426980
6548.449722020000081102
6574.440760169631175813
6647.069238604608472087
6668.447782659999575117
6659.409897406781055906
6615.025827252068665985
6570.641757097356276063
