37446.039641982657485642
37338.118925947972456925
37230.198209913280152250
37122.277493878595123533
37014.356777843910094816
36906.436061809217790142
36798.515345774532761425
36690.594629739847732708
36582.673913705155428033
36474.753197670470399316
36366.832481635785370599
36261.147160944245115388
36179.625399437674786896
36098.103637931104458403
36016.581876424526853953
35935.060114917956525460
35853.538353411386196967
35772.016591904815868475
35690.494830398245539982
35608.973068891675211489
35527.451307385104882997
35445.929545878534554504
35364.407784371964226011
35282.886022865393897519
35201.364261358816293068
35119.842499852245964576
35022.037147102993912995
34895.892947715961781796
34769.748748328929650597
34563.964054942458460573
34281.994668085368175525
34000.025281228277890477
33498.430545330171298701
32987.126057158493495081
32475.821568986822967418
31946.710657186285970965
31347.525710110570798861
30748.340763034862902714
30127.048790694087074371
29500.209153753407008480
28873.369516812726942590
28246.529879872050514678
27619.690242931370448787
26992.850605990694020875
26366.010969050017592963
25739.171332109337527072
25112.331695168657461181
24487.774750845113885589
23923.835977128965168959
23359.897203412820090307
22795.958429696675011655
22232.019655980529933004
21668.080882264384854352
21182.763814598562021274
20703.415856936677300837
20368.172952856501069618
20101.868531935619103024
19835.564111014737136429
19691.168497580147231929
19550.183804147683986230
19468.321724090001225704
19468.321724090001225704
19499.588490777929109754
19687.568082017296546837
19875.547673256663983921
20267.655172653772751801
20788.685561414687981596
21309.715950175599573413
21811.505330965304892743
22210.961962352750560967
22519.962459559345006710
22665.219416422900394537
22708.269361300001037307
22708.269361300001037307
22708.269361300001037307
22708.269361300001037307
22708.269361300001037307
22575.534742898031254299
22427.587842387325508753
22279.640941876616125228
22131.694041365906741703
21814.072403575675707543
21464.547851111721683992
21101.468867663410492241
20721.033980632913880982
20340.599093602417269722
19954.756815536551584955
19616.507248641111800680
19376.833269812803337118
19476.302071019377763150
19705.844251596139656613
20219.431349091271840734
20707.021374299700255506
21014.295706129400059581
21268.292633649998606415
21212.608011072017689003
20775.772629363102169009
20598.236348751899640774
20612.106370677309314488
20881.502057483638054691
21462.529884951334679499
21835.922263994518289110
22118.265473903957172297
22086.074239605688489974
21540.502999394757353002
21252.722415497832116671
21148.294573020000825636
20795.447926596891193185
20548.304269830001430819
20548.304269830001430819
20205.043598238673439482
19578.101829066185018746
18928.984803066454333020
18279.867777066712733358
17702.417378054877190152
17308.356632620001619216
17308.356632620001619216
17411.120072470082959626
17757.311689635884249583
18126.040887833572924137
18298.461436296656756895
18388.339178359998186352
18388.339178359998186352
18346.057982496946351603
18279.481877264923241455
18467.908362188270984916
18628.335299629998189630
18479.612871009390801191
17876.535369396333408076
17157.513432909545372240
16524.029263874454045435
16123.677792364831475425
15923.949476674311881652
15868.379904969999188324
15868.379904969999188324
15868.379904969999188324
15868.379904969999188324
15868.379904969999188324
15868.379904969999188324
15868.379904969999188324
15868.379904969999188324
15868.379904969999188324
15868.379904969999188324
15868.379904969999188324
15868.379904969999188324
15868.379904969999188324
15868.379904969999188324
15868.379904969999188324
15868.379904969999188324
