40.574506791202708200
40.774257970451614597
40.974389804637091572
41.205503612084676490
41.473832521076452906
41.721637333609066900
41.841287027647751984
41.800895136024507792
41.550167389411562624
40.867221951949240122
38.948627223494113991
36.268043396806405099
33.187551823368764303
30.040056279912491277
26.935676194983528831
23.896054628849853430
20.903401157871584815
17.923606338787095638
15.006473441443674233
12.196915427704510648
9.515210234297910574
6.971119023749992039
4.567670735066656107
2.295805413940300355
0.126273145286006638
-1.937568322831268119
-3.756397465408710445
-5.128892175185839619
-5.873100147588615982
-5.878606558443095764
-5.079847807753793631
-3.557281434168629630
-1.619605617007351839
0.371247762747628940
2.137275671836135871
3.578009368041790594
5.065247999651433020
7.476083864083960862
11.142058360930974459
15.320093806198229913
19.384576998271541015
23.150825483485704126
26.677760329725856536
30.044845290899843349
33.189067445301930093
35.895153731925802276
37.838989604937751210
38.787471518585078911
38.877425882005525182
38.466633443490252375
37.855619765123321940
37.240521792138508772
36.775003482558389578
36.603429270619926683
36.844684541255531940
37.551628933913946184
38.649958420827573491
39.882842635338903392
40.950311073721934463
41.730915615126065177
42.157083813224716096
41.757159005303520871
39.788669239673026823
36.627087659796131902
31.447493586228858931
25.624410015217250702
19.196978910996278955
12.176615612554172685
5.745606746135962339
0.976019019371392460
-2.535979167119421618
-5.690369084665235277
-8.657896039930790266
-11.373423389996617061
-13.865700884890486577
-16.178611766668950622
-18.417620105322100699
-20.609873143613356206
-22.690227876362882853
-24.526694562688874157
-25.826183179353677133
-26.265023646383497180
-26.214194659424094880
-25.988760196577345596
-25.724639647168828560
-25.497849628899700747
-25.362138753820715920
-25.358002026129781825
-25.511834623596087113
-25.833528943740475370
-26.316404977959905409
-26.940546218552583468
-27.677454138195741962
-28.489956252547699478
-29.324816100827433729
-30.114187286831509027
-30.800182357314611181
-31.355061145987122018
-31.774205506856048942
-32.064304326041110471
-32.233927515934340136
-32.292384600432114894
-32.251809795529538860
-32.115681657339735011
-31.873818026298806672
-31.523112339845908991
-31.100512043214621372
-30.697599424863255990
-30.371296162163332610
-30.050889837277338756
-29.692218461176537403
-29.301552588338495298
-28.901966291707310575
-28.510267786922725008
-28.110213990161867059
-27.688899432554762825
-27.342241270021247601
-27.152829477914792733
-27.159585586428875104
-27.396752708590042857
-27.940393199870356966
-28.869245885309396726
-30.058740082445240205
-31.251767268759522267
-32.245697016250232991
-32.914410143355610217
-33.195916973685939411
-33.078801457132499308
-32.477590934766510600
-31.145407819069646393
-29.008819242650361048
-26.458928448614017270
-23.925418015410343742
-21.645456897761505388
-19.814453674557171325
-18.573365522126835003
-17.834908390575549220
-17.310045901668047463
-16.704463945090083143
-15.876518736258333320
-14.871575057506902340
-13.860146365894593146
-13.032003042550286409
-12.479021509062363293
-12.142920235651899930
-11.890012692300217623
-11.621851813458590641
-11.312521579396445759
-10.980644319306406942
