39932.052410622942261398
39928.032095128837681841
39924.011779634725826327
39919.991464140621246770
39915.971148646509391256
39911.950833152404811699
39907.930517658292956185
39903.910202164188376628
39899.889886670076521114
39895.869571175971941557
39891.849255681860086042
39887.828940187755506486
39883.808624693643650971
39879.788309199539071415
39875.767993705427215900
39871.747678211322636344
39867.727362717210780829
39863.707047223098925315
39859.686731728994345758
39855.666416234882490244
39851.646100740777910687
39847.625785246666055173
39843.605469752561475616
39839.585154258449620102
39835.564838764345040545
39831.544523270233185031
39827.524207776128605474
39823.503892282016749959
39819.483576787912170403
39815.463261293800314888
39811.442945799695735332
39807.422630305583879817
39803.402314811479300261
39799.381999317367444746
39795.361683823262865189
39791.341368329151009675
39787.321052835046430118
39783.300737340934574604
39779.280421846829995047
39775.260106352718139533
39771.239790858613559976
39767.219475364501704462
39763.199159870397124905
39759.178844376285269391
39755.158528882180689834
39751.138213388068834320
39747.117897893964254763
39743.097582399852399249
39739.077266905740543734
39735.056951411635964178
39322.907894023133849259
38385.053194252941466402
37447.198494482734531630
36509.343794712534872815
35571.489094942327938043
34633.634395172135555185
33695.779695401935896371
32757.924995631732599577
31820.070295861529302783
30882.215596091326005990
29944.360896321122709196
29006.506196550930326339
28864.274775760000920855
28864.274775760000920855
28864.274775760000920855
28864.274775760000920855
28864.274775760000920855
28864.274775760000920855
28864.274775760000920855
28864.274775760000920855
28864.274775760000920855
28864.274775760000920855
28864.274775760000920855
28864.274775760000920855
28864.274775760000920855
28864.274775760000920855
28864.274775760000920855
28864.274775760000920855
28864.274775760000920855
28864.274775760000920855
28864.274775760000920855
28864.274775760000920855
28864.274775760000920855
28864.274775760000920855
28864.274775760000920855
28864.274775760000920855
28864.274775760000920855
28864.274775760000920855
28864.274775760000920855
28864.274775760000920855
28864.274775760000920855
28864.274775760000920855
28864.274775760000920855
28864.274775760000920855
28864.274775760000920855
28864.274775760000920855
28864.274775760000920855
28864.274775760000920855
28864.274775760000920855
28864.274775760000920855
28864.274775760000920855
28864.274775760000920855
28864.274775760000920855
28864.274775760000920855
28864.274775760000920855
28864.274775760000920855
28864.274775760000920855
28864.274775760000920855
28864.274775760000920855
28864.274775760000920855
28864.274775760000920855
28864.274775760000920855
28864.274775760000920855
28864.274775760000920855
28864.274775760000920855
28864.274775760000920855
28864.274775760000920855
28864.274775760000920855
28864.274775760000920855
28864.274775760000920855
28864.274775760000920855
28864.274775760000920855
28864.274775760000920855
28864.274775760000920855
28864.274775760000920855
28864.274775760000920855
28864.274775760000920855
28864.274775760000920855
28864.274775760000920855
28864.274775760000920855
28864.274775760000920855
28864.274775760000920855
28864.274775760000920855
28864.274775760000920855
28864.274775760000920855
28864.274775760000920855
28864.274775760000920855
28864.274775760000920855
28864.274775760000920855
28864.274775760000920855
28864.274775760000920855
28864.274775760000920855
28864.274775760000920855
28864.274775760000920855
28864.274775760000920855
28864.274775760000920855
28864.274775760000920855
28864.274775760000920855
28864.274775760000920855
