25415.455417066128575243
25366.366251198389363708
25317.277085330650152173
25268.187919462907302659
25219.098753595168091124
25170.009587727428879589
25120.920421859686030075
25071.831255991946818540
25022.742090124207607005
24973.652924256464757491
24924.563758388725545956
24875.474592520986334421
24826.385426653243484907
24777.296260785504273372
24728.207094917765061837
24679.117929050022212323
24630.028763182283000788
24580.939597314543789253
24531.850431446800939739
24482.761265579061728204
24433.672099711322516669
24384.582933843579667155
24335.493767975840455620
24286.404602108101244085
24237.315436240358394571
24188.226270372619183036
24139.137104504879971500
24090.047938637137121987
23977.477650227887352230
23815.533155397464724956
23653.588660567045735661
23491.644165736623108387
23329.699670906200481113
23167.755176075777853839
23005.810681245355226565
22843.866186414932599291
22681.921691584509972017
22519.977196754087344743
22358.032701923664717469
22263.919022993373801000
22253.524459182568534743
22243.129895371759630507
22232.735331560954364249
22222.340767750145460013
22211.946203939340193756
22201.551640128531289520
22191.157076317726023262
22180.762512506917119026
22170.367948696111852769
22159.973384885302948533
22149.578821074497682275
22139.184257263688778039
22128.789693452883511782
22118.395129642074607546
22108.000565831269341288
22097.606002020460437052
22087.211438209655170795
22076.816874398846266558
22066.422310588041000301
22056.027746777232096065
22045.633182966426829807
22035.238619155617925571
22024.844055344812659314
22014.449491534003755078
22004.054927723198488820
21993.660363912389584584
21983.265800101584318327
21972.871236290775414091
21962.476672479970147833
21952.082108669161243597
21941.687544858355977340
21931.292981047547073103
21920.898417236741806846
21910.503853425932902610
21900.109289615127636353
21889.714725804318732116
21879.320161993513465859
21868.925598182704561623
21858.531034371899295365
21848.136470561090391129
21837.741906750285124872
21827.347342939476220636
21816.952779128670954378
21806.558215317862050142
21796.163651507056783885
21785.769087696251517627
21775.374523885442613391
21764.979960074637347134
21754.585396263828442898
21744.190832453023176640
21733.796268642214272404
21723.401704831409006147
21713.007141020600101911
21702.612577209794835653
21692.218013398985931417
21681.823449588180665160
21671.428885777371760923
21661.034321966566494666
21650.639758155757590430
21640.245194344952324172
21629.850630534143419936
21619.456066723338153679
21609.061502912529249443
21598.666939101723983185
21588.272375290915078949
21577.877811480109812692
21567.483247669300908456
21557.088683858495642198
21546.694120047686737962
21536.299556236881471705
21525.904992426072567469
21515.510428615267301211
21505.115864804458396975
21494.721300993653130718
21484.326737182844226481
21473.932173372038960224
21463.537609561230055988
21453.143045750424789730
21442.748481939615885494
21432.353918128810619237
21421.959354318001715001
21411.564790507196448743
21401.170226696387544507
21390.775662885582278250
21380.381099074773374014
21369.986535263968107756
21359.591971453159203520
21349.197407642353937263
21338.802843831545033026
21328.408280020739766769
21318.013716209930862533
21307.619152399125596276
21297.224588588316692039
21286.830024777511425782
21276.435460966702521546
21266.040897155897255288
21255.646333345088351052
21245.251769534283084795
21234.857205723474180559
21224.462641912668914301
21214.068078101860010065
21203.673514291054743808
21193.278950480245839572
21182.884386669440573314
21172.489822858631669078
21162.095259047826402821
21151.700695237017498584
21141.306131426212232327
21130.911567615403328091
