4556.814893285161815584
4227.431022723780188244
3694.560310459878564870
2898.498688089149254665
2870.295228985447010928
2633.977865920260228449
2323.937367169454319082
2079.676772130101653602
1971.019612129106008069
2005.009260852741135750
2187.938084729275942664
2533.571887253587647137
3030.332099380861109239
3639.127905536578509782
4319.203419491905151517
5045.214151747315554530
5807.678940281254654110
6606.609723946577105380
7096.007936774921290635
7604.919636796346821939
8115.259461498317250516
8611.176403415625827620
9079.119897921937081264
9507.864668987554978230
9888.468773072274416336
10214.193822846500552259
10480.433349581728180056
10684.570342575168979238
10826.049121150999781094
10906.595178973344445694
10930.480205939109509927
10904.853472447819513036
10840.077372032577841310
10749.960376367280332488
10651.724986637758775032
10565.493019190889754100
10513.051242523939436069
10515.742423599756875774
10591.578994838084327057
10752.088962878817255842
10999.792085391867658473
10592.029779810203763191
10278.253109187364316313
10061.573674324543389957
9932.682666373770189239
9871.151162959064095048
9849.083845570054108975
9835.847971348192004371
9802.501896200508781476
9725.137808356934328913
9587.063844585563856526
9380.169612355919525726
9105.872676441418661852
8775.823391761479797424
8412.137251944042873220
8046.410166731237040949
7716.390606637459313788
7459.528688387544207217
7304.231186554927262478
7262.018504864437090873
7324.605548302542956662
7467.441447215536754811
7657.374666977483684605
7860.521577674133368419
8047.783834281409326650
8197.594712958061791142
8296.671702549419933348
8339.717515117643415579
8328.703017773990723072
8272.140327546523622004
8183.860081101024661621
8081.584451760330011894
7985.094135091465432197
7913.898664719160478853
7884.566144797102424491
7908.137655527920287568
7816.030398536883694760
7780.535877239306500996
7793.785054259998105408
7841.373795905652514193
7904.806304113835722092
7964.352234564263198990
8001.696089745790231973
8002.015765308438858483
7955.400590418954379857
7857.678199387445602042
7710.728840851475979434
7522.258656079729007615
7304.814427317857735034
7074.066453362163883867
6853.496757002108097367
6673.606999313866253942
6549.118946715098900313
6476.774817937436637294
6440.647151789346935402
6421.778242910619155737
6406.938688733032904565
6393.200127124928258127
6387.676507607888197526
6403.354850566183813498
6452.659623982168341172
6261.951282087704385049
6116.222801748268466326
6011.119710213160033163
5934.740461720949497249
5873.922261524250643561
5818.549448205618318752
5763.529152232988053584
5708.643460407804013812
5656.757108144426638319
5611.475246219319160446
5575.277601230535765353
5548.534081604505445284
5529.618205808178572624
5515.791556675035280932
5504.277489576370498980
5493.046008567162971303
5481.108504019731299195
5468.382168476310653205
5455.328423680285595765
5442.585571703682035150
5430.739128877591610944
5420.259691487073723692
5411.544583539829545771
5404.964548419038692373
5400.845918862234611879
5399.385909213807281049
5400.561981525700502971
5404.121712956016381213
5409.685801098228694173
5416.965905174514773535
5425.999713903761403344
5437.273139805047321715
5451.621702538022873341
5469.887519690235421876
5492.431428520256304182
5518.712928170846680587
5547.189566054822535079
5575.703789850806970207
5602.328095858469168888
5626.403944590845640050
5649.336462486684467876
5674.672846572041635227
5707.151876868766521511
5750.805341973787108145
5806.758853043054841692
5871.801513056130715995
5938.592608500683127204
5997.469549829500465421
0.000529503043522846
299.540891372313296870
540.409570641375694322
729.011639746283435670
872.236841310153977247
977.292556952996847031
1051.574757719089120656
1102.660310387482468286
1138.545301982969931487
1168.271976039470473552
1203.008090649588893939
1257.321424529233354406
1349.690203705471731155
1500.571338553280156702
1727.195662965759538565
2037.712181203174168331
2429.298613170720273047
2891.143056252622955071
3409.120832504963345855
3969.483231430688192631
4560.985094463008863386
4180.855760407137495349
3842.194105068456337904
3563.053486511454593710
3360.320478167053806828
3248.077251376583717501
3235.863861782983804005
3327.619571871079642733
3521.922842808756740851
3813.358856140918760502
4194.180711109743242559
4655.502566364453741699
5187.767133141084741510
5780.617354276249898248
6422.422525998128548963
7099.688755367088560888
7796.550752133587593562
8494.546204560019759811
9172.907365569866669830
9809.620781539711970254
10383.428867812204771326
10876.697042693893308751
11278.644927525225284626
11588.013470752299326705
11814.142517431724627386
11975.894172103966411669
12098.690819144674605923
12210.607929917236106121
11824.047885590749501716
11478.682650405004096683
11189.636881495553097920
10963.507394142685370753
10799.969118129552953178
10693.268986372031577048
10633.631931216423254227
10608.686397713496262440
10604.991658909075340489
10609.652217597982598818
10611.876212905170177692
10604.233266745897708461
10583.355469357018591836
10549.930688210759399226
10508.020505672060608049
10463.906583621368554304
10424.751275482560231467
10397.333951458216688479
10387.034761936976792640
10397.140227310799673432
10428.478111670892758411
10479.361018727440750808
10545.816719079903123202
10622.088715460549792624
10701.384903472668156610
10776.824856992499917396
10842.488688601453759475
10894.418742674648456159
10931.396673926399671473
10955.338046803339238977
10971.220201109204936074
10986.564102998567250324
11010.586114373450982384
11053.185248290765230195
11123.925333609911831445
11231.125739141009034938
11381.117607904316173517
11577.679447635218821233
11821.648968100917045376
12110.718007201467116829
12439.446151379328512121
12799.560078007165429881
13174.789987261814530939
12932.160352147309822612
12697.069035625247124699
12471.848621047312917653
12259.347967999388856697
12062.367165391960952547
11883.226867826668240014
11723.511560340723008267
11583.978349254295608262
11464.595508658645485411
11364.665051254427453387
11282.985199834542072495
11218.016781506712504779
11168.029017263415880734
11131.212405848460548441
11105.757348491993980133
11089.904960926369312801
11081.980063764318401809
11080.415756186770522618
11083.775357419181091245
11090.772956140515816514
11100.290135634140824550
11111.384969046730475384
11123.290223160049208673
11135.400172233727062121
11147.248238112159015145
11158.479716040479615913
11168.824446305119636236
11178.073603114493380417
11186.063249111564800842
11192.665600538539365516
11197.787661804975869018
11201.376116636261940585
11203.427129000983768492
11203.999716558331783745
11203.231427603441261454
11201.355051204951450927
11198.715007537153724115
11195.781912990221826476
11193.163620139977865620
11191.610756399195452104
11192.014394006191650988
11195.393020022180280648
11202.865640097281357157
11215.607964239792636363
11234.789551752137413132
11261.491847318255167920
11296.610104394751033396
11340.746024716248939512
11394.101697789077661582
11456.388338874032342574
11526.764335491590827587
11603.815626630112092244
11685.587033925452487892
11769.666271359241363825
11853.314122344689167221
11933.626765570872521494
12007.711848714037842001
12072.860337856407568324
1681.774122997934000523
