68.998183804058527357
69.553579231685503714
70.349724847243265913
71.129822876173150803
71.625681159817105481
71.875641276735748875
71.888285326468931657
71.861711865681883182
72.038248485889752715
72.467930513260881753
73.039114473891146417
73.662627512756699844
74.302568032467704029
74.860084480844506061
74.939845520957049985
74.300163593342887225
73.203750219527464083
72.375166592260228526
71.888389609907477507
71.205176491811116080
70.205306960294137752
69.222771102942473931
68.156424850531720949
66.767455803550163296
65.026927350000036654
62.738620433290563483
59.367939404075926291
54.840306472243625535
48.980289732655492685
41.625988296718787751
32.253829509144765098
21.718791551989312438
11.211850037488289900
1.349906247964099748
-8.135114746485271553
-17.251040524072521976
-25.544242379713580249
-32.930882276010351006
-39.960588204643755716
-46.603416728313931117
-52.406184423658089599
-56.763552447366095066
-59.838729660844393266
-61.955232508339292963
-63.647266615449041183
-65.249286355494604095
-66.573329133944668001
-67.165751183839859095
-66.981932800570518793
-66.219631271346941048
-64.694681475660360093
-61.694564773517583944
-57.323195060843289639
-51.635307354689416570
-45.331038741987441654
-39.107620017325132267
-33.532192708394205738
-28.564909177992262812
-23.394952959672593806
-16.978391985681838605
-9.638603047019358883
-2.418302171460339878
3.397270809346423448
7.663913854629328171
11.276028104535015473
15.438991753282067521
20.499068964422747285
26.175058942559786601
31.818320336793306069
36.799518981956794050
40.701302843645180474
43.402273803400163388
45.062606564620580230
46.061235908673324957
46.957563567013181682
48.103524312929465623
49.328737245206099260
50.019604569254113358
49.467006569979218966
47.292871283658087123
43.996273270431146329
40.821086839737290575
38.520961158177527750
36.691885826649581759
34.555998569861799297
31.466572964550437064
27.286917032848606368
22.450935358992381907
17.552157284231867607
12.892272913479303043
8.423040856389945930
4.138918716741102344
0.073584618249071809
-3.684860831729508845
-7.081508142536904415
-10.094894512145401677
-12.690678308662143081
-14.979228777878631718
-17.135993039292145568
-19.162476475389269126
-20.849396130115792403
-22.003307959521123394
-22.556586807505084380
-22.642161813709208218
-22.623000086052343249
-22.836768511074467369
-23.425953147527422971
-24.223287181111686550
-24.865522567908897145
-25.107432286691334866
-24.998221455246948608
-24.822342802223147373
-24.929605745230844605
-25.480108105095098381
-26.377781960040465492
-27.531833170516108567
-28.874877057101684841
-30.287147214520416583
-31.673768940430875318
-33.011339678843171441
-34.308381729326185905
-35.528818803947160632
-36.540516450251345759
-37.134996866077699451
-37.316667598140611517
-37.341480343866464864
-37.261834834114836212
-37.030142782309098948
-36.708606812129005448
-36.463343457635915001
-36.438748661537090356
-36.640726813644278081
-36.923404919300594429
-37.077254964957091943
-36.898778519523148134
-36.259315464041833366
-35.212047545966925099
-33.989776287680513178
-32.862592451942248317
-32.011427571904562228
-31.475830895936724119
-31.159844433416253651
-30.900729389013463333
-30.574843024122628776
-30.148430551411479428
-29.629626357075210308
-29.058382232548410684
-28.508576701786807917
-28.060290464114757469
