67.633079847060372458
68.565811123047780029
69.727529710770483007
70.824629922175034835
71.562462963113716796
71.945592958131484806
71.964136977348289292
71.898022570685284904
72.056353793607399894
72.507368446999862499
73.134034228388173915
73.834903572187712939
74.560036929622739876
75.190103395570346834
75.304257387749743202
74.653873302929611100
73.533553295783619319
72.720311893879696186
72.309294900765976877
71.746654232440619126
70.901372086576813558
70.095108301481658941
69.143523688011100603
67.695095737708228967
65.771401524775768621
63.261751871782138323
59.709211458991845234
55.155808696722758100
49.531584800117300915
42.624112682670030949
33.669190901352678225
23.290566220744793213
12.610482003328172596
2.317522948429797225
-7.726948144532116203
-17.409100057044412324
-26.193444011988475495
-33.958278533316899939
-41.249657449417185262
-48.054622137110499125
-53.945077368108997007
-58.340411187496016510
-61.424162830259263046
-63.534913341868644920
-65.217287832806675851
-66.812456136697647935
-68.136213861590135821
-68.736168672228160403
-68.566660357530167857
-67.822181382544641792
-66.313071421685606310
-63.319065840483091279
-58.934107602649191904
-53.200889756288347598
-46.805842811131611825
-40.431670147803629334
-34.631693780046077791
-29.355452228202977949
-23.788435033328624968
-16.894900409614677983
-9.023946583496581297
-1.266105657743850088
5.023424234496900453
9.617434521627899358
13.335543984180247890
17.346669289747040921
22.026011851442433453
27.193670915746224637
32.346565611851985977
36.985300032965454875
40.749635813351346769
43.487336343885829137
45.270162143755612760
46.390879784874726965
47.378291392834199769
48.604358385064102777
49.938161039863729229
50.781041521236005565
50.374079134269095448
48.286268650630631782
45.036295329570350532
41.883046403394985191
39.561759475854728407
37.687354414232061117
35.583603339512023922
32.701107369861148300
28.841835175443179651
24.265096136115005265
19.405997979730841507
14.503695949472671600
9.552682161746417933
4.648588247675434104
-0.068933259589869067
-4.429925194773431940
-8.328975153055978353
-11.722750540697518318
-14.576931769276939121
-17.015158824803108928
-19.230753088492406278
-21.241305801711632739
-22.849001178328819606
-23.867618024532646359
-24.234637871577547230
-24.088223510135435390
-23.797899132770112374
-23.709114408152515807
-23.972699058759246782
-24.430226423037652239
-24.729001907643635150
-24.638030937317353164
-24.225505016486579279
-23.798114639468963105
-23.726735638256116090
-24.185801004234292577
-25.083196150150968151
-26.321721891310744468
-27.819991780124382785
-29.440116987554006300
-31.067877116729391673
-32.661124146949987335
-34.211011878273723141
-35.665828778541936117
-36.880419602140193547
-37.637627898653420289
-37.938994652973917709
-38.043081635875694246
-38.008515699132999544
-37.795901166301177909
-37.476542661032624437
-37.225001017332431275
-37.190996171268579928
-37.380415781328395042
-37.641618658995014357
-37.755664505645142981
-37.510090405751668641
-36.772291251109777477
-35.599426136333534032
-34.235529058545807857
-32.964858533169149268
-31.979625691529690812
-31.323309048474413885
-30.895332528147662288
-30.522110804759336133
-30.067363469895212802
-29.487233010142233525
-28.784984547207784544
-28.001780846146630211
-27.217959311225968122
-26.523055219566174401
