30.254943803134722202
29.069476573164763522
27.725355762609865451
26.398807941806353483
25.104970154304567131
23.796983117518863082
22.411530171359203223
20.863156606618701971
19.075356422257243594
17.181659568363443213
15.285076317255260392
13.426570348670878730
11.623986705121268415
9.888310627535929598
8.235484883673706236
6.683935098419709675
5.223415785032699432
3.829391221766542230
2.486253366288650568
1.186372828148506642
-0.074120437771966863
-1.295805829726759839
-2.474155167205879025
-3.594900317985462834
-4.623301182015381983
-5.485947903701827499
-6.105055816330093421
-6.505893177499046942
-6.768639949040732517
-6.946316098181625875
-7.061518516882017593
-7.123087034009699892
-7.134223101081659024
-7.095809627078722315
-7.007777653447362809
-6.869521080991972894
-6.679552312614305265
-6.433980617241417121
-6.122587187911847195
-5.723719720821890178
-5.224081970127969043
-4.654378578370625519
-4.052425092690327801
-3.442985889780288744
-2.842559484431490091
-2.262926823864376047
-1.712503904206926109
-1.196928865602131964
-0.719514542466242801
-0.281757712601830690
0.116090668993308554
0.474445229897838772
0.793820752482076841
1.074322928151190126
1.315838397380076685
1.519414806790109651
1.687507376662637171
1.822438245595321860
1.925857094815029313
1.998919355567352341
2.042338612177104551
2.056258354556661061
2.039915936758973203
1.990934850877692952
1.903819144838166721
1.766646732184682378
1.554138204035837134
1.220368640729276422
0.728421392452332839
0.108438224580936549
-0.574790647953562939
-1.265488859427790658
-1.927561231348335014
-2.550943079802465263
-3.139275806309854033
-3.694830050336832983
-4.215481540703478913
-4.696273173406183332
-5.130585366194225116
-5.510734812488408352
-5.828307658862058815
-6.074327870905960935
-6.239177980186042305
-6.311960299604436386
-6.278596369370774255
-6.117652367995617624
-5.796089945320630932
-5.282378274163022525
-4.585581150011051932
-3.763944473721863915
-2.881650874572983412
-1.985524803952273487
-1.107199724586081402
-0.267361871469830703
0.521694209643754903
1.254129388009801005
1.928677176942017013
2.546874502230508597
3.111671384264468543
3.626593476366366531
4.095427863877091568
4.522233882913553771
4.911424302389974628
5.267723177036401694
5.595935538706953594
5.900589894860786444
6.185582416711952192
6.453946253348846085
6.707811886321735528
6.948552260426737348
7.177051299726798561
7.394010742840748662
7.600215212854351421
7.796696707122094949
7.984765220285908072
8.165897176398914326
8.341500508716421791
8.512609239071053935
8.679599761045011519
8.842052384802769893
8.998880283197962626
9.148786422608992552
9.290976764003829658
9.425886111381004184
9.555545828646216933
9.683248622077201162
9.812404559455416120
9.944881402976676554
10.079521506657584951
10.211727853904420726
10.334827507852992312
10.443221634278103238
10.536201881267174940
10.620305803776602716
10.708109345557943470
10.812863362955596358
10.940680055747691313
11.083864499526754344
11.219862738078631992
11.319612302739443521
11.364990239142741757
11.366924635333731430
11.370345788580664248
11.438953042183186426
11.624906054992351301
11.923588937811132382
12.188297790406522836
12.064053308776351514
11.318022990164848807
