3005.630303748106143757
2966.656696148128503410
2898.309472111192462762
2794.134606419370811636
2648.861601045331099158
2467.888526472898320208
2472.746773611212120159
2451.646536799793011596
2412.586249522477828577
2361.852750751653275074
2302.492255708499214961
2238.670357905095443130
2175.972947046584067721
2117.623315509210442542
2057.165144758212136367
1990.464562545683975259
1924.297964901622435718
1877.796940453684555905
1851.213888994605895277
1826.777034863708877310
1801.499069610063770597
1789.639111335911820788
1796.478756010023971612
1789.983302449214988883
1796.774299019768022845
1838.421857194629637888
1933.089560274362611381
2126.169907986822181556
2494.774227872525443672
3151.614227601608490659
4081.347706555589866184
5225.208622869585269655
6443.610786371038557263
7468.962706605966559437
8400.893652871454833075
9340.373000539397253306
10318.687941184547526063
11423.801988500663355808
12918.172200623583194101
14500.400535575901812990
16015.174929657800021232
16733.938684328411909519
17360.502025493620749330
17887.781526924940408207
18310.620807333514676429
18625.550221032164699864
18830.601435888522246387
18925.122260084943263792
18909.609090615580498707
18785.641745833680033684
18555.898589630472997669
18224.169062640674383147
17795.333792878602253040
17275.513284826214658096
16672.243548460257443367
15994.782795692111903918
15254.531827794462515158
14468.223922180597583065
13710.785243588999946951
12169.997768746763540548
10871.772835971452877857
9614.200412199148559012
8321.433493228605584591
6893.409888206415416789
5203.528598291041816992
3654.062476713456817379
2373.760469938570167869
1397.744181078879591951
720.572518198491593466
302.040621207052026875
82.076279023035098703
0.000000000000000000
0.000000000000000000
0.000000000000000000
0.000000000000000000
0.000000000000000000
0.000000000000000000
54.172084844076294985
140.689757965322513655
44.483299102620577514
0.000000000000000000
0.000000000000000000
0.000000000000000000
0.000000000000000000
0.000000000000000000
275.692893744532739220
730.544113382775776699
1357.576558888759109323
2077.189586268204038788
2743.480370429871982196
3336.875367991302027804
3924.881066043774808350
4506.947199950598587748
5087.703662347300451074
5667.592007241322789923
6249.172297224166868546
6831.659742306745101814
7364.262463577293601702
7797.166773046084017551
8108.369135158915923967
8305.827677066614342039
8409.560188771603861824
8449.499359864828875288
8453.988084230553795351
8413.224782798657543026
8322.153025925503243343
8176.123723276466080279
7995.050926046284075710
7822.506102795370679814
7689.447694404881985974
7597.167712004620625521
7532.019027798984097899
7467.207157987990285619
7265.827494020601079683
7082.534647452757781139
6918.528914851880472270
6767.206461060144647490
6640.762728094014164526
6542.803172330939560197
6468.108374787717366416
6404.052829520811428665
6346.672088063788578438
6287.074393842427525669
6261.356122488458822772
6290.340168822579471453
6277.148410422046254098
6254.019758938648010371
6234.957064542758416792
6213.490504496197900153
6169.414770024647623359
6085.831170631620807399
5960.325199841521680355
5811.180454609267144406
5654.230240135952044511
5504.270842341059505998
5385.260868788671359653
5298.195569232235357049
5216.797491125877058948
5120.882754733257570479
5001.874342139773943927
4860.624831290386282490
4709.994255644545773976
4570.356955671916693973
4458.439093679966390482
4367.369313623435118643
4301.656126487516303314
4260.269219211122617708
4238.361207174619266880
4223.711993738842465973
5682.566318323858467920
5671.018757364500743279
5635.838215229940942663
5590.225100246271722426
5544.678664366794691887
5489.335351083384011872
5543.192018705329246586
5576.393727974901594280
5586.615616453896109306
5577.051825402902977658
5556.885241077896353090
5533.204281053034719662
5509.936218135261697171
5493.258105642162263393
5501.990989874883780431
5546.361318773318089370
5613.271650077481353946
5666.289525210397187038
5699.180089792316721287
5736.822791838861121505
5783.530123218398330209
5819.622960945516751963
5844.212864649734910927
5813.346700328864244511
5812.072754343876113126
5834.761595123024562781
5893.894745316709304461
5972.504627294978490681
6013.428245355719809595
5899.774196874441258842
5692.579424493547776365
5478.682904450087335135
5435.496832163552426209
5926.614059823265961313
6728.023227576801218675
7616.814583788472191372
8487.809604677873721812
9153.979543515020850464
9159.046896218553229119
8959.919934706456842832
8789.011425535645685159
8661.280179502631654032
8581.716361590353699285
8554.519891380559784011
8583.238774922589072958
8670.736143222875398351
8819.161458678512644838
9029.924048651051634806
9303.666515517601510510
9640.236128543885570252
10038.652929843428864842
10497.073984860451673740
11012.754010810644103913
11582.003577723718990455
12200.147199886605449137
12861.481870876841639983
13559.105944327215183876
14280.356209660934837302
14922.733699031841752003
14740.563412591942324070
14184.538655373984511243
13612.478556451740587363
13189.606163301137712551
13128.488925604273390491
13692.119551451482038829
14305.819641402080378612
14882.304136461523739854
15407.342312795206453302
15875.849890803281596163
16283.979201276453750324
16629.080156185049418127
16909.604582908214069903
17124.963089752611267613
17275.366842492756404681
17361.632869765078794444
17384.993297632088797400
17346.943054892544751056
17249.138041313930443721
17093.348205260655959137
17214.050684393372648628
17280.181523626131820492
17293.503776555524382275
17256.090236647251003888
17170.508611429504526313
17040.079633805329649476
16871.536843731741100783
16677.971453893685975345
16491.901722309092292562
16408.137332183207035996
16577.431252333761221962
16971.668817724057589658
17443.481584860030125128
17932.937924354719143594
18380.746250168147525983
18744.174664130590826971
18990.201604231391684152
19101.974315961084357696
19136.776489662512176437
19158.203313216359674698
19199.602323748185881414
19259.730682248198718298
19324.577033767109242035
19369.476292700666817836
19373.435302485191641608
19365.571495531508844579
19369.780150117672747001
19409.827432234211300965
19477.919385924473317573
19535.301292862281115958
19558.069552916182146873
19558.365203089735587128
19564.954770034859393490
19620.520870044365437934
19645.008961584688222501
19703.880069417915365193
19795.376566327093314612
19924.826058071215811651
20070.985609488900081487
20221.649753354249696713
20374.567198422970250249
20536.255600890042842366
20702.012347258274530759
20873.824884538960759528
20996.849582027520227712
21036.904973690965562128
21111.851131865834759083
21175.521266243584250333
21206.454139103359921137
21210.706225740454101469
21213.124944774761388544
21235.407553075361647643
21281.678226660336804343
21330.438589788842364214
21364.135757697527878918
21367.272673761905025458
21313.250942719161685091
21205.389379124269908061
21082.281243002591509139
20974.878428507814533077
20899.251488749756390462
20859.231998124672827544
20843.020396952135342872
20828.907840558138559572
20799.570847279712324962
20767.587253791469265707
20730.484779813585191732
20692.020099916935578221
20659.298015186242992058
20646.498244561869796598
4114.722368052240199177
