3010.344081891757468838
2950.452118542780226562
2868.864523374254986265
2763.148255200141647947
2628.235797243698016246
2457.404082150035719678
2540.300882850425296056
2584.513181780452669045
2596.154242640626762295
2583.128071846933380584
2553.351453244283220556
2513.942955890278426523
2471.002958012845738267
2429.542588193982737721
2393.154295950364939927
2363.267818159709349857
2338.693940739894060243
2316.372653988678848691
2292.515683845747389569
2263.399692234695066873
2225.984974933960529597
2178.735540429374395899
2122.947034472183986509
2146.394158726680871041
2181.087695007157890359
2248.628117463470061921
2378.356495215178256331
2605.358263760884710791
2965.727744700058792660
3489.165885235633595585
4190.979691687339254713
5067.382325784440581629
6097.261055853507059510
7249.002320119623618666
8487.808280213730540709
9780.596022169238494826
11098.480431100417263224
12417.530842019310512114
13718.576882926532562124
14986.685478127954411320
16210.558423963002496748
16707.717894962494028732
17144.319248601597792003
17514.040865733855753206
17812.119592226539680269
18035.225245188707049238
18181.347139292869542260
18249.659498819008149439
18240.384694764376035891
18154.722220382889645407
17994.829074008281168062
17763.791585912200389430
17465.569286171754356474
17105.054764745644206414
16688.144442334491031943
16221.888715091314224992
15714.646652995206750347
15176.235654053305552225
14618.037728671788499923
12943.032844593148183776
11276.043893262551137013
9635.930624407392315334
8046.448276183526104433
6536.680982557816605549
5140.382888424235716229
3893.251797361911485496
2852.784498875638746540
2041.549104260620197238
1459.234428761473054692
1080.776844701604431975
863.786279928090834801
760.933045475233711841
730.293240684632337434
739.834649437696043606
767.542221332665349109
799.767361660482833940
829.244929257460739791
853.393561765854997248
873.031100452862915517
814.214423297404664481
760.217039271620933505
720.121198986141848764
707.059154965947413984
738.830416497468604575
837.939485585932970935
1029.423492368652432560
1335.270169712272036122
1766.719749543235820965
2318.862310768640782044
2970.692430591383526917
3689.996835836033369560
4440.144874297739079338
5186.276198341570307093
5898.962185019271601050
6555.563093780935560062
7140.121389109684059804
7642.619701935378543567
8057.956435556685391930
8385.066829160266934196
8626.200549878481979249
8786.230965898877911968
8871.980022004654529155
8891.708804732104908908
8854.707437663604650879
8770.947065330012264894
8650.781218282758345595
8504.582703222566124168
8342.357702782550404663
8173.374769462053336611
8005.874412104684779479
7846.858544170048844535
7701.922624633752093359
7575.141469526547552960
7443.216206371542284614
7333.030435306428444164
7244.379044448100103182
7175.991976855020766379
7125.760429857404233189
7090.977645141224456893
7068.548401963073047227
7055.169444177415243757
7047.488541515327597153
7042.249133164605154889
7036.416163079033140093
7027.272731681495315570
7012.486102623071928974
6990.206751343119321973
6959.108900405924032384
6918.410081909699329117
6867.878892182428899105
6807.827384724842886499
6739.074189386886246211
6662.871569951802484866
6580.801968283606584009
6494.664724565709548187
6406.360624210798050626
6317.782609993895675871
6230.719676477066968801
6146.768898296688348637
6067.263197444176512363
5993.227347508396633202
5925.367524081671035674
5864.092837399854033720
5809.558374683333568100
5761.714230085731287545
5720.344588232585010701
5685.097260922744681011
5655.494214963543527119
5630.924033534585760208
3858.849657575297442236
3950.696302686360468215
4046.625756126240048616
4146.471732783944389666
4249.987205912838362565
4356.841370089589872805
4466.614520328545950179
4578.794526730946927273
4692.775113145817158511
4807.856021302578483301
4923.245036325718501757
5038.061770812450049561
5151.343063983330466726
5262.049866581697642687
5369.075560322007731884
5471.255809956846860587
5567.380243139436061028
5656.206481382118909096
5736.477262237289323821
5806.941550198362165247
5866.380571984863308899
5913.639581592176000413
5947.665813917090417817
6040.275259026782805449
6117.973165044978486549
6180.222249461349747435
6226.777337589130183915
6257.740080381065126858
6273.608084083666653896
6275.314017235561550478
6264.250501308712955506
6242.277432430574663158
6211.709717358193302061
6175.285056157069448091
6136.113100434079569823
6097.608804206896820688
6063.413847318554871890
6037.310540888114701374
6023.132620872815095936
6024.676880527043067559
6045.618833034827730444
6089.434688816615562246
6159.331021560356020927
6258.182678805333125638
6388.478847540572132857
6552.276724397086582030
6751.161962545756978216
6986.214957298003355390
7257.982061344729117991
7566.450969510233335313
7911.029758154465525877
8290.529401348143437644
8703.150002325792229385
9146.471478399864281528
9617.450011859677033499
10112.422228809464286314
10627.119761521569671459
11156.697537789263151353
11695.779729258805673453
12238.527610036313490127
12778.733399078324509901
13309.943183645655153668
13825.609939673304324970
14319.274272856266179588
14784.765814336995390477
15216.410564393099775771
15612.637579743752212380
15969.694048553415996139
16284.724497229479311500
16555.818243236659327522
16781.993741073776618578
16963.120378020834323252
17099.789599941006599693
17193.154014567320700735
17244.756009599645039998
17256.366334605532756541
17229.848984836869931314
17167.063056911541934824
17069.805617280333535746
17225.250065453295974294
17349.382447272862918908
17443.631926238744199509
17509.478642506761389086
17548.537813041504705325
17562.654552693114965223
17553.996790596171194920
17525.131931302476004930
17479.073859244195773499
17419.290027922823355766
17349.663462416894617490
17274.410672042227815837
17197.962455682911240729
17124.819158531860011863
17059.394283256315247854
17005.860317270558880409
16968.008640393763926113
16949.132214154924440663
16951.936257113487954484
16978.478942321933573112
17030.141679743901477195
17107.626883862354588928
17210.980184042651671916
17339.633633581568574300
17492.466405267212394392
17667.879549699002382113
17863.881500513205537573
18078.181074418178468477
18308.284700830779911485
18551.594552336158812977
18805.504182473450782709
19067.488280863188265357
19335.183302003260905622
19606.455980116214050213
19651.409853062665206380
19696.685540629601746332
19741.235521054295531940
19784.354494082330347737
19825.652317061420035316
19865.017205972457304597
19902.572017802434857003
19938.626307794864260359
19973.626658036781009287
20008.107480329799727770
20042.644190510662156157
20077.810324934311211109
20114.139860934399621328
20152.095711356796527980
20192.045077122529619373
20234.242061670520342886
20278.817670612454094226
20325.777035636583605083
20375.003413711314351531
20426.268237640513689257
20479.246241767334140604
20533.534472087525500683
20588.673848520931642270
20644.171875731262844056
20699.525133319504675455
20754.240298093707679072
20807.852668787272705231
20859.941438938280043658
20910.141277371698379284
20958.150078393380681518
21003.733006772330554668
21046.723148445507831639
21087.019178457485395484
21124.580456547624635277
21159.420005091767961858
21191.609071795155614382
5384.375155573991833080
