29.833398377709386295
28.892723785532638203
27.704830496937631779
26.428777333614561940
25.109858262655961880
23.758300485008845726
22.358344443255504075
20.839299297981710879
19.110966368301404827
17.283490837169978249
15.441156700169869964
13.615409768477206853
11.822310875596485857
10.075567910461501242
8.395574095872433418
6.805266293227163032
5.298334416677676018
3.853638764602095534
2.458746858040058214
1.109275473358962927
-0.195253414064893605
-1.452078287832790693
-2.653786409107283362
-3.784149046606927413
-4.807755364905062834
-5.651962064437469735
-6.241083530119055922
-6.603506063449174235
-6.823112791910830310
-6.956755534653012774
-7.030594662374738846
-7.056478955916333007
-7.039904759311923499
-6.983286453244460290
-6.887346788959689547
-6.751585709224173115
-6.573986740515124438
-6.349527522579506922
-6.066275339566061575
-5.700316536750023033
-5.235631787673327153
-4.699911686865817728
-4.127939362427099468
-3.541787217504662522
-2.955990340031519281
-2.381420833891752409
-1.826806330411187673
-1.299257673293254811
-0.804435915258665091
-0.346618309536893321
0.071219573325834062
0.447240649984138372
0.780445363838055073
1.070246127985512885
1.316582457237018389
1.521121866882424456
1.687286393704397369
1.818503831706721030
1.917503120394655980
1.986377418517349724
2.026561715823191889
2.038654946850471106
2.022050101909542263
1.974211635162646417
1.889189877936530593
1.754390874529462963
1.543791622874351788
1.210853813545952562
0.718379065557741114
0.096677286288496589
-0.588867959651395267
-1.281622159271449846
-1.944598350189409075
-2.567031928460380641
-3.152225243741128224
-3.702565283283490771
-4.216520345499930045
-4.690151703078697665
-5.118160125849328779
-5.494284866988834892
-5.811366420850163195
-6.061195460085031073
-6.234113114570078551
-6.318136703550777611
-6.297038932721051196
-6.146520634854226728
-5.830762769564017844
-5.316645255130822534
-4.613726907165926150
-3.782804082840556248
-2.891461146183559094
-1.989107428613237971
-1.108186686438386914
-0.268679460471048515
0.518382860110079946
1.248164975726780312
1.919901633652756345
2.535351891928939949
3.097741590253747290
3.611073054265858673
4.079688726098453344
4.508000087028676717
4.900319609610704674
5.260755239776443659
5.593142809019070683
5.901002510761344411
6.187512262043071587
6.455494560241703539
6.707415234532732029
6.945393047190805191
7.171218968512391712
7.386383524321928462
7.592110181844958561
7.789392443601172999
7.979032235188299182
8.161677326782779573
8.337855873956328878
8.508006646361906178
8.672504078520319126
8.831677818493318455
8.985826950656132794
9.135229450008552021
9.280147680833465529
9.420830877486110921
9.557515541406047532
9.690424607277378755
9.819766056941091392
9.945731482832343318
10.068494897061185611
10.188211907639953324
10.305019240954095494
10.419034482709179201
10.530355864687351186
10.639061908147823488
10.745210764152062666
10.848839151171404183
10.949960861888257568
11.048564888634587078
11.144613301284664431
11.238039059133882347
11.328744014138919738
11.416597431729570644
11.501435533658110444
11.583062961245218503
11.661257800604801105
11.735782919719440542
11.806407205679931849
11.872938929109096762
11.935267352627477067
