29.083626935518253731
28.384251225635182436
27.325765758927104798
26.119345823268872664
24.852148507773392794
23.539701792585063345
22.159020839290064941
20.643211991754398582
18.913947800158737778
17.092513351502034880
15.271761838036567838
13.490192108656486880
11.769367867392077187
10.127066968466067465
8.586933104515367177
7.173052191682131706
5.873658554121419684
4.650556878658903770
3.461174805859428716
2.263067830983032991
1.023129894600060652
-0.266654595769779235
-1.581903938627874595
-2.872774671687409409
-4.070109039915223548
-5.076667971843079386
-5.802531972940926153
-6.269934765127572973
-6.562149371475669568
-6.739158204814117425
-6.832816510739263549
-6.862367204080243255
-6.841661345410898321
-6.781756078018389644
-6.691687260362130019
-6.578371862025562677
-6.445796937602381149
-6.293067112891861825
-6.110110094086564914
-5.872319692800488156
-5.560281499302590191
-5.195602268028693516
-4.804496405553322802
-4.398425635362826824
-3.980029623504378833
-3.548124812247721138
-3.100660093768738079
-2.636772971738082560
-2.158218119852222117
-1.670065529384146430
-1.180589562362712286
-0.700479857664333849
-0.241711838566317283
0.183582419428660160
0.564614563267866743
0.894183692044578038
1.169345027839455042
1.389923812770206268
1.557759006006051550
1.676483510752746042
1.751071272438906590
1.787152382328599742
1.790110557770731248
1.763830099636692239
1.708689629012695832
1.617817624210374561
1.469802054029486271
1.221137331157279959
0.835723122954391329
0.342879427765609535
-0.194981308241949591
-0.725833479430662010
-1.218443170927258734
-1.668395425393754294
-2.085414188213547959
-2.477945905105116253
-2.849887536964644141
-3.202058389820109596
-3.533437818424147281
-3.841899208157741441
-4.124604009705223007
-4.378027974082158380
-4.597465117212379937
-4.775689247357888689
-4.900120609721255960
-4.947603730704088321
-4.879210654095885502
-4.652827031806680225
-4.262499580676319511
-3.748313464727402788
-3.155394000728023229
-2.513349660898654747
-1.840935920350062815
-1.151843101888346155
-0.457448534265239459
0.232326161328870739
0.909007556329328281
1.565797998722132434
2.197686201216725976
2.801261231606616775
3.374228184819969556
3.914819932267903368
4.421403619619809433
4.892471377618278439
5.326948841086675657
5.724579171371203756
6.086163588518076040
6.413576049088248965
6.709587637126560367
6.977584801714840523
7.221261824065805968
7.444342861337617023
7.650362509049870141
7.842513768114230288
8.023559719992249484
8.195798692756824266
8.361070334411152771
8.520790168985769242
8.676001706679471681
8.827437201750910845
8.975580265507716149
9.120725470038820504
9.263031721265548413
9.402567513127877419
9.539347199503936281
9.673358194357774664
9.804579544373723365
9.932992692548140212
10.058585473907157848
10.181350519334415594
10.301279309911905102
10.418353156454202235
10.532532410698649983
10.643745242887945324
10.751877372773151365
10.856764206125774308
10.958186885532370525
11.055873792358511309
11.149508982461725282
11.238748816059541014
11.323247587612002008
11.402692093195213374
11.476843633985481574
11.545583713434695028
11.608956432540367132
11.667196598995332124
11.720729428158080054
11.770129537450429780
11.816039304500748131
