29.889401640851602338
29.027585415171046179
27.855396426522759157
26.555677675086599265
25.193627255866772430
23.792279575728770169
22.343281945200331506
20.779969696765078879
19.014192020446685660
17.157041362310835098
15.293188441624252505
13.454233285614151328
11.656344756367388982
9.913374334428368684
8.245891090528289169
6.676962506692802890
5.200219634803858071
3.794070850228990821
2.444986939677960436
1.146563776969713899
-0.104887693286542572
-1.311177515083869594
-2.470745270007881800
-3.573918714878857372
-4.591214357359916676
-5.453245113399276534
-6.082985997114064958
-6.502526894485981757
-6.786405661294878655
-6.982186547347083660
-7.109228816414997709
-7.175790638832495461
-7.186272674711943864
-7.143268071402445685
-7.048061479500887572
-6.900862613195300810
-6.700776310808038261
-6.444694396693336103
-6.123550077251195489
-5.717037813376691702
-5.212985186676604599
-4.642581331900657915
-4.043291853708268491
-3.438802423678282594
-2.844140441934541741
-2.269642574777805066
-1.722664780324947742
-1.208369911974472188
-0.730192682659634329
-0.290201871099895925
0.110565064941482660
0.471761399646624113
0.793341115407741881
1.075127959778626519
1.316991837265277354
1.520155077833038604
1.687345830420923676
1.821178225968679953
1.923564195736446436
1.995871586651531970
2.038971691153790289
2.053105834807212204
2.037535368430752669
1.989814267051855268
1.904271347822259486
1.768715123159552149
1.557547610769233870
1.224549965875411317
0.732618768334532433
0.111879254267961414
-0.572704206227541590
-1.265020581300774438
-1.928551186815980145
-2.552811938887572296
-3.141120250290924787
-3.695588583722610565
-4.214137365000823365
-4.692056102588878730
-5.123137159409026253
-5.500209256022372983
-5.815384315645701463
-6.060124416606157638
-6.225054787169995052
-6.299233484264220806
-6.268218818775409318
-6.109972543844833126
-5.790815975166395901
-5.278812371148376315
-4.583033076206049827
-3.762061898400304472
-2.880396281817695581
-1.984790912899995874
-1.106405231879477924
-0.265443823021058734
0.525792940457705527
1.260800465871085407
1.937291183043242881
2.555992259762462027
3.119706398316566265
3.632545649855273950
4.099304116817393151
4.524976985665972506
4.914432332752937782
5.272218203721450891
5.602469067002061820
5.908872660733663906
6.194666260444734007
6.462644292725713058
6.715172526718276913
6.954213277225562706
7.181367032210118850
7.397929244694239515
7.604953466125436989
7.803310047078610978
7.993733500270451486
8.176857000365259864
8.353235982096890666
8.523363881682172405
8.687682739640877116
8.846590608076780882
9.000447002853235290
9.149577140273208897
9.294275377394143334
9.434808095304219933
9.571416156410492704
9.704317016443638977
9.833706530628120390
9.959760484982069784
10.082635866117669821
10.202471877211706897
10.319390702352308153
10.433498009387307093
10.544883181525932514
10.653619255370841756
10.759762532471853547
10.863351831119871349
10.964407329303782035
11.062928953541813826
11.158894282887587224
11.252255969918252276
11.342938787766144060
11.430836600392609625
11.515809921883175093
11.597685344641462279
11.676258970927449354
11.751306857389579363
11.822605566410942401
11.889963722599532048
11.953259929611419921
