29.344606067008342620
28.615461840256926962
27.578773661721641020
26.391541263354426405
25.107219778325188031
23.751964311836147203
22.329608821099611760
20.787967240652335477
19.049657329436143982
17.229620952640530618
15.409990327776668551
13.615507300242114752
11.853201276766583305
10.128387517161797859
8.457533391910288856
6.866002870062743568
5.354097896782207044
3.907568139883153435
2.518600944687989340
1.184488541183753796
-0.096187051685035385
-1.323631731750282370
-2.494878501383965386
-3.599073045270216653
-4.606312001452778304
-5.448316907860231595
-6.051096618120510584
-6.441206616601760970
-6.697782686083940007
-6.871686571463072823
-6.983472456489749902
-7.040699325705503497
-7.046176883932105284
-7.001171602198297705
-6.906609938153110306
-6.763346936426387401
-6.571680590545184941
-6.329631858038425207
-6.028670614002322736
-5.648056146451210680
-5.174021914941931755
-4.635176176078516619
-4.066012577205214029
-3.487584091634175820
-2.913125752511177780
-2.352183551096942438
-1.812231525687167277
-1.299227786821802511
-0.817796263726165762
-0.371317015633565006
0.037954038954495672
0.408674536056565785
0.740060860340804538
1.031404320484170967
1.282132497051094333
1.492986793659184741
1.666087638462158793
1.803293626469042010
1.905654547093064366
1.973664773834116204
2.007460892801645969
2.006889888601648408
1.971390661615686213
1.899480590171037875
1.787357029242343742
1.625526152472161812
1.391559410687307263
1.042262516764310476
0.542766631885911011
-0.075662496407886692
-0.747785339779255764
-1.417525758567705907
-2.048237381666922374
-2.629025988371125777
-3.162759921143816655
-3.651512276979133276
-4.094041253544020265
-4.487712889358817847
-4.829840051839227044
-5.118256834158984248
-5.351444943418840694
-5.528314091629795257
-5.647537160066349315
-5.706095365543035314
-5.696298205344731969
-5.600278896543215978
-5.384313035018436722
-5.010786877784312310
-4.477066682746567494
-3.825398889116684131
-3.102534393721583683
-2.339986104072409034
-1.559082072994726786
-0.776476596896912952
-0.006250009211100860
0.739810669581260072
1.452456830449762037
2.125152065412464708
2.753987196031403073
3.337333279925815077
3.875316472865932838
4.369251746489908328
4.821179308446687628
5.233582548075531804
5.609263812817516737
5.951291780380017826
6.262944174761798877
6.547616573018075314
6.808706107373836858
7.049492547970942269
7.273036124162814531
7.482102675856424412
7.679118791288885859
7.866154430650851737
8.044927975390152142
8.216827884486519906
8.382945401009550324
8.544113519864907857
8.700948372183518131
8.853890099847461670
9.003241136450611748
9.149200517308372582
9.291893416062094957
9.431395570179319066
9.567752601312378147
9.700994507171856185
9.831145772256832061
9.958231671560923814
10.082281399298835822
10.203328678279007136
10.321410492118275215
10.436564542867870387
10.548825988241446794
10.658223942047555965
10.764778151200971479
10.868496192647057796
10.969371454152650358
11.067382090211282275
11.162491077134575335
11.254647414133074790
11.343788470535400847
11.429843428007075090
11.512737751945763875
11.592398650015866224
11.668761511848202872
11.741777339130408109
11.811421024025406723
11.877699804041981224
11.940660312139925736
