29.553470097437880781
28.762760252036031261
27.615891502821284575
26.332235086785615863
25.003891540265385629
23.650924594754926034
22.251689468830591068
20.736512501418403076
19.023576825609012531
17.230630374399780180
15.442273507281555567
13.680246994585161247
11.942825771829063797
10.225738661508557925
8.542154653767113359
6.922871797191874066
5.377351436109108818
3.898100354867011674
2.479732636982504346
1.118946015930049498
-0.187213435887258584
-1.439755599883341119
-2.634783787371020480
-3.758491315498957874
-4.776515686204078293
-5.615997663902817294
-6.200125280555312202
-6.555731463938883508
-6.765232210700219184
-6.884547899673293614
-6.939754437807124532
-6.943600500053349833
-6.903434400977971563
-6.824301411449994248
-6.710056159757925798
-6.563481899162013633
-6.385603138265253165
-6.173782489259423301
-5.917410246414675612
-5.592475257874610861
-5.181187998266665318
-4.707728539646495847
-4.201830295596323595
-3.679505806251853528
-3.149063057347234462
-2.616001373915565864
-2.085472195939928497
-1.563378843557217124
-1.056573055964662444
-0.572450959635858680
-0.118280772872566331
0.299420349159220223
0.675225249073946543
1.004791606065452925
1.285184767221835500
1.516121320597790145
1.699932250070673945
1.839698357921349725
1.938418406441741126
1.998960357595137793
2.023955928937454019
2.015569470120198048
1.975094774825834065
1.902200194956975565
1.793386581650935341
1.638650025564970747
1.414521666728177252
1.076745119712001042
0.589881141945852505
-0.014714293947861279
-0.671397161302706991
-1.324011953282621334
-1.936671492628619262
-2.500192885349576954
-3.019816886945335455
-3.500133901860664309
-3.942042371043697813
-4.344292433605829729
-4.704627374786923610
-5.020295493119505181
-5.288174223981911837
-5.504560153076454299
-5.664534387244430036
-5.760629953351070753
-5.780186219784383184
-5.700516943168793205
-5.484274515332458577
-5.092635085062596545
-4.525037326790567249
-3.828973036806530672
-3.058307580095544154
-2.251612593173064170
-1.435660025229253733
-0.630317176340270180
0.149185495145957248
0.891524089652932616
1.589147548315622771
2.238192389566791007
2.838121324635181963
3.390942725082737752
3.900091909751097319
4.369284917329963491
4.801737097629313666
5.199957797990151676
5.566008697432494046
5.901916361751631257
6.209973536021919926
6.492830235607470968
6.753410046788275167
6.994736860981106474
7.219748193664202063
7.431141672533556175
7.631273732762053896
7.822111222924092999
8.005227095429120254
8.181827967694573545
8.352801492816041673
8.518773331452166531
8.680165945662110971
8.837253804816157299
8.990211660696445506
9.139154186059784024
9.284166495895988191
9.425325930426396326
9.562716019266360945
9.696433853907819866
9.826592192340939391
9.953317606116769412
10.076745856413765523
10.197015528215985114
10.314260773568975083
10.428603842189062334
10.540147946646442279
10.648970895569590311
10.755119867470313011
10.858607663084967498
10.959410762875791079
11.057469508411372772
11.152690715222092877
11.244952958831220258
11.334114677321707632
11.420025023318174817
11.502537092278942055
11.581522717680343249
11.656887441719987919
11.728583650062688548
11.796619420009932355
11.861060782919935264
11.922026350421646157
