68.889779565704202469
69.334972355437173519
70.019129976822767958
70.688062775040137353
71.093296736909849187
71.317215672416580219
71.386202180792935224
71.476840529088590870
71.780399169513003699
72.320522692576332702
72.979628294738148497
73.668693554532978851
74.351111937035483379
74.927949157159190463
75.009108542857646285
74.354824371408739125
73.215545778024022638
72.287019738059143492
71.623761472437905695
70.678376383083687529
69.307099600363784475
67.848772665279511784
66.435201656026777073
65.269688558340206441
64.078945347783786701
62.442934527701275726
59.758117736555185218
55.888976821877761836
50.532821064355900376
43.399015010274126780
34.034956744382014904
23.522345480097087034
13.141154438162558904
3.446610741844935433
-5.922648364585597847
-15.034394182813286989
-23.456104987016487939
-31.095623397697067958
-38.474951268183275488
-45.528791903707599431
-51.771088341747429240
-56.570605288953856871
-60.070856102609894833
-62.579263101840609806
-64.615583276958801662
-66.500708240527018233
-68.034008031248419002
-68.750332148390214115
-68.594985061663919623
-67.757345427760697021
-66.046939908754438875
-62.747637514592639718
-57.963456874469244440
-51.754494265101811834
-44.833622980138585490
-37.920777566122438884
-31.618353425682528268
-25.935683379090448852
-20.123088983522023909
-13.202012155995504372
-5.551845991008150349
1.752696387238216857
7.426779580644819134
11.356370274912421792
14.477891166059407624
18.015852244170957874
22.285761160642721279
26.945492011223592499
31.329720547973636258
34.943340524909189071
37.656258220339026366
39.572214965270632092
40.873890485369145154
41.835089130714521843
42.908672702984858915
44.380538003962783478
46.041954923339233119
47.230637459751562801
47.152984727002433374
45.376454603766745777
42.426111285146248520
39.583125883389953970
37.592175697443678928
36.020186156366776231
34.085436821167490962
31.160991968935860541
27.101274159533573993
22.334494731391430378
17.476866033108933607
12.860636901132068033
8.454619946388731933
4.251933207585636865
0.274099268733834833
-3.404974849764130340
-6.741877270342001793
-9.722322871666563060
-12.314531024993982555
-14.627164610110980902
-16.830565587587727805
-18.918966556672103252
-20.674965194707112914
-21.897308093357480629
-22.511712671705083721
-22.646080329081144100
-22.660129939407511301
-22.889998845754746526
-23.478248006560647809
-24.259231218430272747
-24.872853754977256813
-25.078482331038856046
-24.931006504430399673
-24.720892700955459986
-24.803114770342119755
-25.340842986715927054
-26.238373637378742842
-27.402997585320520102
-28.764240491535815636
-30.199119302086842254
-31.610015748425439597
-32.971467296455273299
-34.290643898364976394
-35.530771330262609808
-36.559526075120800215
-37.168486799603840609
-37.362098925337761557
-37.396269951433907863
-37.323374296020062957
-37.095840633795091890
-36.775851516830869059
-36.529467687905196271
-36.501145213405834511
-36.697151992861961389
-36.972352853506720294
-37.118223285734302408
-36.932278439851017993
-36.286560880943511620
-35.234403855140101314
-34.008226340049930059
-32.877504112179281037
-32.022722244928786495
-31.483430579455045972
-31.164158457936082414
-30.902940304257981552
-30.576862326073296572
-30.152574099311948430
-29.638149129449175234
-29.072975001630197767
-28.529938440421744872
-28.087971406754945747
