1615.586135930072487099
1492.020056247401498695
1363.166576961836653936
1253.294546006055725229
1152.710887927712747114
1043.518552410095480809
997.202290542384389482
929.242324099522193137
850.598398890071280221
769.107593401268331945
686.467884504916014521
604.252847992489137141
526.731801458060544974
460.188259218260100170
405.991755859142188001
363.813806246864658078
328.966467387476143358
302.607811792872098522
273.584649551123391120
230.159521284663100005
229.907639745310177659
540.450146790660369334
1703.106079470753911664
603.410284437317272932
334.598878884771579578
398.907723790136287789
543.435587751569414650
721.821805713143021421
954.594796355656285414
1295.629349771605802744
1730.669892605855693546
2400.116799276828714937
3446.435608245103594527
4884.295669492679735413
6640.778690149623798789
8596.991241657957289135
10651.078754195492365398
12700.787063223990116967
14643.973544570082594873
16418.456983450774714584
17993.207034144365024986
19489.953632757951709209
20776.542336101159889949
21841.390200149715383304
22677.506592270598048344
23285.930880661464470904
23684.711529826276091626
23900.540324333109310828
23943.691968313611141639
23811.091872424760367721
23507.801565702531661373
23058.285752948388108052
22451.671453216062218416
21682.544118638419604395
20720.217822979418997420
19538.274519441554730292
18115.934785963974718470
16455.002512491584639065
14589.942786948513457901
12582.450148415306102834
10459.705853405534071499
8247.618851527549850289
5982.444649259553443699
3765.048629071460709383
1758.426446847120132588
1428.126365037030836902
324.415901441050266385
0.000000050813325645
0.000000000000000003
0.000000000000000000
0.000000000000000000
0.000000000000000000
0.000000000000000000
0.000000000000000000
0.000000000000000000
0.000000000000000000
0.000000000000000003
0.000000089233512048
95.665298060199489782
0.666641153755905602
0.000000026239344720
0.000000017868345411
0.055236699968672573
0.797522918426977534
51.237623824948087758
190.095878227708396935
458.654694204948327751
962.703070810687449921
1787.471794521053197968
2923.951128330710616865
4249.670288253521903243
5657.544419789178391511
7036.357108832632548001
8320.754392327342429780
9459.589685350554645993
10416.874985950587870320
11196.375999798490738613
11786.947591489446494961
12173.430949346113266074
12362.200116976504432387
12389.742844553651593742
12280.904992777925144765
12056.994555954976021894
11736.830154842211413779
11306.780641832991022966
10773.306313601349756937
10149.945985061171086272
9478.269623542710178299
8823.650348340017444571
8236.515089964501385111
7733.530765543858251476
7310.830398966395478055
6945.058191345859086141
6633.895956196048246056
6387.493863320470154576
6196.789255344378034351
6044.043144759557435464
5930.899448147441944457
5851.891843641195009695
5794.608513150285943993
5741.149009149635276117
5684.040128898772309185
5612.433215501624545141
5561.884363401923110359
5553.845751483098865720
5492.653840344546551933
5412.672482967226642359
5330.327822266188377398
5241.512493530043684586
5128.048766393047117162
4974.572952942591655301
4779.645775606190909457
4562.036241840941329428
4337.765492703740164870
4121.903822259656408278
3939.145242351903107192
3791.819710080961613130
3655.408076501949835801
3511.326428038897574879
3351.629274418114164291
3176.180287918324211205
2995.077639044452098460
2824.705970182218152331
2677.818729975661881326
2545.272183256951393560
2432.623954930131731089
2344.039827183255965792
2283.193752549055261625
2246.416798324885348848
5278.431301293299839017
5200.923705826294280996
5112.909942298347232281
5045.932887369594936899
5007.888486953282153991
4974.607294434357754653
4976.763485206655786897
4959.167470211036743422
4921.106504284600305255
4866.351660601530966233
4802.857292314281039580
4735.768116400023245660
4667.942827842099177360
4607.548212839416009956
4579.730921260847935628
4599.199968022498069331
4646.024278363182020257
4671.266682968572240497
4661.704554604008080787
4646.529783601120470848
4667.807611403329246968
4861.159985332194992225
5549.052836718214166467
4543.116544468608481111
4026.184205689312875620
3701.846450343527067162
3437.631946322535441141
3188.967186821796985896
2962.016646024724650488
2787.907492220712811104
2887.602425446824327082
3279.656530749207377085
3909.000688704859385325
4761.524085384894533490
5808.380886395923880627
7006.309291727814525075
8266.378150814820401138
9526.507749600146780722
10771.196697820065310225
11971.801817905243296991
13095.524032144840020919
13902.213027233210596023
14586.357691067458290490
15169.500330679993567173
15678.734073185391025618
16136.122714116305360221
16540.033723281725542620
16873.553178722922893940
17139.725855488679371774
17353.834839080343954265
17508.924922240901651094
17559.307150149579683784
17509.333550815463240724
17350.032211425223067636
17110.787856398314033868
16816.065486141516885255
16487.872457322038826533
16124.062106583569402574
15688.363960439030051930
15126.367971554005634971
14473.202421688387403265
13810.666344911838677945
13258.156074995269591454
12892.571167289306686143
12753.714272530491143698
10850.353100545469715144
11062.520424057778654969
11731.791838560220639920
12537.068120872114377562
13258.920495450849557528
13919.713401470677126781
14537.572647669090656564
15119.130691721520634019
15663.205484539661483723
16113.149976158418212435
16420.540023856869083829
16604.843324945362837752
16742.079753372283448698
16997.278614338796614902
17329.905715489079739200
17841.656564762066409457
18249.263368842261115788
18392.731723096749192337
18395.786244277656805934
18367.759699889982584864
18401.400767203889699886
18562.484024380126356846
18889.932410963781876490
19390.588361140395136317
20045.170699824204348261
20839.627278875603224151
21682.261826810219645267
22505.028583646981132915
23235.223931652926694369
23839.780254072702518897
24313.580997982800909085
24634.308296618401072919
24820.348224566598219099
24907.440809980715130223
24909.672680624171334784
24804.895694394472229760
24586.453918953950051218
24254.335797520547203021
23816.359190037306689192
23328.329827905094134621
22827.709976426813227590
22349.646585840091574937
21898.022742835590179311
21447.049792426263593370
20985.728582756899413653
20536.627533654784201644
20134.898115874268114567
19825.104828470291977283
19757.505855737756064627
19759.137989447513973573
19820.531660671073041158
19938.735663908541027922
20084.714906842131313169
20239.605428499435220147
20395.916193075638148002
20556.365084489734726958
20713.760913401663856348
20868.744328891407349147
20965.993545062377961585
20971.604260128573514521
21004.719752488155791070
21020.557835607854940463
20999.336542725621256977
20948.890326511711464263
20895.678219215889839688
20862.598141191443573916
20854.473024455437553115
20850.073084385061520152
20831.940708370886568446
20784.776373603599495254
20682.535801568490569480
20529.559242202787572751
20365.712103524398116861
20223.045338372172409436
20118.039723082114505814
20053.791671657847473398
20016.477870255555899348
19981.445586418507446069
19928.414495774504757719
19868.247849156432494055
19799.159182034720288357
19728.613418387230922235
19669.873970759632356931
19643.476933386864402564
3180.402064415261975228
