6466.438178975186019670
6486.236435845557934954
6506.034692715928940743
6525.832949586300856026
6545.631206456672771310
6565.429463327044686594
6585.227720197415692382
6605.025977067787607666
6624.824233938159522950
6644.622490808531438233
6664.420747678902444022
6684.219004549274359306
6704.017261419646274589
6723.815518290018189873
6743.613775160389195662
6763.412032030761110946
6783.210288901133026229
7076.102555370365735143
7613.891744402887525212
8151.680933435411134269
8689.470122467933833832
9227.259311500456533395
9765.048500532979232958
10302.837689565500113531
10840.626878598022813094
10992.964340410000659176
10992.964340410000659176
10992.964340410000659176
10992.964340410000659176
10992.964340410000659176
10992.964340410000659176
10992.964340410000659176
10992.964340410000659176
10992.964340410000659176
10992.964340410000659176
10992.964340410000659176
10992.964340410000659176
10992.964340410000659176
10992.964340410000659176
10992.964340410000659176
10992.964340410000659176
10992.964340410000659176
10992.964340410000659176
10992.964340410000659176
10992.964340410000659176
10992.964340410000659176
10992.964340410000659176
10992.964340410000659176
10992.964340410000659176
10992.964340410000659176
10992.964340410000659176
10992.964340410000659176
10992.964340410000659176
10992.964340410000659176
10992.964340410000659176
10992.964340410000659176
10992.964340410000659176
10992.964340410000659176
10992.964340410000659176
10992.964340410000659176
10992.964340410000659176
10992.964340410000659176
10992.964340410000659176
10992.964340410000659176
10992.964340410000659176
10992.964340410000659176
10992.964340410000659176
10992.964340410000659176
10992.964340410000659176
10992.964340410000659176
10992.964340410000659176
10992.964340410000659176
10992.964340410000659176
10992.964340410000659176
10992.964340410000659176
10992.964340410000659176
10992.964340410000659176
10992.964340410000659176
10992.964340410000659176
10992.964340410000659176
10992.964340410000659176
10992.964340410000659176
10992.964340410000659176
10992.964340410000659176
10992.964340410000659176
10992.964340410000659176
10992.964340410000659176
10992.964340410000659176
10992.964340410000659176
10992.964340410000659176
10992.964340410000659176
10992.964340410000659176
10992.964340410000659176
10992.964340410000659176
10992.964340410000659176
10992.964340410000659176
10992.964340410000659176
10992.964340410000659176
10992.964340410000659176
10992.964340410000659176
10992.964340410000659176
10992.964340410000659176
10992.964340410000659176
10992.964340410000659176
10992.964340410000659176
10992.964340410000659176
10992.964340410000659176
10992.964340410000659176
10992.964340410000659176
10992.964340410000659176
10992.964340410000659176
10992.964340410000659176
10992.964340410000659176
10992.964340410000659176
10992.964340410000659176
10992.964340410000659176
10992.964340410000659176
10992.964340410000659176
10992.964340410000659176
10992.964340410000659176
10992.964340410000659176
10992.964340410000659176
10992.964340410000659176
10992.964340410000659176
10992.964340410000659176
10992.964340410000659176
10992.964340410000659176
10992.964340410000659176
10992.964340410000659176
10992.964340410000659176
10992.964340410000659176
10992.964340410000659176
10992.964340410000659176
10992.964340410000659176
10992.964340410000659176
10992.964340410000659176
10992.964340410000659176
10992.964340410000659176
10992.964340410000659176
10992.964340410000659176
10992.964340410000659176
10992.964340410000659176
10992.964340410000659176
10992.964340410000659176
10992.964340410000659176
10992.964340410000659176
10992.964340410000659176
10992.964340410000659176
10992.964340410000659176
