29.755408557301564088
28.965823253967073470
27.862371118455811825
26.606531263758441241
25.255116768443272690
23.839328281300254275
22.366106544942894629
20.781654182836078348
19.005650860171030558
17.152518516344400723
15.306022456208808080
13.492644181240905255
11.720287635198218368
9.994435810164816303
8.331324843167067229
6.755410536185507908
5.264745091068903093
3.841365561384151306
2.472974662482528174
1.152599417824831107
-0.124324599695370352
-1.359303413368337488
-2.548309412101275484
-3.676937163122175889
-4.709795837117297879
-5.572637117248348204
-6.187022241315816018
-6.578009513300571598
-6.826078977739172160
-6.984985833898463170
-7.078398194051459313
-7.116507897377402969
-7.104131118682062151
-7.044004267429357924
-6.938078466435825931
-6.787787297316100421
-6.593474489155539686
-6.352579560228804212
-6.055394860278568103
-5.679677938694965178
-5.210272009219295342
-4.674777530082366184
-4.106952686214043524
-3.527124975719175382
-2.947764354179781776
-2.377855773705618958
-1.824862029974411826
-1.295487751517214292
-0.795807320126613149
-0.331074689581953407
0.094532043624525386
0.478040273295505358
0.817566583177779194
1.111965078794867168
1.360934876736763499
1.566166688866189816
1.731295732502076135
1.860077206546662865
1.955613053725613781
2.020358614739166114
2.056059449228115454
2.063550790683706282
2.042384115382901655
1.990118235085105880
1.900858193121280237
1.762048590422779171
1.547697280663498987
1.211276681921390264
0.715561251060449877
0.090806617434054715
-0.597623929529731868
-1.292989606829621607
-1.957996641037937025
-2.581362842807834568
-3.165730132627544435
-3.712808943589692490
-4.220522143564920725
-4.684648890482947081
-5.099970813449544949
-5.460739997124392175
-5.760789331446460437
-5.993407945566474382
-6.150926610958492802
-6.223742021180356687
-6.198141052265015105
-6.051996219350456840
-5.750605967278573871
-5.260121850174186875
-4.587066092681254759
-3.787280866685506453
-2.922877686960646315
-2.039072990048140355
-1.166592966770110706
-0.326236158180392977
0.468435815180498594
1.209455893211298871
1.893263264038921534
2.519721636495802386
3.091224144971903343
3.611823038674657482
4.086392033068818819
4.519909035226532978
4.916978774060510204
5.281651273099612354
5.617473751405356097
5.927640581017783461
6.215123762931284546
6.482732722891768162
6.733108248795531381
6.968679392207036472
7.191612434144474264
7.403771666684150432
7.606701594130072408
7.801632440460139151
7.989505993693285291
8.171016279631771795
8.346658673078195534
8.516781289794153054
8.681633463313687571
8.841407457143020565
8.996271086220758662
9.146390384270830509
9.291942717989627454
9.433121708405963091
9.570135917420401483
9.703203499447596414
9.832544933083994465
9.958375623348189265
10.080899668166125593
10.200305511377052881
10.316763633418617019
10.430425920924704997
10.541425970002336499
10.649879337705385751
10.755882688301426242
10.859510906787079421
10.960811549719693403
11.059796471222199443
11.156431065263888058
11.250622229373931305
11.342206848190613755
11.430943193335394881
11.516508116482526702
11.598503242039811312
11.676473559953393533
11.749941770756066717
11.818460668043002215
11.881681555747519496
11.939426608706753541
