66.879764431100056754
67.974413168426039533
69.160486863024914328
70.161838397777529508
70.856893990089062640
71.298845606527436303
71.115229942275846042
71.044420546801973160
71.406665548726550696
72.112892643059410602
72.962662086311254939
73.837410180821379413
74.691707553277581155
75.401669070021682728
75.530055804770086070
74.819718056405150719
73.578760482759292927
72.609537496075105878
72.034730172498029788
71.338045493029582644
70.444991004996836637
69.726555570614934254
68.943103073717367124
67.647604519112832122
66.079097942440398583
64.267303984770762781
61.738589377531695845
58.408334672131161369
53.951531531537639808
47.803923890603812197
38.940822806698591307
28.025671355519023109
16.410765963731336115
5.015883876066226321
-6.138977478744038763
-16.850602094282834287
-26.542321952118101080
-35.080329108009379979
-43.014459098097063361
-50.343157211477233659
-56.652353534184413775
-61.375248128035082118
-64.707665661496690745
-66.998648050729912029
-68.801661369423413817
-70.465372015527606209
-71.811847882442066293
-72.393685778513656714
-72.168772074069636346
-71.333532628987711632
-69.698511129114223195
-66.541902221951829688
-61.954488131795699246
-55.974475993764087889
-49.282944962397067457
-42.556918723080173095
-36.344124305253330931
-30.588630812487792809
-24.470202221967980449
-16.946795265950441944
-8.361509020743454812
0.197266407446733183
7.365023359199113884
12.881267747752218611
17.491652584067963971
22.236262318599074206
27.315320042797253564
32.389445670216588269
36.916482967244718338
40.535416782810926861
43.136070399348170668
44.800679403458133265
45.741631812953301051
46.296029569827538808
46.974729639895599576
48.102341405526715334
49.487522624052388664
50.458628026095368568
50.177557851190670135
48.182348793152584676
45.057783754588029979
42.163974888268114682
40.298921194588416483
39.074633028038647353
37.733161014924633037
35.562665537959503581
32.156440571896297342
27.601542486915548125
22.284528406362426267
16.538234380435028470
10.530944227151167070
4.532042940975372858
-1.190239606259808625
-6.389748343419057619
-10.926308399387323789
-14.749381076956865400
-17.834097098246388668
-20.323026555869773802
-22.433558911545731007
-24.209966640804282179
-25.482257167334523729
-26.092255819896990943
-26.005037735516737030
-25.385286726126253143
-24.627304548261861328
-24.098796857552315487
-23.969428273671098850
-24.095199236889811800
-24.132468639328067184
-23.853204203129394045
-23.322388065031873339
-22.838373705015840187
-22.760956438121354495
-23.253769236814321175
-24.216231868385193593
-25.545052703285307416
-27.153847480602223641
-28.899639913689384230
-30.662606672676645303
-32.394660383986661145
-34.081086848942277356
-35.664758429506946413
-36.995813248325248423
-37.853234495137485283
-38.235605104696333001
-38.399448588298355389
-38.402280984545541287
-38.204532721912698889
-37.878279625083621340
-37.599792346517460828
-37.521399486955317570
-37.652404256764441470
-37.845229483514856383
-37.885417268654919098
-37.565111009028782973
-36.756098280130004241
-35.519371136807592393
-34.101926064736460376
-32.789884496851129825
-31.776112618876709348
-31.103570437566304463
-30.670163577172274927
-30.300072240554243308
-29.854408411921497191
-29.286676734450225013
-28.597763263065814954
-27.826912877986046624
-27.053121140885878049
-26.365206940495568233
