64.960552040590869183
66.226319931412334086
67.598882808846212811
68.586880539039526639
68.970533122877426990
69.048301365133340823
69.403584349443093515
69.743085810386062917
70.084415414580604420
70.482717594729592747
70.909859848965211881
71.347504616190491333
71.804294821882308497
72.205248618480965206
72.164068065206635083
71.448063172839383128
70.344131686140713100
69.590855690219001417
69.169127850830449233
68.225308133872061944
66.348190668586127572
63.999235731376060698
62.140033106830848908
61.985019369335468298
61.853595261160215557
60.609069033870085264
57.647276875220583747
53.076855152701995166
47.040750119857804634
39.662695526708986904
30.501533895617811254
20.352317529225572912
10.353323559278976518
1.138587646855143021
-7.504153262002745350
-15.539067306697120330
-22.508411963284146395
-28.365100649114992848
-33.724450171811668042
-38.635639650199607331
-42.724258353709757330
-45.454282906872663261
-47.045019659626234443
-47.863096307843306931
-48.474949567107501025
-49.238666655857656451
-49.982928719323808764
-50.264525178102616110
-50.043199185714655641
-49.514784332697956870
-48.486583505082933243
-46.230703019527794595
-42.828831846167503272
-38.306947678685759229
-33.330589795737836312
-28.557620047495163362
-24.512471196329869372
-21.111110735018087325
-17.499710223409238097
-12.596712567160523122
-6.699984390430756775
-0.848251539512972386
3.646272497816681835
6.582134270423182443
8.799178625767382300
11.514500181765555453
15.147964536549068271
19.437195039824700871
23.643131945789633619
27.058842902535587882
29.376267322322433984
30.718692366597394994
31.377136444092570855
31.711055595954690034
32.224731458824038555
33.230459661818571249
34.528511308169527183
35.467269036768954038
35.322022374832783953
33.738887743925090490
31.187083091444861793
28.910709655757869996
27.699359661214714379
27.200633335899283338
26.696019650950233881
25.485564422130494222
23.166289576142190754
19.881761721974754664
16.080332180555359400
12.082151349139394370
7.963158101298006386
3.866080543288035187
-0.057326971067709565
-3.646855999779120339
-6.816723824251994301
-9.545549170757055890
-11.819301912120067755
-13.778425542121340186
-15.628871305677364489
-17.396162928775424916
-18.884638661915801094
-19.902966533398625870
-20.375275435026196647
-20.418634966422928301
-20.376133649944449644
-20.565346692620494196
-21.112121252246936365
-21.839442646995223640
-22.384337361885400242
-22.514278647996889049
-22.304103196928167563
-22.073163222029677399
-22.205281660901960095
-22.879209681639451901
-23.993166960601968185
-25.430617903141978786
-27.091035788747717561
-28.824804505133499788
-30.515224925267602885
-32.125556076874659084
-33.658294208442100626
-35.077160061435847638
-36.253825429165885907
-36.985126581598080975
-37.279841291830393857
-37.396674262787144016
-37.390013747936507116
-37.213611273381218325
-36.929542317591312894
-36.702389088785992044
-36.675264070254343096
-36.855227595464043588
-37.101180999726977916
-37.211416017164367531
-36.991111816744080443
-36.317830124752504162
-35.245487212468958660
-34.001763582038051936
-32.848861077973595002
-31.961562615096283935
-31.378398114867025015
-31.008444888060353151
-30.698226603579257699
-30.334087599866506935
-29.890214160251730391
-29.379713726422892250
-28.844202317122665136
-28.355697540335143003
-27.989458814325530511
