29.574151893917658640
28.876190474360612370
27.810646871692156878
26.565902516858315607
25.220729977480104367
23.813850922798138754
22.350875148783501345
20.775677546706958765
19.006595857375444325
17.157137492106613763
15.310868048162902255
13.495431097443173485
11.721106107425299570
9.995806160722082723
8.336586518603382956
6.766401122344262831
5.280609797313871923
3.859106415995569250
2.488919068813572721
1.163866994454764381
-0.118818671125580977
-1.358446648769444209
-2.548967031784741266
-3.674567235724310876
-4.699276230999089421
-5.549043184738053469
-6.146175357818350449
-6.516790459460310103
-6.742628459767502136
-6.878888978427937673
-6.950840864647517492
-6.970334008306139140
-6.943752384843861591
-6.875165408803553646
-6.767517335363265829
-6.622839772070790332
-6.441664718896021213
-6.221216566282464555
-5.951174999858125148
-5.608277437829201517
-5.175912169377426153
-4.679762752534600168
-4.151222108385042020
-3.607922934525390701
-3.059602111172694094
-2.512940949276298852
-1.974037130212991542
-1.449475655842832111
-0.946389674145336812
-0.471880164039419014
-0.032261635713496162
0.367475498324012051
0.723779159788648485
1.034246625986696699
1.297679663105725467
1.515123175702683511
1.689704784059131271
1.824727081654202721
1.922861381028440064
1.986177740898710908
2.016156091831277308
2.013595820912854606
1.978365282036577355
1.908799857508284958
1.800300803393639626
1.642114129685609214
1.410450566214166201
1.061200948775734787
0.559538050758078498
-0.062142446172174459
-0.736796577359172034
-1.406610784441085116
-2.033927106419383790
-2.607869644308721035
-3.132283334730971092
-3.610868477126473408
-4.044281322331613637
-4.431707345656917596
-4.771911559582861173
-5.063576130913020279
-5.305227309759175114
-5.494854187546479807
-5.629148580046376082
-5.702087987213928955
-5.702232521386036979
-5.607852071864869004
-5.382264776534839257
-4.987015227747491508
-4.421626207923026186
-3.733416054783617710
-2.975850680122903213
-2.186907208842910677
-1.392594264385991210
-0.611857107087445229
0.141178797549827095
0.856542578576551250
1.528360960405564128
2.154787473794840480
2.737496052327657026
3.280533928995737369
3.788668973770910497
4.265751148066925680
4.713751773201693140
5.132824813694497834
5.522155816083540003
5.881015123958690083
6.209522993692871751
6.508948404600403137
6.781616345093226528
7.030594005801447111
7.259311456568838139
7.471217535808193588
7.669518805536114314
7.857012718502517146
8.036005648388879763
8.208297682905055126
8.375214400799563919
8.537667794134165433
8.696231876532920069
8.851222104212894237
9.002771003291286434
9.150895118381981774
9.295550569312325706
9.436676180336206698
9.574224381279577756
9.708180944330166540
9.838575134448234394
9.965482089777964347
10.089019229733281691
10.209338292591070285
10.326614290692560871
10.441032307164192616
10.552772741371626353
10.661995374486195942
10.768822556375937438
10.873321933755988766
10.975489447484221728
11.075233815702063112
11.172364320186346731
11.266584306320709175
11.357493267932397885
11.444600486931847172
11.527352731545249753
11.605177242729865839
11.677538932276661399
11.744007252276446707
11.804323669911212846
11.858455811831646542
11.906621473954771773
