11198.321510563406263827
11231.142025511677275063
11265.064928253390462487
11298.721483047964284196
11330.353518251984496601
11357.875744764472983661
11378.980898078032623744
11391.275685144584713271
11392.432226814697060036
11380.358181404655624647
11353.328850310112102306
11310.105194674746599048
11250.026374791837952216
11173.073993071988297743
11079.906120908966840943
10971.858973434151266702
10850.909442448582922225
10719.607372593824038631
10580.965262333349528490
10438.300992195598155377
10295.038097583106718957
10154.471242880692443578
10019.512364403535684687
9892.441212628691573627
9774.690327568356224219
9666.695981895663862815
9567.841213865838653874
9476.531006194667497766
9390.311893113166661351
9306.083365407173914718
9220.382967460249346914
9129.694590433651683270
9030.747509975015418604
8920.780901281417754944
8797.757417451102810446
8660.517164509277790785
8508.868605371044395724
8343.615513134438515408
8166.519979296837846050
7980.202041739704327483
7787.978118136177727138
7593.642576195122273930
7401.219368032591773954
7214.676497425651177764
7037.641147208703841898
6873.146500100409866718
6723.440465336635497806
6589.879289531451831863
6472.916311996214062674
6372.180879357646517747
6286.628591115191738936
6214.734988421098023537
6154.702156083148111065
6104.651043061337077233
6062.779675766258151270
6027.476402398699065088
5997.385811370385454211
5971.431287072552549944
5948.802887276874571398
5928.921263822410764988
5911.388561846923039411
5895.936074516035660054
5882.376291750554628379
5870.564270723230947624
5860.370369198686603340
5851.663725586942746304
5844.303839681274439499
5838.136537371967278887
5832.990678640279838874
5828.673077439011649403
5824.961333738516259473
5821.596450676809581637
5818.278481229278440878
5814.668953461383352987
5810.403651496843849600
5805.117598208904382773
5798.481131336403450405
5790.243377014545330894
5780.276819167144822131
5768.614928920633246889
5755.474349837735644542
5741.254278524709661724
5726.508608554482634645
5711.891017238844142412
5698.078919959357335756
5685.687971687748358818
5675.192912204920503427
5666.871257010621775407
5660.785360840455723519
5656.801690264175704215
5655.300808234456781065
5655.808967189861505176
5657.854398269296325452
5661.048878034490371647
5665.133197623744308657
5669.981776108174926776
5675.572667259060835931
5681.936582565796015842
5689.100978424879940576
5697.043190298329136567
5705.661646699235461710
5714.768328032499084657
5724.100517308947019046
5733.346502363949184655
5742.178471808957510802
5750.286080154216506344
5757.405459371062534046
5763.340235045820918458
5767.972923676089521905
5771.266674870899805683
5773.258553486809432798
5774.046391834511268826
5773.771679240981939074
5772.601022095135704149
5770.708450806322616700
5768.260352402751777845
5765.404167911013246339
5762.261326112647111586
5758.924284250982054800
5755.457087239734391915
5751.898571091425765189
5748.267225307933586009
5744.566768227092325105
5740.791634640083429986
5736.931782061432386399
5732.976448702072957531
5728.916708224447575049
5724.746845564497562009
5720.464709002430936380
5716.071278894274655613
5711.569734944489937334
5706.964309151908310014
5702.259190118583319418
5697.457702896474074805
5692.561934468290019140
5687.572909514989987656
5682.491349631293815037
5677.318969811108217982
5672.060182547572367184
5666.723992130636361253
5661.325777729732180887
5655.888589965572464280
5650.443537391060090158
5645.028841865228969255
5639.687232241588390025
5634.461580909203803458
5629.389127122683930793
5624.495274509718910849
5619.788602795409133250
6150.585926707736689423
6152.206207496325077955
6154.254796783515303105
6156.817538141063778312
6159.984893711037329922
6163.849315305879827065
6168.502071454136967077
6174.029674552873075299
6180.510106870997333317
6188.009084650076147227
6196.576620921617177373
6206.244147136034371215
6217.022431282307479705
6228.900486935544904554
6241.845607567830484186
6255.804587058983997849
6270.706105953884616611
6286.464178775522668730
6302.982476256639529311
6320.159263633313457831
6337.892638371147768339
6356.085713400462736899
6374.651380403624898463
6393.516305002275657898
6412.623853088669420686
6431.935723073205736000
6451.432156826115715376
6471.110714830946562870
6490.983717356064516935
6511.074562527287525882
6531.413222215173846052
6552.031279688570066355
6572.956902623079258774
6594.210139939514192520
6615.798892564946072525
6637.715842115364466736
6659.936534740752904327
6682.418719026364669844
6705.102936049339405145
6727.914264825886675681
6750.765045115429529687
6773.558337699490039086
6796.191843394949501089
6818.561988312926587241
6840.567893295982685231
6862.114977763833849167
6883.117997727457805013
6903.503379037712875288
6923.210773172468179837
6942.193828109163405315
6960.420224776657960319
6977.871076248351528193
6994.539818868533075147
7010.430741268098245200
7025.557299249999232416
7039.940353607783436019
7053.606447876061793067
7066.586216520882771874
7078.912985588082847244
7090.621599700672049948
7101.747484780475133448
7112.325935973539344559
7122.391606042174316826
7131.978160819831828121
7141.118064547154972388
7149.842457988260321144
7158.181095181705131836
7166.162309244893549476
7173.812983134487694770
7181.158507169874610554
7188.222711110817726876
7195.027764701977503137
7201.594046842502393702
7207.939989846307071275
7214.081911446397498366
7220.033852670687338104
7225.807443972347755334
7231.411823813017690554
7236.853633076552796410
7242.137104225440452865
7247.264256405403102690
7252.235197187478661363
7257.048519541581299563
7261.701770744925852341
7266.191960201891561155
7270.516067188771557994
7274.671508723307852051
7278.656532615669675579
7282.470510221007316431
7286.114116441167425364
7289.613741443517028529
7292.972267752615152858
7296.193637571148428833
7299.282725677549933607
7302.245195462965057231
7305.087356476557033602
7307.816035218068464019
7310.438463399067586579
7312.962181417252395477
7315.394950340590185078
7317.744663910345479962
7320.019252974513619847
7322.226577588820873643
7324.374306230964066344
7326.469785554352711188
7328.519907837580831256
7330.530985243775830895
7332.508640694347377575
7334.457724084429173672
7336.382260304318151611
7338.285432473391665553
7340.169600473330319801
7342.036351617530272051
7343.886577858254895546
7345.720572088534936483
7347.538135457941280038
7349.338687636175563966
7351.121372913944469474
7352.885156412124160852
7354.628906488996108237
7356.351461148409725865
7358.051677918168024917
7359.728468120736579294
7361.380817354990540480
7363.007794643507622823
7364.608552958161453716
7366.182323757350786764
7367.728407780106863356
7369.246163988631451502
7370.734998081634330447
7372.194351407807516807
7373.623690866636025021
7375.022500042983665480
7376.390271715724338719
7377.726501778602141712
7379.030684802090036101
7380.302311459669908800
7381.540868212602617859
7382.745839725950645516
7383.916714447095728246
7385.052993748299741128
7386.154204654277236841
7387.219915959813988593
7388.249756982328108279
7389.243437886811079807
7390.200770041595205839
7391.121684668196394341
7392.006248016903555254
7392.854671630022494355
7447.123510879938294238
