2681.864985812273516785
2812.638517471564682637
2966.541256914807945577
3059.680118201580171444
3244.325926385945422226
3371.530068210433455533
3495.106199467620626820
3626.052487169501091557
3686.754834376147755393
3746.357753722450979694
3798.468840225921667297
3836.045621579115504574
3853.540375284374476905
3848.841869642166784615
3859.258029877501940064
3959.278352511753837462
4265.183225743249749939
4518.891932561036810512
4703.028999459731494426
4829.932266554393208935
4909.480180713710069540
4948.359358173681357584
4949.968244777523977973
4914.792187733087303059
4852.281352199801403913
4905.436626802395949198
5103.475939519621533691
5347.158438134416428511
5583.025464277845458128
5806.839529767587009701
6016.179835265742440242
6208.029471674727574282
6379.653220610412063252
6534.768020498641817539
6690.861977105196274351
6872.223808536147771520
7089.122570238267144305
7334.200503210176066204
7598.609966894765420875
7877.696821234086201002
8205.384434254321604385
8205.867185353645254509
7970.913558111622478464
7795.003474344166534138
7679.314012519485004304
7615.773110575567443448
7594.899491928729730716
7606.919790355827899475
7642.778620865827178932
7694.920579498473671265
7757.785241874705207010
7828.015457832626452728
7904.412944339504065283
7987.687794090332317865
8080.036217665264302923
8183.785550835455069318
8287.223909015114259091
8342.621096705246600322
8353.433279613893319038
8348.752965759802464163
8341.155099327559582889
8335.082039446824637707
8331.897336774587529362
8331.466394661376398290
8332.859124975819213432
8334.943372371468285564
8336.816364570730002015
8337.876814638691939763
8266.195558966381213395
8172.140439465006238606
8090.804981085661893303
8115.611775547894467309
8258.013234114538136055
8359.555612075193494093
8408.549382439417968271
8402.314191172023129184
8571.438686696406875853
8684.095581901661716984
8741.644054667949603754
8746.274131325380949420
8701.048112500522620394
8609.975019838471780531
8478.110261264828295680
8311.667749050100610475
8118.123390629773894034
7906.276943817063511233
7686.224924101272335974
7469.291515297216392355
7378.256094508409660193
8306.985450395704901894
8247.210024064675963018
8142.279189538097853074
7779.463398943568790855
7467.878051352600778046
7224.661857079245237401
7048.944340202285275154
6935.302979272031734581
6874.582356792241625953
6855.114211477867684152
6864.083787122292960703
6888.747365261970116990
6958.077142004860434099
7010.938838270223641302
7031.778952761223990819
7040.819978229103980993
7045.648737093874842685
7047.225680882452252263
7045.674214244791073725
7041.082341559550513921
7033.604946291829946858
7023.473396607445465634
7010.983158138486032840
6996.467224404067565047
6980.264601579323425540
6962.695013470248341036
6944.044804485615713929
6924.562378168569011905
6904.459145220480422722
6883.912671474844501063
6863.070163134723770781
6842.051533757618017262
6820.951944136764723225
6799.844017832789177191
6778.780018782657862175
6757.794216821840564080
6736.905543861344085599
6716.120530694804074301
6695.436453466809325619
6674.844612515030348732
6654.333699244482886570
6633.893251095227242331
6613.517231058739525906
6593.207780987799196737
6572.979179468019538035
6552.861981224786177336
6532.907223182975030795
6513.190454879834760504
6493.815194711143703898
6474.915247672885925567
6456.655175383873938699
6439.228123847758070042
6422.850226174205999996
6407.750933940066715877
6394.158916202824912034
6382.283671034402686928
6372.293875307373127725
6364.294943683066776430
6358.310209259688235761
6354.271723149443459988
6525.847337102041819890
6523.864850368516272283
6526.842345150965229550
6554.840824924533990270
6659.603334572170751926
6790.014745624519491685
6933.258460428355647309
7084.366719379792812106
7256.232091514120838838
7429.268639859672475723
7599.691460281796025811
7763.929418526035078685
7918.723966851849581872
8061.184662806967935467
8198.580399340313306311
8297.489034686126615270
8334.535904898719309131
8368.587515512412210228
8406.489206755501072621
8448.231183547659384203
8493.704209608638848295
8755.167693823812442133
9020.065726409429771593
9288.196932746663151192
9556.876072925726475660
9794.245460472830018261
9993.030857868125167442
10174.144071301983785816
10349.216672432494306122
10519.841694385375376442
10687.761344175471094786
10855.301499707795301219
11025.066605755910131847
11198.478760102174419444
11374.064641862461940036
11548.808196882260745042
11722.455314753695347463
11898.104104603586165467
12078.601795988188314368
12265.277868434939591680
12450.551618822617456317
12620.027983058083918877
12848.016108927562527242
13070.392964737733564107
13285.837056200103688752
13494.655467475413388456
13697.281596494007317233
13894.236040458778006723
13897.969125760133465519
13897.175697114869763027
13892.362057550066310796
13883.939464230343219242
13872.214882427160773659
13857.393894703980549821
13839.597679524276827578
13819.066651157656451687
13799.122903927971492521
13790.824911014498866280
13794.103786820132881985
13803.246350300447375048
13815.942584329590317793
13831.436176752977189608
13849.412766263549201540
13869.657715979648855864
13891.921858140016411198
13915.825708836589910788
13940.808683946808741894
13966.160993795441754628
14006.528779377587852650
14050.157714553819459979
14088.603461978214909323
14100.896852872640010901
14083.938706122424264322
14071.539116834361266228
14065.938546119616148644
14067.499188899044384016
14076.430111264024162665
14092.791656337223685114
14116.491160808098356938
14147.280420213781326311
14184.755049065957791754
14228.356251198807512992
14277.375896832340004039
14330.966105757155673928
14388.154677068059754674
14447.867603564787714276
14508.959496341123667662
14570.228954629159488832
14606.597520482093386818
14426.579113956771834637
14388.140545833390206099
14372.481749285598198185
14397.409028846688670455
14420.387069911001162836
14439.419645661431786721
14454.583584805324790068
14466.137975546185771236
14474.488583055990602588
14480.154282463145136717
14483.729988727680392913
14485.850969544584586401
14487.276326475968744489
14489.911893453192533343
14495.310591221399590722
14500.228302109560900135
14503.333015786813120940
14504.365882898768177256
14503.310974286903729080
14500.256049496369087137
14495.351760012044906034
14488.786341401986646815
14480.766737010759243276
14471.505345036943253945
14461.211056796686534653
14450.082782850669900654
14438.304400803330281633
14426.040923963326349622
14413.436007946633253596
14400.610832248692531721
14387.664226388016686542
14374.673798307087054127
14361.697780102073011221
14348.777313213182424079
14335.938935499607396196
14323.197093243048584554
14310.556568100753793260
14298.014771067415495054
14285.563905840672305203
14273.193038638230063953
14260.890133232023799792
14248.644118833195534535
14236.447056975755913300
14224.296460939964163117
14212.197797164415533189
14200.167161573252087692
14188.234072846993512940
14176.444258767716746661
14164.862228731275536120
14153.573325145422131754
14142.684829691792401718
14132.325573624155367725
14122.643383578346401919
14113.799629219072812703
14105.960204695935317432
14099.282601754364804947
14093.899487190985382767
14089.900527641566441162
14087.316020875317917671
14086.107461681780478102
1562.041082087046106608
