727.747902820568242532
556.066642400703358362
427.952886474376668957
336.977031484584188092
274.476510094643231241
244.451699158401908107
142.360184641023863605
73.057836423868309339
33.563520704672889394
15.902900615794585804
8.137937490318332578
4.280616352053066009
2.555684107527952609
2.205196283197156770
1.982415574527390811
1.387508096804022317
0.751855548227512660
1.008873515235847007
6.441395683332321376
58.033346794258314105
209.828651616704831895
503.248189639530210115
969.094239551948248845
671.695640211809291031
550.632386005095895598
588.297568597783651967
770.989911916809091963
1124.004424752871955207
1683.435548847809059225
2481.980318126615657093
3427.632761764928545745
4535.848437609039137897
5832.474576567223266466
7275.626179301634692820
8802.891226460686084465
10349.991638926980158431
11886.058696837601019070
13377.105831193683115998
14777.053736805413791444
16064.972115257076438866
17237.501505614556663204
18091.423122978008905193
18840.547199455781083088
19471.062069466490356717
19969.676871035899239359
20328.713444188142602798
20556.533478071774879936
20670.989841298211104004
20676.178769433216075413
20566.607972208286810201
20348.696294884670351166
20051.243451996095245704
19669.963164896995294839
19207.794963658416236285
18643.478497113192133838
17960.061097600206267089
17144.938408797974261688
16205.126736560530844145
15175.262333880527876318
13381.575887812219662010
11557.741236835627205437
9697.505558437351282919
7791.452850166078860639
5879.212184940255610854
4046.161022268770921073
3508.220504494620854530
2075.072264381567492819
998.391379507264900894
306.654793414915388894
1.521501194531196033
0.000000000004283898
0.000000000000000000
0.000000000000000000
0.000000000000000000
0.000000000000000000
0.000000000000000000
0.000000000000000000
0.112658446122825148
206.646811815328561579
1.313549916688797614
0.000000000000000000
0.000000000000000000
0.000000000000000000
0.000000000000000000
0.000000000000000000
0.000009771188631806
193.852990661641001680
582.110543142304550202
1152.724382656152329218
1870.194584020750880882
2652.925870387012764695
3465.437333138398571464
4264.785139613585670304
5034.787780065277729591
5752.745932799275578873
6394.715519726092679775
6965.531180843730908236
7448.787207776058494346
7821.173368838156420679
8080.170799428669852205
8253.694579201719534467
8358.659095035947757424
8408.027714582605767646
8410.437774018977506785
8339.227017489718491561
8184.456358271844692354
7940.141270393955892359
7626.152495131670548290
7285.716639701870008139
6949.010442149457048799
6616.788528039268385328
6275.484764513094887661
5899.087606203514042136
5818.216794060042957426
5723.492820144416327821
5618.598973977981586359
5499.969719248308138049
5383.254849196494433272
5275.720652587514450715
5175.795878570682361897
5074.303936371167765174
4970.406871252606833878
4857.945760905526185525
4775.421846428989738342
4745.693881105908076279
4673.241682090430003882
4591.646551996895141201
4515.938514301898976555
4440.349601294632520876
4345.106500847765346407
4213.559490940835530637
4043.404022554230323294
3852.914592189508766751
3657.780286267010524170
3472.577325380076217698
3321.035146904988778260
3203.939290948995676445
3094.865854214031060110
2973.514002803708535794
2831.128699896877151332
2668.272826665384400258
2497.424493423171497852
2338.564994623346137814
2208.143978728070578654
2099.276425004386965156
2016.874873420073981833
1960.761515668340507546
1927.207668540301256144
1904.795682621859214123
5241.429848122218572826
5113.429895315295652836
5002.641135619367560139
4922.636263235537626315
4881.987605483619518054
4869.656733067082313937
4811.749351661572291050
4765.730008064071625995
4722.571240282852158998
4676.700702436155552277
4628.073196773036215745
4577.454665224257951195
4524.211512887141907413
4472.362770014091438497
4445.440495008410834998
4457.937436746105049679
4492.956788929433969315
4501.479798814767491422
4479.659881287758253166
4488.403596745355571329
4566.957564137277586269
4713.886844295879200217
4952.037853568580430874
4645.515336006380493927
4437.796392598558668396
4316.494912474294324056
4292.201110775788947649
4362.275619194553655689
4541.452159428630693583
4847.643803565222697216
5455.048473655376255920
6307.425199585328300600
7279.799497666792376549
8323.821640671658315114
9416.225856452663720120
10545.461529751259149634
11663.915285868019054760
12749.069137904187300592
13817.582157869017464691
14864.014381839133420726
15870.551179324067561538
16402.160764502514211927
16857.447999614705622662
17254.983931029168161331
17616.594347703099629143
17957.896129363081854535
18270.578887711872084765
18531.855926080210338114
18740.674360560769855510
18910.573329356506292243
19035.273617250597453676
19071.911642954510170966
19029.581563234867644496
18905.621667576233448926
18736.830588561875629239
18555.454472697212622734
18390.760886294083320536
18246.262734744657791452
18088.451136520725412993
17428.169496680431620916
16723.389268535713199526
16039.375071967029725784
15470.857305000441556331
15060.695672483179805567
14804.834065140988968778
12910.647359331409461447
12660.718858258795080474
12569.230879969078159775
12673.655917482405129704
12997.325397326107122353
13504.071208679122719332
13991.898218160606120364
14468.246810027701940271
14933.525771752081709565
15332.288385651469070581
15616.814551767985904007
15806.710114621606408036
15977.714527738795368350
16375.675087833955331007
16571.267090658056986285
17048.988704205770773115
17448.119891288082726533
17605.638773402119113598
17642.782772450809716247
17630.677318462137918686
17631.639842586977465544
17821.704137030312267598
18160.443738039746676804
18581.090573944005882367
19042.819119301275350153
19559.572693991547566839
20090.164476705849665450
20614.448285793121613096
21093.406173073119134642
21512.333085265767294914
21872.478970923970337026
22150.062863264891348081
22357.771341711744753411
22524.044284669256740017
22655.718115193747507874
22724.285713925801246660
22717.913952931237872690
22631.629624343113391660
22467.231933069448132301
22272.550203399012389127
22074.585881226856145076
21895.629577166153467260
21724.954995208350737812
21521.659490389454731485
21260.837290114275674568
20954.146944067160802661
20630.213890662213088945
20332.094165212052757852
20405.450234539912344189
20492.307140866891131736
20592.686941344058141112
20714.091208478588669095
20837.738790805458847899
20954.019825335013592849
21063.257801274361554533
21174.396970805159071460
21284.920267711320775561
21398.707514096880913712
21462.397414123897760874
21442.928182415776973357
21459.380331097228918225
21466.244117551745148376
21442.579139475146803306
21394.889065166258660611
21348.370993444255873328
21324.905722067076567328
21328.621498806736781262
21337.876565790567838121
21334.930612937369005522
21304.090304189347079955
21218.577294216564041562
21081.577936578563821968
20931.543706826101697516
20799.250800412057287758
20700.573329441467649303
20639.113275292744219769
20602.793356524853152223
20569.607203603325615404
20521.999198117566265864
20472.502631198327435413
20418.862186554440995678
20365.345421019243076444
20319.746638771226571407
20296.795250706294609699
2039.797214287656061060
