778.812506118871624494
582.015471681907683887
439.491749993089683812
341.462306981751964940
275.863343586109067473
245.225765088149017856
147.944443453952374057
85.238038332395603902
48.148650194579388994
27.290506096041770689
15.111620888875700430
8.099491781340899976
4.564283402969094183
3.133528391452066852
2.216893602843160505
1.331993205374263800
0.772200066432874199
1.049776375584781096
4.057934863783063228
22.611877690420417508
120.527303028269528795
385.645451481415875605
846.899601793447686759
526.696442013518321801
394.682015614299416484
424.051334631188524327
593.973653861458274150
925.747492260406147579
1451.939525073533332034
2202.611077229521924892
3084.824131436420884711
4114.448142692006513244
5318.289420157980202930
6655.468057601638065535
8064.404871234415622894
9481.350920169068558607
10875.528476612587837735
12212.486286015682708239
13445.035615119870271883
14550.428911411940134712
15522.733625847860821523
16497.132620358333952026
17346.178497696499107406
18056.726461231060966384
18616.143531877773057204
19017.278806850394175854
19268.797568354522809386
19388.571489598165499046
19380.397147165062051499
19238.136439330326538766
18967.196198234949406469
18595.002773911535769003
18115.567111814983945806
17529.815340420136635657
16814.206226043148490135
15949.301985657948534936
14919.928372278080132673
13730.646996255356498295
12414.075860127175474190
11023.319685229454989894
9567.641623612247713027
8042.837847730092107668
6440.372824181262330967
4800.131167437152726052
3207.902867934582900489
2921.923734744461398805
1653.114956635533872031
721.646836437545061926
166.105382387830218249
0.175635940546904429
0.000000004410133534
0.000000000037137771
0.000000626808915076
0.000000050291642954
0.000000005643219392
0.000000014769137858
0.000000000170919276
2.528854124083397714
168.181833980192351419
50.487280862652788471
0.000000000429492059
0.000000000600467487
0.000000768462527506
0.000070129209336700
0.000005428194013554
31.030679868750265626
223.083278335017041627
592.256747521782131116
1151.060875003326145816
1860.826328015682975092
2639.004164744614627125
3449.137262846449630160
4247.397165248668898130
5016.896601425118205952
5734.418372113242185151
6375.657909454650507541
6945.207499090717647050
7426.505981475680528092
7796.145579439915309194
8051.546754512835832429
8220.589116443599777995
8320.171228149079979630
8363.255522263763850788
8358.490302169964706991
8279.234475381130323512
8115.578479267566763156
7861.574242321747988171
7537.133782298316873494
7185.527365741543690092
6836.975432515128886735
6492.275771079987862322
6137.907088130701595219
5747.905972601263783872
5659.555150080560451897
5556.879035471420138492
5443.584439595529147482
5316.148639454628209933
5190.283888509863572835
5073.329126613515654753
4963.785627221555841970
4852.542132750755627058
4738.816879744591460621
4616.499752576441096608
4524.138721096780500375
4484.638533913081118953
4402.525119831308074936
4311.437619109074148582
4226.469525158720898617
4141.914122230499742727
4038.049530984374086984
3898.262194166744393442
3720.265714896359440900
3522.335328786929949274
3320.146854981218893954
3128.258130306379825925
2970.384979836388538388
2847.305048402785814687
2732.587188151372174616
2605.916523958555444551
2458.503623420436724700
2290.844195783337454486
2115.315576334890920407
1951.779464078623277601
1816.576528006862190523
1702.763344348426926445
1615.297676354097120566
1554.180486262776867079
1515.997210402721520950
1489.735886105357849374
5483.267108140793425264
5335.364096557367702189
5210.802506698600154778
5121.138933262580394512
5072.907769587525763200
5054.192199343517131638
4992.852718652045041381
4944.191087313242860546
4895.639596457935112994
4840.809800737344630761
4782.287110356880475592
4722.331553815134611796
4660.382118443349099834
4600.114214373700633587
4564.877874830078326340
4569.197511328336986480
4596.171486381780596275
4596.544790478265895217
4565.067517437928472646
4545.919411994689653511
4584.176146527011951548
4706.035961387548013590
4933.286387177019605588
4603.298234885427518748
4379.286192618867971760
4243.419196398234817025
4202.085703142602142179
4250.320921603661190602
4400.813477902416707366
4669.956999993518365955
5231.438495641660665569
6029.305708731679260381
6939.197311093739699572
7913.401500197934183234
8929.181704255881413701
9975.325446849070431199
11004.282093793688545702
11993.245916647201738670
12958.180379155053742579
13892.501201017350467737
14776.769026401520022773
15377.107509653080342105
15889.103079560929472791
16331.691067160587408580
16727.062487037688697455
17091.129288948177418206
17415.751661084406805458
17678.153994912107009441
17877.116526226687710732
18025.817653341560799163
18117.411323833617643686
18108.263575864348240430
18006.513252984754217323
17808.367432474544330034
17549.340973592508817092
17260.279005248998146271
16969.000785721633292269
16677.642909829781274311
16351.584468818113236921
15934.110435646118276054
15452.488334082989240414
14973.302609657486755168
14591.841693505097282468
14351.099641509918001248
14247.207520106425363338
12423.204559670379239833
12306.031517658475422650
12333.968741365511959884
12551.757439400988005218
12991.374975268243360915
13512.769935995762352832
14014.251610667874047067
14504.076847556058055488
14982.479337391174340155
15393.840134185109491227
15690.276114372467418434
15891.246255399366418715
16074.135991641738655744
16451.067031828944891458
16727.634707571593025932
17185.184066932193672983
17598.844439180276822299
17769.533202316975803114
17818.478976171856629662
17816.821428741386625916
17849.743961256037437124
18046.320780484376882669
18377.535048325480602216
18794.802495356685540173
19254.987549043347826228
19771.393615841905557318
20302.186299681179662002
20826.645020988380565541
21305.312565035692387028
21723.184360761963034747
22081.325650081933417823
22355.854388780426234007
22559.415258272001665318
22720.442814954669302097
22845.788624397846433567
22906.972603724501823308
22892.196812312275142176
22796.528278083547775168
22621.809828788362210616
22415.917203197048365837
22205.900475023077888181
22014.100787109025986865
21829.843366841952956747
21612.276775642156280810
21336.544779830557672540
21014.353744975822337437
20674.377183894241170492
20359.720747968494833913
20424.138336319949303288
20501.637169920661108335
20592.266838749361340888
20703.570222012116573751
20816.821736289199179737
20922.474251477495272411
21020.913385381347325165
21121.139597896115446929
21220.684653343036188744
21323.471156086990959011
21376.178574547571770381
21345.784901628361694748
21351.410183344698452856
21347.592967193224467337
21313.445466228145960486
21255.522590129268792225
21199.065805757261841791
21165.989496547099406598
21160.442765454674372450
21160.792433269190951250
21149.296910498451325111
21110.258140836256643524
21016.896719422864407534
20872.402004089588444913
20715.228579535716562532
20576.150301571269665146
20471.023440779514203314
20403.407386722989031114
20361.156781806825165404
20322.182396213269385044
20268.852410271876578918
20213.659780282370775240
20154.383727430064027430
20095.423069228872918757
20044.801385824881435838
20017.543841514645464486
1902.030981340193875440
