66.972086037051028029
67.966681784368688568
69.127999579441251399
70.158220015485937893
70.915495295635452067
71.408158195344867636
71.185875332086453682
71.063205108419737144
71.404992348657188472
72.111083141976223487
72.964948341422243061
73.842207540506834107
74.699283260161394082
75.414369256254587981
75.547881424199019307
74.841269638777987439
73.613027924851678563
72.680633082655305088
72.159845950003187909
71.458721704069134262
70.311713519959326391
68.902018389789972730
67.511190040799675671
66.796098271462057028
65.879244250224857637
64.277389093143426635
61.723374431670151807
58.366863073989790678
54.016546454107682962
48.075971608012807224
39.334240816431872645
28.438900554392162690
16.802807488553000326
5.383570434289566720
-5.785421256317889060
-16.502003695063848454
-26.197508957058175838
-34.747279493950458118
-42.708359835580580466
-50.083034185691104767
-56.457516846143164457
-61.262324686054029144
-64.688409996266329927
-67.078412805532053653
-68.978474248541772340
-70.729703904818933324
-72.147114843328694178
-72.777373816204004697
-72.573980103233907357
-71.730752069453473041
-70.057550364292751510
-66.833950019385667929
-62.154341350243129227
-56.062904268471839941
-49.249016629989085914
-42.399881239562034807
-36.074177274562458706
-30.225768785199477406
-24.040392837132884551
-16.475210299194714025
-7.863337691633574877
0.726757445972225469
7.957605704155298554
13.591408082499185639
18.359711579518432245
23.198406846264191472
28.126315515220511543
32.706370094205965415
36.558267170747058117
39.662070553428151243
42.099727114729518007
43.916436760113981563
45.181635230682104520
46.076263082146709849
46.974494965900163379
48.096021413718574422
49.214255159103487358
49.786294515264842175
49.286691446014941675
47.460658798391278879
44.710818458184689916
42.127002267894539500
40.414089336747906600
39.220750321749932255
37.854147360236083841
35.645467391268283563
32.202589439671925220
27.613362412434128146
22.266308455344386630
16.500190362447796133
10.487481230136438626
4.496461372862597727
-1.209612137904798601
-6.390427359570878707
-10.910525616180109409
-14.722264385914172635
-17.801935048776613257
-20.291925054313594501
-22.408552363668320595
-24.194549988307699095
-25.478277040367743211
-26.100093164294094095
-26.024010804383408413
-25.414194427458539849
-24.665013930416307630
-24.144757276952645952
-24.023975569526328400
-24.159509851422399151
-24.208059684762645247
-23.940985838388144202
-23.421492951601521781
-22.945287492534475859
-22.869638807237549827
-23.357089656189089055
-24.308120796766615967
-25.622166378558461020
-27.216000847118721140
-28.949166933970047921
-30.703250091036409231
-32.430505497040883256
-34.115795257311503974
-35.701152769544876264
-37.035755748704161761
-37.897705291227737234
-38.284888670585758064
-38.453356074574287504
-38.460359780761507409
-38.266235934008648201
-37.943085059042800822
-37.667272563908966276
-37.591251877254876490
-37.724453466202191976
-37.919414719839494410
-37.961774687455886124
-37.643757417868698667
-36.837217763654621194
-35.603202114247096688
-34.188743930499583712
-32.879975197838462009
-31.869735266161626441
-31.200911325373112959
-30.771287985491426298
-30.404882365756520812
-29.962614859652262567
-29.397787850877477922
-28.711093121658791461
-27.941607469360405958
-27.168204498835223148
-26.479651011921134796
