30.036352023294455194
28.997647032556415070
27.802588754154271555
26.544298825361323679
25.203980981075602585
23.807018988918144942
22.369915124105943960
20.810786328874115725
19.020384436260656003
17.123783273886971301
15.243286182675461760
13.432976932073842136
11.692311720859862589
9.990506292748591477
8.316874719238967373
6.705058144356513594
5.183212730718025796
3.754994378809982436
2.411012559106012532
1.134477970312076422
-0.092846190347444235
-1.284086761783498787
-2.442311758098526298
-3.555602908302120113
-4.587613545354486178
-5.461217184507148659
-6.094491960743766867
-6.509295371187704404
-6.783634835084711767
-6.969584886885257902
-7.089695989243494978
-7.153223907336496268
-7.163865249959769699
-7.122849774137165468
-7.030280304889373610
-6.885710624103523969
-6.688077683631263426
-6.434418163725382556
-6.115943295802622970
-5.712554448357764159
-5.211962662060074081
-4.644755049331735108
-4.047467213902450567
-3.443021302513756154
-2.846343794732632659
-2.268438353219892178
-1.717768976951703053
-1.200601660722583119
-0.721178849075982953
-0.281928869552643846
0.116325453620504504
0.474053660761455831
0.792394942259193158
1.072256893941670342
1.314028094806161562
1.518686937829812678
1.688113587428119899
1.823877146785974901
1.927090758505471513
1.998854094411228743
2.040333004537473016
2.052434760111736978
2.035156688251845480
1.986580945559069278
1.901199228662875385
1.766612594186568685
1.556764240987831727
1.224904866187358721
0.733503127388985376
0.112480583318074423
-0.573129926990048943
-1.266903888411320622
-1.931855932610318405
-2.557022904663597274
-3.145397882013213575
-3.699073770170201669
-4.216316565269011107
-4.693028071234778054
-5.123626288997371603
-5.501277402484618051
-5.817944721794759744
-6.064468302728698745
-6.230619369812615105
-6.304772916855853282
-6.272398793790216587
-6.112201324785559109
-5.791873423608421945
-5.280665216270762130
-4.587474912858226617
-3.768896837200884420
-2.887181569242102341
-1.989297027241491378
-1.109364143451443852
-0.269860271818288311
0.518280760028233090
1.252052826432901611
1.930527471086833202
2.551554866268702426
3.113826266479151172
3.621651957076267081
4.085192714156278271
4.513212323100475487
4.907459481280795899
5.266827428265742128
5.594147650861600596
5.896430033463332165
6.180414517285782949
6.449467163623438637
6.704002690488948701
6.943814900975496585
7.169883333145065762
7.384483052117388979
7.590065737972651050
7.788140932270465555
7.979019226158243328
8.162408522729833749
8.338245160797214339
8.507130071239345170
8.670158431167976687
8.828378191407693976
8.982297097995484592
9.131756176277917803
9.276246067798609829
9.415496439881366086
9.549986679102431708
9.680982253462929066
9.809900907585330287
9.937267222734845973
10.061997155651198455
10.181849579997901856
10.295239742010608097
10.403345054174366169
10.510455877381531309
10.621142070452293638
10.735397194219331141
10.845993772392404253
10.942826762879491298
11.023841610463591678
11.102577611845362071
11.199645405407807175
11.319443062388984345
11.434061697219107145
11.502258960223741724
11.522462734152071562
11.561237781194506624
11.696028083652720397
11.894172911508206880
11.953986706071276558
11.716577569758783284
