144.865091592509543261
144.865091592509543261
18.791460777371163715
3.473844687688797173
2.498763373696289758
2.077874490911592709
1.815222970109546363
1.629045854786509651
1.486862392613344630
1.372513811869079614
1.276907719658722185
1.194553599149079215
1.121979913839455278
1.056916161656104247
0.997835316956306784
0.943683570971025065
0.893714411810072829
0.847383898826232662
0.804283250033283048
0.764094860018483479
0.726563360946861803
0.691476496725074941
0.658652464170027208
0.627931538480677176
0.599170537524787328
0.572239159984378132
0.547017551537620661
0.523394667833196103
0.501267148382836258
0.480538514363629932
0.461118569049608407
0.458058461307310039
0.317208302870973124
0.244337762394282010
0.206002128477551061
0.185679249275883695
0.174431608172815944
0.167860015533327717
0.163785901592883310
0.161101743601476555
0.159224803100179169
0.157837363384066787
0.155889529930432313
