259.434495432997778153
259.434495432997778153
32.506132477265254010
12.038983480636002099
5.888142071328435811
4.118937383789784690
3.097138768933410002
2.448121565636439012
2.017235353405050446
1.722398642116707679
1.515851463768248086
1.368323748572003007
1.261206164284731868
1.182312937345284753
1.123465830645459240
1.079061301122949068
1.045191968888543599
1.019092061282192985
1.003685125300620040
0.919026303744365891
0.904241519392359749
0.898579551436298973
0.894969610762569090
0.892527978121175236
0.890694875138736242
