2214.296243474330822210
2171.607991648845654709
2081.008441902245976962
1958.181292015043936772
1770.411836540855119893
1449.896347235372559226
1615.119615489196576164
1628.710037094719382367
1561.633015609946824043
1467.461233888969445616
1369.850058063156211574
1275.928527659584460707
1189.187397248517754633
1114.062332236229622140
1049.758455528801277978
995.303898380098758025
948.277944041390583152
914.225681024606728897
888.460259705310249956
865.042889950595281334
875.323744835098864314
880.820636272000456302
1199.362574915847289958
881.749918764770995949
913.736367317317672132
858.811580053059174134
906.902021160384947507
1029.947588743124697430
1223.505389375922959516
1496.793136092710483354
1779.714674224916961975
2273.866314654838333809
3399.735350894936345867
4905.325954045285470784
6515.392499519675766351
7827.176699603735869459
8817.404327715854378766
9711.939566557304715388
10541.295367773560428759
11656.971646988684369717
12902.261251490877839387
13955.889043295775991282
14822.574980398880143184
15513.273573150108859409
16040.879101917091247742
16418.935675199187244289
16660.594521344057284296
16777.682496339490171522
16779.915445034657750512
16674.268354303483647527
16464.447857186471082969
16150.494262480267934734
15728.544002322485539480
15190.750712539769665455
14525.377017414954025298
13717.208690270397710265
12748.434847986763998051
11600.328341682823520387
10266.362226742612620001
8982.165578010366516537
7977.744857577899892931
6935.653810959425754845
5769.355174480799178127
4482.016197109623135475
2921.583653737910026393
1434.327077162023442725
439.693544827481389348
0.873161269650168603
0.000000000000000000
0.000000000000000000
0.000000000000000000
0.000000000000000000
0.000000000000000000
0.000000000000000000
0.000000000000000000
0.000000000000000000
0.000000000000001457
209.457127159400386063
694.338598395246094697
309.612974521021556029
150.516759538570340737
138.438848457356328936
156.192106151151193671
196.618757269292302681
216.021803360438326536
211.599088901672416796
265.567464846452935490
626.177232941469014804
1319.090984584789794098
2338.617793448527663713
3587.233294366758400429
4467.625625403849880968
5209.638747561650234275
6010.735874570681517071
7137.840622306963268784
8086.654992799102728895
8825.304757139643697883
9352.919306197349214926
9677.075782478581459145
9811.140954543478073901
9772.601708609618071932
9582.053251717205057503
9273.173255842706566909
9005.666123523002170259
8801.400836987966613378
8573.138329894465641701
8303.413584158013691194
8014.470744300368096447
7753.939615724160830723
7559.247248194948952005
7446.319700803550404089
7416.659094498726517486
7448.098770330469051260
7211.800400384582644620
7044.424150339021252876
6938.632062219242470746
6878.599552827274237643
6866.739747077494939731
6897.022324124086480879
6955.332720238666297519
7021.427532185158270295
7085.300227465838361240
7133.658048800274627865
7199.699127510883045034
7302.769009207675480866
7345.756180541850881127
7361.469272312446264550
7365.150532359220960643
7351.932156258310897101
7303.348417429802793777
7204.296972880268185691
7054.199579132085091260
6873.208825600694581226
6679.044348568127134058
6488.457810137406340800
6327.434577580159384524
6198.922158431079878937
6078.262834558453505451
5946.392451920250096009
5795.250561570215722895
5625.438331265683700622
5448.728373775805266632
5283.858511703562726325
5145.980473089061888459
5027.443950054426750285
4933.306931065102617140
4864.333641441231520730
4817.891269024092252948
4782.990868572430372296
4840.542975763552931312
4840.623487262579146773
4806.185184607024893921
4765.639218108548448072
4709.610535833382527926
4586.119811576786560181
4751.832259680813876912
4822.440067658946645679
4833.101568251853677793
4814.879581402567964687
4788.785301513632475690
4763.315844003850543231
4741.115384403019561432
4729.925981030747607292
4753.912254948832924129
4824.825973172661178978
4922.135878785737077123
5000.166509463805596170
5050.265650596186787880
5105.616944239788608684
5196.889493744849460199
5545.502964870363939553
5869.036758675543751451
5318.025410129072952259
4760.092519641580111056
4722.872067501666606404
4754.240987625318666687
4821.351793487242503033
4917.144311781282340235
5043.443673736505843408
5359.976891928181430558
5640.428350594286712294
5317.345732389266231621
4795.446545928082741739
4402.805235666042790399
4633.751741275559652422
5393.276608956609379675
6212.505969294005808479
6960.900474581358139403
7022.316152292420156300
6627.540640150713443290
6295.551320744551048847
6034.016765868371294346
5846.058246304875865462
5734.095162345512108004
5699.906891687958705006
5744.690415554796345532
5869.111835610003254260
6073.348915248201592476
6357.121982995056896470
6719.710448400797758950
7159.951839932345137640
7676.219750245572868153
8266.376472837024266482
8927.695601013410851010
9656.749696265951570240
10449.257777432414513896
11299.696382342230208451
12183.931694291350140702
12697.133972473213361809
12468.610962153919899720
12054.297911963320075301
11694.426628827084641671
11545.178735767145553837
12065.273697605151028256
12952.553993603003618773
13836.350277651474243612
14659.510906752688242705
15408.227984330946128466
16069.837975461794485454
16633.198314413784828503
17089.132302412643184653
17430.719477108301362023
17653.412984582795616006
17754.996949104046507273
17735.418534622342122020
17596.537828192194865551
17341.835629812627303181
16976.110716607610811479
17486.350095715009956621
17895.106422554454184137
18210.077025152448186418
18421.562221386880992213
18534.676232609810540453
18591.435779153162002331
18647.188146910189971095
18707.806307607053895481
18606.626183947286335751
18439.051537362629460404
18239.468218877867911942
18042.551597809942904860
18464.821263102920056554
19077.291242009756388143
19514.599196728056995198
19356.442161341630708193
19213.148223331059853081
19115.335824977239099098
19068.528129246718890499
19076.022341056421282701
19138.966014548732346157
19256.420928756437206175
19425.275216010348231066
19626.919436143005441409
19682.569983962195692584
19591.710819538460782496
19495.121976303049450507
19445.521507748897420242
19445.867276694239990320
19466.946903052976267645
19491.415345591813093051
19525.977678518149332376
19589.618145301814365666
19722.998925977495673578
19744.098252358133322559
19825.553210652604320785
19965.509462997317314148
20165.173929473294265335
20397.159128133920603432
20642.409525533017585985
20892.220867344760335982
21147.625776443037466379
21399.657446999637613771
21647.326671349484968232
21834.079827656223642407
21925.019616038473031949
22037.974824628443457186
22127.396008553558203857
22172.761153943345561856
22181.320396536491898587
22179.292056680882524233
22189.789708093798253685
22218.311757215502439067
22244.690524885823833756
22252.723676383611746132
22228.271751457832579035
22146.074682201469840948
22010.762666365437326021
21862.170795738802553387
21732.158128304312413093
21637.038327787628077203
21580.181981025209097425
21548.855076714509777958
21520.207207023657247191
21475.859610353127209237
21427.751382897258736193
21373.521827884731465019
21318.160966813979030121
21271.293927144030021736
21250.691729346261126921
4167.098953491209613276
