29.021731681058057006
28.447850433020903438
27.528759565559781208
26.415732546757581645
25.166898513379877045
23.818568465163536985
22.385409775922724407
20.823904916020808287
19.061463782131980338
17.214420930910691254
15.366268955308115096
13.545803862015347363
11.766586718312368021
10.040181383247471558
8.385207992028114177
6.823457398068569546
5.348274770185099669
3.938696901858719457
2.582405418091838101
1.274580641393328051
0.013510761670573856
-1.200156334750062115
-2.361974383950496303
-3.459323595434113940
-4.460482743271768413
-5.295579338484770915
-5.889638517456887712
-6.269135987359220508
-6.513955767360982918
-6.676159438301368709
-6.777581121614105086
-6.826927655291314068
-6.827933307199344881
-6.782523164359730572
-6.691986577352764698
-6.557219661949432066
-6.378218025280148140
-6.152350173881728779
-5.870122625003006078
-5.509648196575199108
-5.056033693332324219
-4.536934517708090198
-3.986073843218520096
-3.423858438805581272
-2.862993988747206231
-2.312665580918263686
-1.780212422801298544
-1.271708784569057116
-0.792127959126162295
-0.345379490673877854
0.065644896725956414
0.438939342339040195
0.773098824808016616
1.066886985777955488
1.319327261947336183
1.530890455642094139
1.703556998776178943
1.839168164561129970
1.938871383191610676
2.003368446873878383
2.033111984734432554
2.028377691875590472
1.989154574039758927
1.914640336009995281
1.801838762973574148
1.642143715929449854
1.413968328774728889
1.074681226234247333
0.589425623809034960
-0.011211852042862347
-0.663241725561420026
-1.312091430305088124
-1.922537531070076966
-2.484808693336646002
-3.002515946387404711
-3.478104162777356123
-3.910369010908311793
-4.296416524665687575
-4.633052075595571750
-4.917451603371858937
-5.147470332028944995
-5.321725473142038254
-5.439367974376665416
-5.499150854261586119
-5.496865189812751851
-5.419697580568083595
-5.239174728524005786
-4.920100950614454405
-4.455744279344997949
-3.876464285143327970
-3.213169616674036888
-2.484631703943250614
-1.707395920842969872
-0.901234051903713862
-0.088156359812842311
0.710565569110571005
1.476797844234511103
2.196807179536989452
2.861609950922371581
3.466722876317902546
4.011549210842730417
4.498565190192550745
4.932434403495363995
5.319152611054335011
5.665298504550747793
5.977435532482985536
6.261680696606362062
6.523432940228957477
6.767238626532702028
6.996764356558770714
7.214846224753131310
7.423587340684690616
7.624480200198036073
7.818535879063205130
8.006407241117130980
8.188497955564400854
8.365052929323894659
8.536228731401479308
8.702144771216012487
8.862917433843591652
9.018680204743418471
9.169593114022489999
9.315844722342148998
9.457649476313889636
9.595242673437553549
9.728874608870739848
9.858804774388033820
9.985296343702259492
10.108610615726291826
10.229000661125922989
10.346703152336630183
10.461927278169071087
10.574839801040752718
10.685545724779103693
10.794064741292260123
10.900304644802986331
11.004034212958231365
11.104859630094836120
11.202210243683623503
11.295341064890635607
11.383360616263615839
11.465292874188321548
11.540180293515874155
11.607229830459857567
11.665993145241316142
11.716552080668861890
11.759647627911022028
11.796653643490429886
11.829306576020428565
