5135.366171482837671647
15482.253764430206501856
14936.220957005649324856
2866.528679634233867546
12313.574641026234530727
9218.601695032506540883
5565.403224820103787351
4432.517048176674506976
6330.054689512617187575
9462.403333175290754298
11285.355973629793879809
12251.067604188576297020
12735.634219121779096895
3810.804282519462049095
12790.182775433257120312
12421.341157240834945696
11738.199498913556453772
10794.288073688092481461
9807.216636789808035246
9086.708270024120793096
10924.738111192633368773
9397.735850592825954664
10017.324250291008866043
10693.314313876038795570
11364.088300297094974667
11810.488410199570353143
12230.688746275214725756
12649.873021920368046267
13028.845601295144660980
13343.778763337464624783
13582.380402615675848210
13748.156735137554278481
13846.665082643417918007
13882.995298814024863532
13860.349268508460227167
13779.253118262518910342
13637.085259070487154531
13427.782328631874406710
13141.785811481709970394
12757.266848890943947481
8424.896926552781224018
11656.417321378174165147
10914.328073746708469116
10075.234289035821348079
9229.454484557938485523
8523.103207937516344828
8085.675977488054741116
19337.559077597838040674
7987.680506526303361170
8117.474774907324899687
8237.092511379009010852
8299.372937661839387147
8289.826319166499160929
8216.768560992371931206
8103.453047417779089301
7981.122376161566535302
7879.611043040664299042
7816.293007846407817851
7792.632568414074739849
7797.926694085247618204
7817.068418392669627792
7837.115310682000199449
7850.535278110261970141
7855.780780438679357758
7856.381643167411311879
7859.198634807412418013
7872.091201578419713769
7901.334684572806509095
7920.236931509063651902
7946.998783183809791808
7984.346625185970879102
8022.827697978417745617
8060.315735021215914458
8084.993238484982612135
8090.425028209090669407
8285.986567252695749630
8050.195123489049365162
8013.209932641481827886
7969.631932099337973341
7918.398391701170112356
7852.859123437279777136
7760.904950922808893665
7626.819122215714742197
7434.317512056872146786
7169.896067979673716764
6825.922819911996157316
6403.923094068491991493
5934.013685359634109773
5468.655663960282254266
5118.247581448495111545
14965.078006428053413401
4815.929594226522567624
4930.688976022795941390
5090.358027066421527707
5185.744975135674394551
5152.122563876423555485
4972.176142564421752468
4673.387905523799418006
4328.145338118602921895
4043.059958180922421889
6867.878716589405485138
3957.250731963374164479
4094.037263691683165234
4221.163779343854002946
4274.622208859733291320
4242.548142827865376603
4152.441683806159744563
4049.480543141677571839
3969.076842794887397758
3918.236030116257552436
3880.956100704980144656
3838.275439073866436956
3782.451536954851235350
3718.058433049125596881
3654.792078511407453334
3599.425001873664768937
3552.351532891702390771
3509.494718251393351238
3466.281665833998431481
3420.284901358940714999
3371.609455423124018125
3322.107644686907406140
3274.663481505640902469
3232.407433907375434501
3196.882051192832932429
3165.818541917804395780
3133.175524479455816618
3092.631293457606261654
3042.732754289640070056
2990.922141277987520880
2952.051698206649234635
2936.924707723454048391
2937.976685272991744569
2928.278457646197239228
2877.442809750488777354
2777.764084967736380349
2679.840276542545325356
2687.546372079531465715
2814.003911525207513478
2911.395838272099808819
2815.115897184891309735
2477.357598132995917695
2174.261584248270537501
2444.656655411651172471
3038.860666977447635873
3262.798425404545014317
2798.511447129492808017
786.919594943933475406
2823.776713248249052413
3107.799942818147883372
8002.787677228774555260
7849.735181553905931651
2356.023668363543038140
6834.490602899883015198
5500.011396735227208410
3906.676357076114072697
3481.389739239327809628
4513.163668566769956669
6117.877946332313513267
7115.657013465609452396
7716.069367231549222197
8093.497915093656047247
4110.186610349851434876
8424.557607184260632494
8396.448486889075866202
8216.761854344576931908
7916.216602952104949509
7595.694441474597624619
7398.759916991545651399
8387.517312579635472503
7816.914147036609392671
8241.077355569634164567
8691.396532941467739874
9139.318564848170353798
9483.282459820087751723
9760.759980013577660429
10010.437036462388277869
10241.489223038326599635
10442.868670144449424697
10608.878546347950759809
10741.145376404141643434
10842.247185098796762759
10914.545112483587217866
10959.524562681650422746
10977.430051739129339694
10967.046726699722057674
10925.564533405075053452
10848.554098471189718111
10725.901168008414970245
8744.801143503307685023
10268.855592730016724090
9951.501370631382087595
9589.211188524781391607
9223.824075382995943073
8923.049219708091186476
8746.915448105517498334
13988.346751624685566640
8754.688976801278840867
8841.433950115548213944
8923.467537517384698731
8978.933929511427777470
9001.116825679077010136
8993.869399383229392697
8968.692336774698560475
8940.312086493489914574
8921.586451942524945480
8920.564981781451933784
8937.922792742450837977
8968.697331962754105916
9005.886636920866294531
9043.492889556007867213
9078.026477777890249854
9108.771808374876854941
9137.365996397031267406
9166.988472419212484965
9201.279745793628535466
9243.145086563734366791
9329.450062409025122179
9435.016796067011455307
9545.479656769566645380
9656.458649930094907177
9753.609659338848359766
9839.192005326909566065
9915.852914453873381717
10080.853869966615093290
10045.491448109534758260
10102.488014336306150653
10156.423816445691045374
10206.805173166150780162
10250.550117833159674774
10282.047692098509287462
10294.015316304461521213
10278.907370830711442977
10230.466626844203346991
10145.157224170621702797
10023.686523984120867681
9851.953994035398864071
9637.140498334139920189
7346.751257007613276073
14381.862359251912494074
7132.869147103284376499
7215.878106402617049753
7330.922687619271528092
7400.005131587103278434
7376.893789238062709046
7249.217823508261062670
7036.596701298673906422
6790.725211132257754798
6587.788533298582478892
8607.237837819575361209
6528.248864688988760463
6626.963065980744431727
6718.700627813185747073
6757.719783335513966449
6735.570160072191356448
6671.939626315141140367
6599.152162676601619751
6542.520791780957551964
6507.010580305400253565
6481.144128717897729075
6451.365050505427461758
6412.164112097429097048
6366.841485120869037928
6322.340286851903329080
6283.486360768284612277
6250.537292787432306795
6220.571766169067814189
6190.337114558670691622
6158.119127568445946963
6123.992875807251948572
6089.253124009867860877
6055.924122809450636851
6026.236368066428440216
6001.343713367992677377
5979.712256671618888504
5957.062830390503222588
5928.802782716336878366
5893.745055009118914313
5857.077152728046712582
5829.412920748526630632
5818.765053105048536963
5820.139801134288973117
5814.261404642357774719
5778.920257906775987067
5708.156205366746689833
5637.682532664151040080
5642.025830024607785163
5732.761671800851217995
5804.326751164451707155
5737.322772212798554392
5496.796943693189859914
5278.525635272970248479
5467.922946589931598282
5895.193070123826146300
6057.506369570546667092
5727.295470607687093434
4290.480890308953348722
5742.585095804793127172
6568.944995451680370024
