1492.340322034888913549
1451.865449476441199295
1422.162893038121183054
1412.547596524363143544
1377.297078735819468420
1234.084377772116340566
1422.035914977902166356
1490.817459144578151609
1506.082642828997677498
1508.405942560916400907
1511.629314567460596663
1516.646282213762106039
1522.883174179003844984
1534.250448960396170150
1559.282403868985511508
1603.746215784597325182
1663.485539656806395215
1731.227475430270715151
1802.184181567200766949
1871.038324782435665838
1924.353912173630533289
1935.675549979126799371
1872.335024897268340283
2030.869889414798308280
2115.553671084085181064
2161.193646883446035645
2202.668068056263109611
2273.965692033199047728
2419.255969876242943428
2706.154488939304883388
3222.686975613525191875
4042.561366642729353771
5182.045236205863147916
6597.682926655070332345
8217.250883945227542426
9967.447262204983417178
11787.023608974452145048
13629.663489881977511686
15462.379408273713124800
17262.828481310883944388
19016.747077078034635633
19586.060108811198006151
20091.518146008020266891
20526.910171439831174212
20888.386961984295339789
21174.117772524703468662
21383.959902249138394836
21519.113639688541297801
21581.798384496149083134
21575.022420714714826318
21502.426021143306570593
21368.149417842905677389
21176.723440756137279095
20933.108447561367938761
20642.800497729695052840
20312.078783547425700817
19948.346665370623668423
19560.551997218371980125
19159.604771379355952376
16741.555791618244256824
14338.247321608956553973
11972.459745161728278617
9680.154081759190376033
7517.090221263220882975
5563.742282115897978656
3919.650752122714493453
2729.980496451828457793
2021.299012630900051590
1711.271800349942395769
1652.925798566471939921
1707.454362574901551852
1782.028923385437337856
1830.529753023255807420
1838.859145486983607043
1808.881752554491868068
1746.085683004385828099
1652.576543548701920372
1525.093208190289033155
1357.197204782378548771
1333.064145961735448509
1265.228356093684851658
1160.393929795642861791
1028.610846190922075039
884.642461492794154765
754.316841238811775838
683.317347305973157745
740.846718998954088420
1005.190764769405063817
1527.672109163272580190
2299.249664523503270175
3251.324860975778847205
4287.574495248258244828
5317.860406836278343690
6274.576301717615933740
7114.558074404889339348
7814.800819307117308199
8367.236702332413187833
8774.159194251133158104
9045.008566909382352605
9194.071131823142422945
9238.589272413246362703
9197.186646333017051802
9088.756423869217542233
8931.665089209704092355
8743.217281612503938959
8539.312165895697035012
8334.222105137781909434
8140.445512857372705184
7968.576728873090360139
7827.155843670942886092
7722.447979002410647809
7658.187902626586947008
7635.451607907281868393
7515.304508711828930245
7432.109571789590518165
7381.228061398960562656
7357.173590332760795718
7354.203999416569786263
7366.754343119501754700
7389.662816804825524741
7418.241561613814155862
7448.261412142644076084
7475.909060688342833600
7497.761152413087074819
7510.775818549414907466
7512.320523460831282136
7500.315005498718164745
7473.324078750030821539
7430.653259462237656408
7372.437815289414174913
7299.700457138253113953
7214.337029518053896027
7119.003900652517586423
7016.911242076917915256
6911.560943079132812272
6806.456073189611743146
6704.818729703966710076
6609.341332128228714282
6521.982184860884444788
6443.851100683172262507
6375.219675618147448404
6315.654907546655522310
6264.243939367598613899
6219.853397159834457852
6181.366514752378861886
6147.857225932041728811
6118.674024881982404622
6093.411124077004387800
6071.782297086547259823
1642.664392881341200336
1790.832094269090475791
1946.344974414345642799
2109.216887970612788195
2279.382224854608011810
2456.686058945570948708
2640.875684446878494782
2831.594031824815829168
3028.375314792064727953
3230.643059407354940049
3437.710431667600460059
3648.782540680965666979
3862.960202774525441782
4079.244544517569465825
4296.541827802053376217
4513.668029866588767618
4729.352990686837983958
4942.244363593881644192
5150.912127230491023511
5353.855006604605478060
5549.510740549989350257
5736.272617424689087784
5912.514985956198870554
6100.842094908488434157
6275.486472939607665467
6435.020386694392982463
6578.223527495762937178
6704.174241288706980413
6812.347487067441761610
6902.712112169905594783
6975.818286955244730052
7032.865285552053137508
7075.740563867601849779
7107.023364641323496471
7129.949584736383258132
7148.338778873277078674
7166.488172338125878014
7189.041670601738587720
7220.843631441684010497
7266.787427955416205805
7331.667819089861040993
7420.044231405184291361
7536.119747207444561354
7683.638296484974489431
7865.800564980128001480
8085.197598105587530881
8343.760029253071479616
8642.720233540423578233
8982.584411299880230217
9363.111538179340641364
9783.296221575019444572
10241.352739661595478537
10734.697953709897774388
11259.931475692133972188
11812.812619434107546113
12388.235505588248997810
12980.206476184952407493
13581.831898928681766847
14185.329425947247727890
14782.081258751539280638
15362.752571968698248384
15917.499516168711124919
16436.285890506522264332
16909.312448268461594125
17327.536970269902667496
17683.230623986662976677
17976.475247731163108256
18203.855800482298946008
18364.066222439196280902
18457.821321045012155082
18487.567424678931274684
18457.055667294935119571
18370.861584802125435090
18233.928528800403000787
18051.188517858863633592
17827.285477955763781210
17566.402644355697702849
17272.182403534763579955
16947.722027610481745796
17009.016374918843212072
17044.774838274690409889
17056.781126201749430038
17046.623113933204876957
17015.845625954916613409
16966.125851273311127443
16899.453400488720944850
16818.292433181410160614
16725.701223563770327019
16625.386891560599906370
16521.680559176715178182
16419.429838733449287247
16323.818628990011347923
16240.135285115222359309
16173.516678045105436468
16128.696439269659094862
16109.781599245763572981
16120.074794356818529195
16161.951403934010158991
16236.794042218651156873
16344.981618789837739314
16485.926861589421605458
16658.154446671396726742
16859.411258491349144606
17086.800376050829072483
17336.930827228865382494
17606.075794270564074395
17890.332656136422883719
18185.778935001773788827
18488.618811846568860346
18795.315335236497048754
19102.703814010768837761
19408.082305636657110881
19709.275767388731765095
19780.651630728338204790
19845.397392145325284218
19903.201970367212197743
19954.208407114401779836
19998.935466806375188753
20038.194274146331736119
20073.005336017704394180
20104.519936178439820651
20133.948389428584050620
20162.496346193252975354
20191.309429390305012930
20221.426063274077023380
20253.738315567119570915
20288.960818415223911870
20327.608154648700292455
20369.981349049023265252
20416.164174807989184046
20466.029795277096127393
20519.257797217629558872
20575.360994787795789307
20633.720557862765417667
20693.627180460502131609
20754.325315298450732371
20815.057064852047915338
20875.102289274644135730
20933.811892484387499280
20990.632063553759508068
21045.118362039182102308
21096.939792399356520036
21145.874173348503973102
21191.796978111975477077
21234.666281401023297803
21274.506385970886185532
21311.392218507480720291
21345.435813187308667693
21376.775357636550324969
5643.573973841028418974
