2222.194576255622450844
2164.654726123031650786
2085.043086397876777482
1987.285616872281252654
1871.659419458400634539
1734.914429990378039292
1723.875963943446322446
1689.811863847095764868
1636.691053063360186570
1569.418499650586227290
1492.678097404559139250
1410.671474766452774929
1327.296055488572164904
1246.349197207504857943
1171.299329122803101200
1104.218721648398968682
1044.837760916216211626
992.003863883164399340
945.619875437490009062
907.827125947253648519
883.699463582704083819
881.435327791864779101
911.254260183018232055
821.254296873704902282
777.291737234719107619
785.042608488949781531
855.993894163320192092
1008.695087996046481749
1266.358157180888383664
1651.943294783841110984
2181.189232316754441854
2854.884008141664708091
3655.220118498564261245
4550.792944269852341677
5505.249215930016362108
6483.752646981254656566
7456.236385416596931464
8398.283696462069201516
9290.784596698595123598
10119.217318697754308232
10872.836474588177225087
11543.886353790265275165
12126.896969874902424635
12618.155899822975698044
13015.294091615727666067
13316.982348701847513439
13522.678899347738479264
13632.389628511322371196
13646.457478382240879000
13565.433784161805306212
13390.010747406766313361
13120.962387760837373207
12759.070486350887222216
12305.172742612290676334
11760.246842132739402587
11125.641410462665589876
10403.422881375145152560
9596.882402985283988528
8711.189915560411463957
7754.190411743394179211
6737.417026578201330267
5677.645425308835910982
4598.781301917681958003
3533.481178440307758137
2523.175356549345906387
1615.050451571241183046
876.174351887007560435
347.928976440785959312
53.661234391711509772
0.000000000000000000
0.000000000000000000
0.000000000000000000
0.000000000000000000
0.000000000000000000
0.000000000000000000
0.000000000000000000
0.000000000000000000
0.039750116196309408
72.602059560664358173
1.917315552857012051
0.000000000000000000
0.000000000000000000
0.238211178501388759
52.436688165805385609
186.926259350510491686
417.269709662607908740
762.513957155944467559
1232.831768483760697563
1822.717647175153842909
2510.190156327098975453
3261.740540340494135307
4039.565315219689182413
4808.036112079284976062
5537.401416870982757246
6205.041628394862527784
6795.244030690148065332
7298.375974173580289062
7709.804532101447875903
8029.001958985812052561
8258.827881026512841345
8404.845319215370182064
8474.649095849394143443
8477.365022354691973305
8423.246913321219835780
8323.330620533610272105
8189.129703926992988272
8032.247130963774907286
7863.944613151346857194
7694.710328034559097432
7533.900799804088819656
7389.460066120608644269
7267.679423273214524670
7173.019371203398804937
7001.789445723581593484
6861.225408748156041838
6750.701638850181552698
6668.232275035810744157
6610.776305994470931182
6574.572280342454178026
6555.434096254301948647
6549.002151218934159260
6550.954949771787141799
6557.187528427835786715
6563.954086902224844380
6567.963387555498229631
6566.434384729948760651
6557.192438082961416512
6538.690185101297174697
6510.008028970990380913
6470.845221381818191730
6421.497438573043837096
6362.805494200908469793
6296.068266073179074738
6222.926150396992852620
6145.237532178114634007
6064.955677384787122719
5984.014005830988935486
5904.227151162453992583
5827.202047583240528184
5754.265932156952658261
5686.423692884894990129
5624.349641949056604062
5568.411813054771300813
5518.718218432272806240
5475.169914239767422259
5437.506021058360602183
5405.341152462692662084
5378.186005347199170501
5355.456325254126568325
4433.082532915909723670
4503.399893260619137436
4576.130118694938573753
4651.062649679578498763
4727.927539818433615437
4806.392673110750365595
4886.062322292816133995
4966.477214635193377035
5047.116224830461760575
5127.399769233267761592
5206.694941528668095998
5284.322403309023684415
5359.565040365891945839
5431.678410910227285058
5499.903045596352058055
5563.478703686969311093
5621.660740341411838017
5673.738768715776132012
5719.057801688431027287
5757.042011166344309459
5787.221128783853600908
5809.259330590466561262
5822.986200357012421591
5651.792655319474761200
5472.699123567937022017
5286.359105340271526075
5093.716107965077753761
4896.017630376569286454
4694.821003726901835762
4491.989861038826347794
4289.680553504160343437
4090.318487432984511543
3896.565056036178702925
3711.276484533023449330
3537.456411366678821651
3378.204332888517456013
3236.662123733602584252
3115.960713708559978841
3019.168707141958748252
2949.244318891704551788
2908.991545019148816209
2901.021033334109233692
2927.715712664530656184
2991.200902945025063673
3093.318376013744455122
3235.603662953267303237
3419.265802348931629240
3645.168685214542165340
3913.813164916017740325
4225.319154316501226276
4579.407027483991441841
4975.377775331849079521
5412.091547449605968723
5887.944451216510969971
6400.843798658816922398
6948.182407244921705569
7526.813099404083004629
8133.025212950971763348
8762.525739154281836818
9410.428602802025125129
10071.256514603539471864
10738.960605057600332657
11406.963467303266952513
12068.230994167392054806
12715.377176569088987890
13340.803585202231261064
13939.440413041418651119
14504.457311605852737557
15029.354399930367435445
15508.151837614990654401
15935.563029705543158343
16307.136630992934442475
16619.355588588139653439
16869.686530285169283161
17056.578894521175243426
17179.419174920676596230
17238.450519618534599431
17234.670987175224581733
17169.724689514114288613
17531.142874599201604724
17835.294380950224876869
18084.402614908191026188
18281.151791264488565503
18428.660179900027287658
18530.474704700242000399
18590.579174179209076101
18613.403489298394561047
18603.818822166460449807
18567.104913927894813241
18508.880276324845908675
18434.993105290232051630
18351.378256666866946034
18263.891751525490690256
18178.137628712189325597
18099.302197379365679808
18032.008419362122367602
17980.199351014762214618
17947.055427763025363674
17934.946733230794052361
17945.418698665413103299
17979.208009586109255906
18036.284694626014243113
18115.916170030610373942
18216.749141692536795745
18336.905500435961585026
18474.088538485935714561
18625.695889413793338463
18788.935537827495863894
18960.941109195620811079
19138.882502782766096061
19320.067890884809457930
19502.033259325242397608
19682.616100836956320563
19784.289285264385398477
19881.407984830289933598
19973.015549986019323114
20058.552256692037190078
20137.826236317636357853
20210.971102068277104991
20278.393869883009756450
20340.716864404057560023
20398.717115562434628373
20453.266366602714697365
20505.274323889261722798
20555.637239129238878377
20605.193385190108529059
20654.686502168879087549
20704.737851966259768233
20755.827132384652941255
20808.282156933983060298
20862.276892458761722082
20917.837157542049681069
20974.853021356750105042
21033.096708128927275538
21092.244627121468511177
21151.902019649794965517
21211.628671699727419764
21270.964188758120144485
21329.451476409649330890
21386.657309630259987898
21442.189184754348389106
21495.707989525970333489
21546.936376160268991953
21595.663024380221031606
21641.743210544387693517
21685.096244538763130549
21725.700396310050564352
21763.585931646462995559
21798.826853803613630589
4477.392225935222086264
