51.522805010053104979
23.627172061595157260
19.332230523646909859
17.885555973567022647
17.132163298398385365
16.723457865308819947
16.485106449989402222
16.338628006262460701
16.226014205764517584
16.158494498806508233
16.117067967836593567
16.067021236459332556
16.031864454690840205
16.010995564008929648
15.968236572549239227
15.937482888696280270
15.921975901245259521
15.884568374019355730
15.842657800347542008
15.825448679637942107
15.798063312720119100
15.741978379569768975
15.712360440093174674
15.673898845705686256
15.642289615070771092
15.573669271992869767
15.541990010038412962
15.525839119732118832
15.515147340831195066
15.506486057740410445
15.495974037110576305
15.452574304663395210
15.412069973159789882
15.351822799170172118
15.274478360626856599
15.201527557759197506
15.186683295114351111
15.179267845083407096
15.172481327242810067
15.161706423107141006
15.150979504071075965
15.145169433256672420
15.141639008837374902
15.139162979226920669
15.137320434342136366
15.135871491711339942
15.134533061767601936
15.132287409400545286
15.126876327724540161
15.119760450458034740
15.115563951508331542
