29.925153531113608096
29.045412496664624769
27.880852324282699328
26.597473786445917199
25.249819544027062079
23.857435638815303491
22.413057440843004997
20.853353745479211057
19.094170549020134331
17.249809726809104404
15.405661800701182074
13.590255935294067058
11.813187806631674448
10.081032178473435579
8.410778866369383877
6.827731839995067276
5.331014106481234194
3.903724169632624807
2.534313495584683551
1.216059376916319934
-0.055901539505384790
-1.283867184310764742
-2.464952346357392798
-3.586041334034547390
-4.612967805170200108
-5.472490229167760845
-6.086898357597476661
-6.481675502546920598
-6.737359533281249924
-6.907316582065192279
-7.014360425450888670
-7.067432226342475587
-7.069826966250445821
-7.022635962390410214
-6.926190950458050111
-6.780481213096379633
-6.584732802291398457
-6.335749345537095678
-6.023822794402263980
-5.627478516815756393
-5.133166304454732654
-4.570882808903235173
-3.977354400844035354
-3.376052273840713269
-2.782236815846118816
-2.206781079672339274
-1.657726887401111071
-1.140934637926534378
-0.660439258044164035
-0.218741554909769320
0.182885731914012695
0.544048284298810358
0.864805510206110739
1.145193389146413665
1.385354252261635111
1.586801993624987972
1.752541424522490843
1.885420532067229260
1.987519109427182684
2.060287335271112852
2.104577240349129852
2.120498017748985831
2.107062803049103650
2.061471419521353710
1.977622864933721303
1.842876980690562050
1.631253157251933317
1.296318021105435037
0.801012424477733020
0.175806165599027509
-0.513723171156499347
-1.210679144727151879
-1.877713170388176422
-2.503590787917516991
-3.091060118435535742
-3.641922608202719402
-4.154102924654011986
-4.623245718563595119
-5.043853249663982297
-5.409775562123911641
-5.714355506442075239
-5.950336595301706666
-6.109476760840948373
-6.181609599260411869
-6.152537097646387565
-5.999847956872883969
-5.688937902299301186
-5.186627508759130478
-4.500770816110787109
-3.689069012489170518
-2.815629560164410350
-1.927304950216409907
-1.055726534370791114
-0.221748766843148815
0.561775366756819494
1.288191103687637451
1.955696876311890264
2.566203775175097235
3.124221377987623782
3.635664396101930151
4.106624290175318492
4.542331474607124164
4.946598040020575127
5.321867614238612987
5.669712693764381584
5.991452784980879187
6.288621347859958632
6.563176537196397931
6.817487096052019524
7.054180901333154452
7.275941876319194535
7.485316127518927942
7.684561486073874903
7.875553923477923490
8.059750564626739333
8.238200938566080822
8.411594127846797164
8.580328319855141217
8.744590024200505241
8.904432186536126892
9.059843112811563515
9.210801049258265039
9.357312100276203637
9.499431618494924123
9.637271069615707120
9.770993582121889176
9.900801915175833301
10.026922535436938233
10.149588998179211785
10.269027054711074243
10.385443018679808347
10.499016037249958799
10.609894161472880114
10.718193517992034458
10.823999516059387815
10.927368864272693827
11.028331207285276605
11.126889401242522126
11.223017802108927299
11.316658389410775953
11.407715104342798895
11.496047383307143264
11.581464552634884058
11.663723528274147156
11.742533135613541617
11.817569177043367290
11.888504348109762532
11.955054265570225880
12.017032914278871658
