3297.607232401120199938
3336.256976500060318358
3385.357486446518123557
3444.297707382448606950
3511.118641119891435665
3582.926463132937897171
3656.293983826277326443
3727.480119930791715888
3792.497618290267837438
3847.160791715059531271
3887.228691386718764988
3908.684665739874162682
3908.134229057349784853
3883.238438266841512814
3981.665050512282505224
4056.203586600749986246
4109.745820281525084283
4146.428664444848436688
4171.293392366117586789
4189.915878715410144650
4208.030034854149562307
4231.138730546227634477
4264.104957917462343175
4310.739480618633933773
4373.439791714544298884
4452.964035744623288338
4548.415591128142295929
4657.502363817957302672
4776.893794670191709884
4902.679643465467052010
5030.841213665602481342
5157.632598999050969724
5279.839453804793265590
5394.920496749589801766
5501.056177068178840273
5597.131944794450646441
5682.678061746859384584
5757.780797511722084892
5822.974922995443193940
5879.125450496968369407
5927.306649823639418173
5968.683634289363908465
6004.418592453610472148
6035.591076466435879411
6063.144205986022825527
6087.857994349084037822
6110.347437375517074543
6131.080133450118410110
6150.406490196741287946
6168.595167935292920447
6185.867170681450261327
6202.423583317055090447
6218.463960633067472372
6234.194420130589605833
6249.826285885879769921
6265.567471255458258383
6281.609700280465403921
6298.115018471288749424
6315.204764539406824042
6332.953696328735532006
6351.390996744586118439
6370.508690926090821449
6390.276671535918467271
6410.662202978294772038
6431.650632971145569172
6453.263274374910906772
6475.568217972205275146
6498.680340050330414670
6522.748027603392984020
6547.923415181408927310
6574.322914189115181216
6601.981115641838187003
6630.803425166915076261
6660.526765434085973538
6690.691671235570538556
6720.633877233445673482
6749.499701345613175363
6776.285349701180166448
6799.897727668526385969
6819.231556825960069546
6833.255554155995014298
6841.099384427538097952
6842.133122004939650651
6836.031965008553925145
6822.820726971513067838
6802.894922031334317580
6777.017761615992640145
6746.294776861089303566
6712.124648621226697287
6676.143946306923680822
6640.213502820245594194
6606.870285395995779254
6578.703605149135000829
6558.256265478450586670
6547.922022063758049626
6549.838321736578109267
6565.775564729704456113
6597.028862329506409878
6644.324075859598451643
6707.754316792688769056
6786.763343951482056582
6717.666202968872312340
6661.578391061873844592
6616.604463584842960699
6580.510826943157553615
6550.909589034426062426
6525.449253893773857271
6501.987541377029629075
6478.726854802222078433
6454.300891555983980652
6427.809249545405691606
6398.803955124930325837
6367.236843782867254049
6333.379565643995192659
6297.728921882208851457
6260.909631664397238637
6223.584848830056216684
6186.382149926466809120
6149.839675055403859005
6114.374011870964750415
6080.268650289331162639
6047.679706818105842103
6016.654303189255188045
5987.156516476098659041
5959.096088933033570356
5932.355897703061600623
5906.815298665385853383
5882.367650415426396648
5858.931417848474666243
5836.455135206167142314
5814.917125531812416739
5794.321225680198040209
5774.689889224454418581
5756.055987781911426282
5738.454465890912615578
5721.914780388429790037
5706.454816277654572332
5692.076744388906263339
5678.765079848998539092
5666.487009752311678312
5655.194868306593889429
5644.830429301725416735
5635.330453010815290327
5626.632678836374907405
5618.681247259503834357
5611.430461880691836996
5604.846008841052025673
5598.903365888671942230
5593.584113640858049621
8397.069537478166239453
8408.190260326678981073
8422.250655626998195658
8439.732493639185122447
8461.163396943271436612
8487.105193546545706340
8518.138307007531693671
8554.842584241574513726
8597.775264486070227576
8647.447064568124915240
8704.297586059341483633
8768.671428689289314207
8840.796515632520822692
8920.766187691571758478
9008.526592386293486925
9103.870764325394702610
9206.440550091183467885
9315.737166142158457660
9431.140687696279201191
9551.938163256958432612
9677.359357399793225341
9806.618389154717078782
9938.958820715293768444
10073.699147933773929253
10210.275250243239497649
10348.276271736589478678
10487.470701874031874468
10627.820127564005815657
10769.479191425447424990
10912.781590358448738698
11058.213302973679674324
11206.375444374225480715
11357.940037817730626557
11513.602461669410331524
11674.034356368705630302
11839.840417397428609547
12011.521863641290110536
12189.448575385784351965
12373.841048569556733128
12564.762485559624110465
12762.120584761834834353
12965.677926260479580378
13175.069298621770940372
13389.823897037562346668
13609.390075013754540123
13833.160283297151181614
13840.556884067165810848
13851.008752603553148219
13864.039676434054854326
13879.209378838932025246
13896.113945701372358599
13914.384378115219078609
13933.684484782579602324
13953.709021523522096686
13974.182601826016252744
13994.859512053570142598
14015.524229460725109675
14035.992209368421754334
14056.110411069121255423
14075.757078693328367081
14094.840472454652626766
14113.296524142951966496
14131.085721058032504516
14148.189844514783544582
14164.609437129247453413
14180.362988851580666960
14195.488767627761262702
14210.049955343787587481
14224.143291911195774446
14237.910823840891680447
14251.553678953632697812
14265.346147968328295974
14279.647862873031044728
14294.911622820447519189
14311.684503811671675066
14330.600319991686774301
14352.362245360347515089
14377.715367921129654860
14407.410006408072149497
14442.157634364441037178
14482.582101777963544009
14529.169428499582863878
14582.219718558879321790
14641.804706029713997850
14707.734123837815786828
14779.533540572841957328
14856.435603048110351665
14937.385824755665453267
15021.063243831344152568
15105.915506233501218958
15190.509474127215071348
15273.267683513142401353
15352.567219981719972566
15426.804867302866114187
15494.465795762947891490
15554.192958001121951384
15604.853685516438417835
15645.599174407270766096
15675.911861141439658240
15695.635490261043742066
15704.983338661268135183
15704.521789799735415727
15695.129126661298869294
15677.932571199458834599
15654.229545348698593443
15625.401180387474596500
15592.826812179433545680
15557.807499546182953054
15521.504768073029481457
15484.898301882249143091
15448.763703372749660048
15413.669141562346339924
15379.987974895744628157
15347.923363836327553145
15317.540462314540491207
15288.801897763863962609
15261.602784711656568106
15235.802323450086987577
15211.249975580811224063
15187.805158378689156962
15165.350260722709208494
15143.797480036475462839
15123.090473175714578247
15103.202092077601264464
15084.129554679891953128
15065.888319827266968787
15048.505737994661103585
15032.015287914604414254
15016.451927990603508078
15001.848825035995105281
14988.235497784473409411
14975.637240258914971491
14964.075575189499431872
14953.569426928599568782
14944.136687575022733654
14935.795872101960412692
14928.567605020751216216
14922.475745243858909816
14917.548029446406872012
14913.816189448902150616
14911.315571464352615294
14910.084348058086106903
14910.162461553063621977
14911.590464358301687753
14914.408421516274756868
14918.655013785490154987
14924.366926014576165471
14931.578539748943512677
14940.321884118562593358
237.954745773049864965
