1902.036317779250339299
1982.277603958023746600
2101.128035294220808282
2248.236089943898605270
2413.106057094884363323
2588.273205414374388056
2769.236206097674312332
2953.223941846663365141
3118.606467341897769074
3282.050554025406654546
3440.800954631512468040
3591.660798533724573645
3731.622379837849166506
3858.341989562259641389
4052.365738914600115095
4235.633417548162469757
4407.940031147955778579
4569.527518657730070117
4723.640970808699421468
4873.972229918564153195
5024.235063927460032573
5177.703882040185817459
5336.760701602561312029
5502.515440065745679021
5674.571007964638738486
5850.986710189083169098
6048.578904698489168368
6252.977551916773336416
6449.108213344990872429
6631.930851254875960876
6796.738682290652832307
6939.493005915303001530
7057.059622355654028070
7147.356300222351819684
7209.430213554830515932
7243.485052502965118038
7250.872487963280036638
7234.054609981635621807
7196.535204954288929002
7142.750368419399819686
7088.628735674041308812
7029.220365898706404550
6970.481846994557599828
6918.290972029419208411
6878.024516640323781758
6854.184535840990065481
6664.554519717695256986
6497.873983080721700389
6356.017824364579610119
6239.453668032387213316
6147.335185409005134716
6077.748494702596872230
6028.059016911675826123
5995.294965820746256213
5976.242105903083029261
5968.188963768085159245
5969.419257490581912862
5978.539027383029861085
5994.891160072402271908
6018.543188793883928156
6050.217970855046587531
6091.176012784228987584
6143.056085991797772294
6207.680069848528546572
6286.829500286371512630
6382.005166506220120937
6494.186483141992539458
6623.612663298176812532
6751.384631914849705936
6888.241596576205665770
7037.254086108549017808
7194.790974115041535697
7361.427052621609618654
7529.425716218780507916
7691.601056339666683925
7842.903942197764081357
7978.591889293148597062
8094.432196454597942648
8186.844393562668301456
8252.982886958452581894
8290.770485977840507985
8298.900040426604391541
8276.824096225820539985
8224.751237341846717754
8143.662905412839791097
8035.356443847769696731
7902.509582983690052060
7759.135280696898917085
7616.125421435777752777
7670.117451081680883362
7450.410503277990756033
7233.632690831112086016
7028.608125539617503819
6844.450042608928924892
6689.851544823822223407
6572.349750818971187982
6497.678608978416377795
6469.313610212448111270
6488.274975409884973487
6553.207390834756552067
6660.707706131598570209
6526.705016455798613606
6427.552444362944697787
6359.102273512547071732
6316.301579568920715246
6293.684807456085763988
6285.826342303361343511
6287.704883892031830328
6294.956154225474165287
6304.012943468950652459
6312.147259812130869250
6317.437278063002850104
6318.683260416119082947
6315.294056009491214354
6307.161440092001612356
6294.534978354256963939
6277.906101662251785456
6257.906881970346148591
6235.226544496329552203
6210.546856222256792535
6184.496050719568302156
6157.619789884197416541
6130.366804824293467391
6103.086304697263585695
6076.033997256940892839
6049.383620197350865055
6023.241190686856498360
5997.659683736362239870
5972.652469734031001281
5948.204507661887873837
5924.280934644431908964
5900.833266115715559863
5877.803886892949776666
5855.129840533944843628
5832.747092785170934803
5810.596436338614694250
5788.632000760182563681
5766.832919386582943844
5745.218073936327527917
5723.862995940515247639
5702.916976044598413864
5682.617299860739876749
5663.296449561931694916
5645.377396619668616040
5629.352295938822862809
5615.741802571357766283
5605.036843572022007720
5597.632346909185798722
5593.771160794744901068
6932.814181984304923390
7061.270621710406885541
7206.973331605890052742
7365.325312969769584015
7531.670541622627752076
7702.712432842527050525
7876.483264032513943675
8051.792613094653461303
8269.474013395816655247
8487.095216987992898794
8702.967502160627191188
8915.719683103621719056
9124.065199373701034347
9327.013284856382597354
9560.606796515536188963
9780.292306879637180828
9990.041514899870890076
10195.719389061150650377
10398.818939594360927003
10601.031641096251405543
10804.059120100153450039
11009.408931802488950780
11218.194247286828613142
11430.966317813466957887
11647.611391176247707335
11867.335677278570074122
12045.313422245633773855
12201.266080482131656026
12354.921367621091121691
12504.119877840184926754
12646.844399771738608251
12781.361781835594229051
12906.320033502744990983
13020.805621101031647413
13124.370261579066209379
13217.036878364880976733
13299.292032131945234141
13372.068324988587846747
13436.716074159217896522
13494.959930964310842683
13525.693308482335851295
13554.236086282326141372
13583.008288937731776969
13614.311557985951367300
13650.236337457688932773
13692.504636723722796887
13641.473771268625569064
13599.236628958411529311
13566.468338714712444926
13543.257046676779282279
13529.143184306418334018
13523.225772914256594959
13524.312675098179170163
13531.086689755245970446
13542.840093117285505286
13558.644195494243831490
13576.854172032924907398
13596.910925558815506520
13618.589525407885957975
13641.992821254638329265
13667.520942837043548934
13695.820561788759732735
13727.716756706475280225
13764.129939157932312810
13805.980935962919829763
13854.089013205839364673
13909.070004940182116115
13971.244049462226030300
14079.894002429262400256
14207.705573760033075814
14341.323489289619828924
14479.517674072463705670
14610.106275893500423990
14737.580127470691877534
14864.685368205049599055
14989.724718329611278023
15111.150083208798605483
15227.633383753618545597
15338.106712366898136679
15441.773284803944989108
15538.095475449303194182
15626.769495272917993134
15707.697664697276195511
15780.968683523922663881
15846.853905324222068884
15905.823590094245446380
15958.581761417386587709
15983.701344394659827230
15968.765871965559199452
15502.877749639161265804
15411.499438211192682502
15322.891521012341399910
15242.099901267878522049
15174.438610975545088877
15125.027561981009057490
15098.305232874286957667
15097.595875705059370375
15124.802942645383154741
15180.275387979581864784
15262.860116620939152199
15370.121606366927153431
15308.983204744583417778
15267.426609123558591818
15242.868966297475708416
15232.165203489112172974
15231.927885509525367524
15238.820115933243869222
15249.789085573836928234
15262.224850669570514583
15274.044256211795072886
15283.710554573906847509
15290.204472481596894795
15292.963239797240021289
15291.802103579148024437
15286.829698631228893646
15278.365411282567947637
15266.864109211233881069
15252.851462747528785258
15236.871486324504076038
15219.446739297905878630
15201.050724362858090899
15182.091331027249907493
15162.903669125988017186
15143.750322415526170516
15124.826926914516661782
15106.271040098603407387
15088.172486005487371585
15070.583702200314291986
15053.529027298587607220
15037.012308191138799884
15021.022629934735959978
15005.538348091637089965
14990.529909350980233285
14975.962161328452566522
14961.796963977694758796
14947.996910390083940001
14934.530831536521873204
14921.381486967278760858
14908.555422885627194773
14896.094413835548039060
14884.087207797952942201
14872.679520210893315380
14862.079474099320577807
14852.555173704746266594
14844.421190807501261588
14838.012004471507680137
14833.643537235317126033
14831.569128033552260604
14831.942228816769784316
319.068169999421797911
