1721.566503087726687227
1606.669144112021058390
1480.877148210154700791
1368.989601526361639117
1256.186021638667625666
1112.725052453971557043
1101.817351678351542432
1045.244751188382679175
967.164535001615490728
883.723436345471100140
799.350997727779827073
715.674378329303976898
636.561628903685686964
568.380407067201190330
513.029900477996420705
470.760291371570076535
436.598206474464006988
411.396422064114176464
382.767055541285230902
337.709356670675902024
339.781263633089622545
660.692500534685450475
1765.810775332022103612
727.074396517092850445
458.424001730006409616
522.181344119708001017
666.739022321092079437
842.567382825578761185
1068.732099610262594069
1400.146735417765512466
1827.154775420380701689
2499.855887117546444642
3575.852337869124312419
5082.572528956487076357
6949.807036682164834929
9051.521372517969211913
11274.245091745795434690
13504.864643359791443800
15634.087191446662473027
17597.183572407364408718
19364.965708499774336815
20749.044771008651878219
21934.218322739227005513
22910.388106353919283720
23672.575802285773534095
24224.384520708415948320
24587.022200962706847349
24791.135834667333256220
24851.822894774657470407
24771.536304098292021081
24561.289202827374538174
24251.828623823170346441
23839.196095631617936306
23326.108617805657559074
22691.483035160286817700
21920.013097602011839626
21003.208866056811530143
19955.507929706902359612
18822.773667899276915705
15712.684957587580356630
12619.907733020010709879
9590.278775016469808179
6688.690408472832132247
4041.063517795560528612
1812.067437062009048532
1419.183923046521613287
336.449326598035042934
0.822659371109404902
0.006155246467228453
0.001382141275039524
0.000034583961289139
0.000001103250624743
0.000000029260398230
0.000000000191700431
0.000000000001281652
0.000000000001224068
0.000000019280184687
0.091124241592017721
148.422899456742896973
0.907966034536077382
0.000008099172030547
0.000000012036918155
0.000006919295466163
0.007449375669555972
1.045035691485117768
19.882435310521678673
287.218612206645673268
799.227211585889335765
1614.693069852506823736
2721.299761825473069621
4003.443919715626179823
5362.497847701941282139
6693.644979865945970232
7935.314918119081994519
9038.127071805149171269
9966.625051285740482854
10724.417054314501001500
11299.709753113975239103
11676.497128165437970893
11860.539523725155959255
11888.279480241082637804
11785.246816485387171269
11573.722560218098806217
11273.302195887248672079
10870.756512496516734245
10372.592579043264777283
9792.056491177074349253
9170.118183569664324750
8571.324046982157597085
8045.176473513082783029
7607.456757222981650557
7253.506381006885931129
6959.181683567410800606
6629.981098999374808045
6369.614799165124168212
6170.438061298480533878
6015.088631246738259506
5904.716479967249142646
5832.794080110859795241
5785.611111982298098155
5744.002990171538840514
5699.440406056301981153
5640.300468513835767226
5601.645435531201655976
5604.664622950625016529
5553.597700713920858107
5482.808748395363181771
5408.768898238572546688
5327.430207027276082954
5220.678822341853447142
5073.222393014794761257
4883.707877938816636743
4671.008229114934692916
4451.258082755251962226
4239.627334817261726130
4060.864446592471267650
3917.284868782834564627
3784.285562770593514870
3643.166283812465735537
3485.898950230355239910
3312.363885023021794041
3132.805176429991661280
2963.850786485713342699
2818.497713725101675664
2687.713579475606366032
2576.936266039833753894
2489.938286252896432416
2429.818621758058725391
2392.451906604406303813
5333.849444919686902722
5263.366144970059394836
5178.388013963302000775
5111.047266469050555315
5066.241193472699706035
5012.859157527248498809
5036.280579341509110236
5025.523833499295506044
4987.646311385237822833
4931.370242460190638667
4866.328697523201299191
4797.756971090892875509
4728.316344310180284083
4666.202864318514002662
4636.762257399624104437
4654.884798681969186873
4700.483217632231571770
4724.474353137446087203
4713.099942004436343268
4695.190673563910422672
4715.725473696669723722
4910.364922811611904763
5560.578594887751933129
4599.346269021249099751
4091.050126838368214521
3773.780945146455906070
3516.991064476583233045
3273.956742568916979508
3049.744658737851750629
2875.972926628570348839
2976.326211741980841907
3375.178873433498665690
4026.495053663069938921
4923.782414921857707668
6039.853443768193756114
7327.258299611060465395
8690.235511423117714003
10060.360074926000379492
11418.042332607126809307
12733.349777079405612312
13974.870633116945100483
14718.342076872655525221
15346.961247988745526527
15883.310301544990579714
16355.833003356648987392
16788.329732768826943357
17181.341004766378318891
17520.563333196747407783
17811.945824839531269390
18073.757874831087974599
18301.998008272610604763
18454.030254828907345654
18537.696376412193785654
18548.283896932371135335
18520.359917370216862764
18484.495265812915022252
18469.522044261531846132
18480.331641178032441530
18486.956249050057522254
17272.243679232513386523
16041.057533744535248843
14886.965007082304509822
13946.623347468022984685
13312.236902543769247131
13025.077534500982437748
11084.613743468962638872
11289.757648247696124599
11926.271114659455633955
12704.958974025901625282
13399.854457687881222228
14033.320105369988596067
14624.058105893973333878
15179.263282072897709440
15698.281207278863803367
16124.937585845224020886
16411.203293894675880438
16576.850501289482053835
16698.206512567263416713
16979.243962147342244862
17243.322372742797597311
17725.088843145720602479
18107.065582202751102159
18228.067248168168589473
18211.135866014734347118
18130.058757986887940206
18061.403647894483583514
18210.301053370396402897
18535.121341774476604769
19023.105169705111620715
19652.359533280137839029
20413.725345592458324973
21221.572058001958794193
22012.382510214985813946
22716.022488101887574885
23300.480434849516313989
23760.776979149901308119
24074.237948954243620392
24258.534613274150615325
24348.532136980280483840
24357.636924231512239203
24263.525513576561934315
24060.053561561173410155
23747.994590512596914778
23335.790405291147180833
22879.578592190286144614
22416.887116476100345608
21982.671044078171689762
21580.382682927316636778
21183.618878256918833358
20780.674165573371283244
20393.419089782993978588
20056.358093027854920365
19813.396931530613073846
19733.428662172947952058
19725.805195599423313979
19782.117556466124369763
19899.700004529393481789
20049.153142455845227232
20210.824479378799878759
20376.255865589733730303
20547.222013201873778598
20715.741840977036190452
20881.874224717554170638
20989.921283248913823627
21005.772681452683173120
21048.490467029459978221
21073.277407279634644510
21060.366984884803969180
21017.619129178616276477
20971.522007913099514553
20945.008184126716514584
20942.945590437844657572
20944.161729611721966648
20931.264255399033572758
20889.010032918009528657
20791.379148587726376718
20642.688990993432526011
20482.734449896644946421
20343.472774056965135969
20241.316318418437731452
20179.367658401031803805
20143.907158190912014106
20110.460290371302107815
20058.927625255244493019
20000.257119603578757960
19932.574759838087629760
19863.051682584071386373
19804.506797735790314618
19777.040045160389126977
3202.360246022581577563
