1766.578271832699101651
1696.771382192973078418
1629.460803233081605867
1576.420594703232382017
1488.723035755571345362
1275.292626396877722073
1447.934844857810730900
1478.692574384097952134
1443.256515011435567430
1390.142665791864828861
1336.352296867464474417
1282.913778448193397708
1228.467226242401466152
1176.186058671041564594
1134.519625706519491359
1109.434533209667961273
1094.545494741371157943
1078.375385031049290774
1051.944736128225713401
1013.983951313787770232
986.182891501988592609
1041.238907272230562739
1301.407454259234782512
999.119485964156524460
909.752133992164772280
919.928001527493620415
972.553282017760579947
1065.090274648102877109
1216.278962925404812268
1458.138654534525812778
1848.810216343512365711
2460.863717175870988285
3322.862035251583165518
4395.657001820411096560
5601.883233821079556947
6860.324115039798925864
8103.610381031931865436
9282.438410641045265947
10363.726509009662549943
11327.371152231326050241
12163.080903108611892094
12867.702766813130438095
13443.105346403837756952
13894.688524987479468109
14230.237269684450438945
14458.996441112256434280
14590.791575932757041301
14635.150824555976214469
14600.493262278338079341
14493.423390277434009477
14318.111695983147001243
14075.814088695302416454
13764.597484827818334452
13379.262827417045627953
12911.508794380055405782
12350.431249185343403951
11683.471176828632451361
10897.911977757852582727
9982.923284127729857573
8932.119966340871542343
7746.909930217912005901
6441.997451239902147790
5053.348857106158902752
3647.107008783398669038
2322.883788487615220220
1199.426745306349403108
416.986342791324091195
19.143830175374308311
0.000000000000000000
0.000000000000000000
0.000000000000000000
0.000000000000000000
0.000000000000000242
0.000000010802208974
14.988510151814519844
43.624679180997539163
149.722739812901522782
379.874903260847588626
797.521123905580793689
486.940285080290493624
354.595722421232096622
330.397269037013302295
343.043586551410726315
349.404543118457638684
345.657120976751912167
369.927566907385653394
497.166538176632400337
816.747335905062413985
1389.962440840588442370
2212.793043194250913075
3216.829307981679448858
4303.702897460163512733
5381.123523375387776468
6379.918233828352640558
7255.876532933211819909
7985.260061863321425335
8559.447828738664611592
8980.309329883757527568
9257.017279387269809376
9403.818145110581099289
9438.213924213468999369
9379.431490699100322672
9247.337098072668595705
9061.636047333553506178
8841.301860441430108040
8604.175490939745941432
8366.656523213752734591
8143.454002461563504767
7947.342800923012873682
7788.889558285725797759
7676.088942494870934752
7613.945315037389264035
7604.195888358306547161
7445.398481032707422855
7334.195796167085973138
7265.012338527720203274
7230.901341427201259648
7224.376417461424352950
7238.085946469596819952
7265.226974087228882127
7299.736392610802795389
7336.332746048219632939
7370.476454834652031423
7398.310388954883819679
7416.588572782699884556
7422.639510936840451905
7414.462232798477998585
7390.757928827276373340
7350.980202298101175984
7295.393270745616064232
7225.111472500851050427
7142.079110825714451494
7048.964335102708901104
6948.968526351853142842
6845.584579255175412982
6742.324170786880131345
6642.444610178682523838
6548.697823599347429990
6463.112167488799059356
6386.856474103553409805
6320.229987814303967752
6262.786113081822804816
6213.561547077167233510
6171.350651400886818010
6134.960630633691835101
6103.400573292714398121
6075.974015248609248374
6052.253842799182166345
6031.957294933676166693
2687.362772062801468564
2834.885543197392962611
2988.590199471510914009
3148.183884720386686240
3313.242321906102461071
3483.196337824408146844
3657.321018401372839435
3834.728460092362183786
4014.364974825567060179
4195.013419373040051141
4375.301086242969176965
4553.713361326500489668
4728.613156115165111260
4898.266007432333026372
5060.870687391507090069
5214.595172632059984608
5357.617823857519397279
5488.173559972619841574
5604.604622446204302832
5705.415193111783082713
5789.328674329689420119
5855.345945538884734560
5902.802478831734333653
5761.383447666307802137
5601.509236734368641919
5424.042767745873788954
5230.342338673353879130
5022.263056650360340427
4802.144240762596382410
4572.782249378888081992
4337.388663961172824202
4099.534463367703210679
3863.081722782767883473
3632.105354009065649734
3410.808269547971121938
3203.433929006020662200
3014.180382581180310808
2847.119638067114010482
2706.125523474350757169
2594.812319322973962699
2516.485445279730356560
2474.104539180021674838
2470.258438234275217837
2507.150920855444837798
2586.595587719261857274
2710.017946465947261458
2878.462576393038489186
3092.603153955738434888
3352.753061841528960940
3658.874284666334006033
4010.582289497991951066
4407.144628888012448442
4847.471125891067458724
5330.093738733014106401
5853.134647173171288159
6414.261809721016106778
7010.632326280532652163
7638.825478966462469543
8294.769375134175788844
8973.667679701242377632
9669.935837361217636499
10377.159114293926904793
11088.087097211599029833
11794.680056967834389070
12488.220732601326744771
13159.499624949414283037
13801.848113917487353319
14406.717113191509270109
14965.938166969353915192
15472.030687236385347205
15918.469371236298684380
16299.881463126703238231
16612.155692760181409540
16852.461188833345659077
17019.190692921361915069
17111.853138552112795878
17130.943144587232382037
17077.809605802696751198
16954.536140086300292751
17313.507679194790398469
17607.087648735745460726
17837.933441392913664458
18009.272556454186997144
18124.870162821367557626
18189.026332758916396415
18206.603383646961447084
18183.071185569831868634
18124.545075877882482018
18037.783839417541457806
17930.118726655520731583
17809.298582933806756046
17683.255960800848697545
17559.817495763538317988
17446.393002738903305726
17349.679465861005155602
17275.409847763316065539
17228.166057802947761957
17211.264276422683906276
17226.711709858165704645
17275.227796632621902972
17356.319750816324813059
17468.401357189650298096
17608.944270568666979671
17774.652015463783754967
17961.647997260948613985
18165.669879614888486685
18382.263563330980105093
18606.970630416646599770
18835.503504970289213816
19063.902733062335755676
19288.670851927552575944
19506.877563376972830156
19716.231678583561006235
19830.209601229420513846
19932.867589141173084499
20023.990361238335026428
20103.912381225483841263
20173.423682056632969761
20233.666067554484470747
20286.027744554150558542
20332.042916970891383244
20373.300877725843747612
20411.367143594103254145
20447.717561007772019366
20483.685216504807613092
20520.419484243175247684
20558.856446225719992071
20599.700109451172465924
20643.414070260932930978
20690.223446908392361365
20740.126864931695308769
20792.918018627824494615
20848.215873631292197388
20905.501962751462997403
20964.162571765788015909
21023.533066776963096345
21082.941256808684556745
21141.746671924440306611
21199.373010083625558764
21255.331724538071284769
21309.235759265528031392
21360.803590293704473879
21409.854822422017605277
21456.299436796511145076
21500.123208755965606542
21541.371797171217622235
21580.135547342724748887
21616.536326495373941725
21650.716916485125693725
5310.491100227672177425
