29.884454088209508882
28.965490595658977213
27.774608517830529308
26.474907909450465127
25.118703165883488282
23.725141238764265950
22.288244463136038576
20.746780402736092697
19.018136428417903971
17.216052538908400038
15.421881644933051803
13.655767074926359328
11.915271532664576171
10.195218590236208911
8.507600485392345036
6.883115741103097207
5.333373455325045143
3.854501145098481629
2.444199229862306311
1.100158224421818431
-0.182162396179450070
-1.407530551570800981
-2.577024550810278924
-3.681868455005826490
-4.691759426890001805
-5.536335090061527353
-6.139649939323504668
-6.527969321184855289
-6.781822710885819561
-6.953954415698632374
-7.066148099125854287
-7.126146089783901516
-7.136097720011122192
-7.096160089955816375
-7.006021692271161783
-6.865325910039587143
-6.673198168672087149
-6.426499897888987789
-6.115658994209042021
-5.719394828318826285
-5.224454307739080150
-4.661242569759025400
-4.066892906049503154
-3.465129509495795901
-2.871241833451705361
-2.295939871848588609
-1.746998005534692311
-1.230001485922457505
-0.748778737940938299
-0.305736251373019741
0.097824396999840246
0.461370838131529126
0.784744935058085957
1.067724649788686975
1.310197539833524161
1.513466936179383993
1.680400326673833433
1.813796819242838865
1.915782476433491865
1.987948922685006892
2.031373711212097533
2.046448241319410499
2.032478974408263639
1.986909583856544259
1.903768728373790964
1.770386503187324934
1.560604854554071608
1.227762706608899634
0.734669455592268150
0.111834265659012999
-0.575040427626078099
-1.269029962235748599
-1.932996461417729961
-2.556182081362635472
-3.141997783494417718
-3.692958526273628195
-4.207609860885582975
-4.681995262508337419
-5.110679289046032636
-5.487136614783196364
-5.803815677746115398
-6.052002110454907324
-6.221453168501739128
-6.299584736154940856
-6.269646343731693605
-6.107029874035418970
-5.775997802633270339
-5.244106032745293078
-4.522381016901647399
-3.674008460512226293
-2.769871933331273794
-1.863364569745556309
-0.991097982491055518
-0.176588813298593550
0.567323998878038083
1.236923203760312617
1.836420819392685644
2.376576400837649317
2.872543450749390104
3.340656242838917933
3.794568635471108564
4.241959188052049967
4.683228030346384685
5.112761231228631686
5.521972233261863039
5.902589202315112971
6.248972445628879768
6.559059721469282067
6.834174695160072588
7.078176484061998508
7.296390985080080327
7.494618957307551455
7.678369057080089988
7.852357455661007180
8.020253276758182892
8.184620454480608487
8.346999117129087153
8.508073325261364062
8.667880584583002701
8.826028534071014064
8.981894002677080380
9.134788534161373263
9.284082237901202461
9.429284249033173637
9.570083027935396558
9.706353119880390068
9.838136838511701399
9.965609817178489038
10.089038742900072521
10.208738211791256845
10.325031870380257715
10.438221143976448957
10.548563144915419798
10.656257935022296124
10.761444256281009757
10.864202152712607585
10.964560525742683694
11.062507553835075669
11.158001996332899353
11.250983631598927559
11.341381454979341470
11.429118744635474059
11.514114756878115031
11.596283677053406791
11.675532524930815725
11.751760873366663418
11.824865927381836173
11.894755582625350598
11.961368485661068917
