192.953777085836833294
192.953777085836833294
11.464020614868037029
1.597760651818744160
0.193417976051858564
0.155346283126803431
0.134609298026483054
0.119170021722918851
0.106941630298230672
0.096861836840086799
0.088199576250596462
0.080446339603276809
0.073299633132327097
0.066643796791394108
0.060500334972354651
0.054952575584771957
0.050069095109393204
0.045856851531337249
0.042257608813783154
0.039174144504526012
0.036501705807154769
0.034148769304943670
0.032044556361438152
0.030137946819939188
0.028393036359571105
0.026784508032449680
0.025294023478419286
0.023907763829716724
0.022614868215457933
0.021406473504518339
0.020275126303571242
0.018218740749532794
