2278.030348573764513276
2262.890121398803785269
2303.425177571511994756
2393.367556171097476181
2522.046702601239303476
2678.895336348401542637
2855.362852730403574242
3045.076646665792395652
3167.197148845044466725
3293.364903961095933482
3421.320636406096582505
3548.485716432931894815
3672.659848647013404843
3792.014427431793137657
3905.106810982979368418
4025.561787127047864487
4146.649072377782431431
4259.394343495320754300
4363.660500626098837529
4459.419377826793606800
4546.631372820926117129
4625.126301975948081235
4694.498559685384861950
4754.029661581110303814
4802.649325611926542479
4838.941791504802495183
4940.307429687481089786
5065.605807371117407456
5173.243740511533360404
5261.544753093196050031
5329.063577358078873658
5374.672933259754245228
5397.627914150943979621
5397.611537477878300706
5374.766195708011764509
5329.714784304472232179
5263.572948078837725916
5177.951026616909075528
5074.941674446510660346
4957.087452848427346908
4869.474852061065575981
4773.347846853523151367
4671.988165175292124331
4568.802173127807691344
4467.039083023129023786
4369.642569608037774742
4279.124754842120637477
4197.477408143302454846
4126.130086142184154596
4065.957926072561804176
4017.334730754966130917
3980.221555627259476751
3954.278236927225407271
3938.985218658128360403
3932.712164917218615301
3934.578886266055633314
3945.625155735715907213
3965.709816587087516382
3994.974556225636206364
4033.867757055491438223
4083.133082653706878773
4143.757891395011938585
4216.878975118257585564
4303.647788356899582141
4405.064072109462358640
4521.794343822257360443
4653.997825417218336952
4801.184351682895794511
4890.481940552939704503
4968.966656100332329515
5056.837366752806701697
5150.842420789857897034
5266.562171146812033840
5388.396229925957413798
5503.511069802456404432
5607.137583569327944133
5694.540775627874609199
5761.169409329650989093
5802.796215721232329088
5815.651339080347497656
5796.555028774414495274
5743.058300626255004317
5653.601573433094017673
5527.700012422041254467
5366.159091608308699506
5171.313208709730133705
4947.262851336022322357
4740.885844155071026762
4585.278597724342034780
6026.608139183766979841
5766.263424809912976343
5513.891824031535179529
5275.000439143519542995
5054.563225872477232770
4856.538186806597877876
4683.504613748254087113
4536.488995594822881685
4415.002655390660038393
4317.264172547940688673
4240.543615161956040538
4181.553037386766845884
4136.816656983821303584
4102.975575834794653929
4077.005895655203858041
4056.348818176006261638
4038.964080957309306541
4023.324158331026410451
4008.367792769156949362
3993.429597625364294800
3978.159293204440473346
3962.440655326233809319
3946.317041670992693980
3929.927650365652880282
3913.456509223206921888
3897.094555119620963524
3881.013981397252791794
3865.353249342173512559
3850.210720446742016065
3835.644714408309937426
3821.677872169983857020
3808.303939375880872831
3795.495418838640944159
3783.210915739121901424
3771.401370107059392467
3760.014709642008710944
3748.998744308194545738
3738.302362012196681462
3727.875273459465461201
3717.666706924417212576
3707.623577113125975302
3697.688754417474228831
3687.800141898386755201
3677.891319896381446597
3667.894525435080140596
3657.746671343426442036
3647.398945371773606894
3636.830225492585668690
3626.064068509485423419
3615.188341218323785142
3604.375653903328839078
3593.901633310686975165
3584.156799661315744743
3575.646530426697609073
3568.972598419494715927
3564.789642874542096251
3563.731817410773601296
3566.310908371365712810
3572.800560212475829758
3583.142655426319834078
6280.547230786266482028
6367.191386640938617347
6478.628876149101415649
6612.061773470784828532
6762.725942843909251678
6925.907882272437745996
7097.799656021793452965
7275.569726155446005578
7473.554907527265640965
7673.860365849231129687
7874.983612737782095792
8075.794263862966545275
8275.332003269200868090
8472.803452056743481080
8667.588355910718746600
8856.073400929737545084
9039.291152567691824515
9218.967875654989256873
9395.067323493147341651
9567.601672486593088252
9736.577626425500056939
9901.943081682789852493
10063.540183607859944459
10221.070602345038423664
10374.077995576644752873
10521.950637284744516364
10646.872525965467502829
10756.529683166316317511
10858.721595676357537741
10952.712261811178905191
11037.866094903482007794
11113.686281335789317382
11179.843176625659907586
11236.194361847248728736
11282.798505097805900732
11319.924738330251784646
11348.058207849793689093
11367.901168465079535963
11380.367816512016361230
11386.570296364494424779
11378.697096708077879157
11367.248866988473309902
11353.747193077453630394
11339.684169846917939140
11326.481832661860607914
11315.426405386269834707
11307.612457854238527943
11303.903598965645869612
11304.914049813944075140
11311.012314757310377900
11322.345010603952687234
11338.876491810318839271
11360.438673385429865448
11386.785418371813648264
11417.873832721072176355
11453.537536151809035800
11493.298615808764225221
11537.087796896292275051
11584.964080011755868327
11637.125463802185549866
11693.903967277508854750
11755.742759253016629373
11823.154272228332047234
11896.660258964366221335
11976.717756736910814652
12063.638302020910487045
12157.510460461277034483
12258.136613081771429279
12380.452818625100917416
12513.119537097916690982
12650.128974967083195224
12790.066575950055266730
12927.054475855766213499
13061.623160930292215198
13193.511394746443329495
13320.636196069111974793
13440.928821045079530450
13552.399612248391349567
13653.198372863491385942
13741.671564612290239893
13816.419162147449242184
13876.355249852214910788
13920.777048849775383133
13949.446500314612421789
13962.686176012513897149
13961.486456916336464928
13947.613081511364725884
13914.884928746258083265
13861.490135959325925796
13460.287851636265259003
13299.340956730935431551
13143.758397203402637388
12997.198633524021715857
12862.968582708557732985
12743.696360203615768114
12641.084905387177059310
12555.793304095357598271
12487.461649182636392652
12434.861250873565950315
12396.127476116373145487
12369.023925065210278262
12351.192734227852270124
12340.360376211774564581
12334.484635355276623159
12331.841852515695791226
12331.062198530979003408
12331.124854094437978347
12331.325730124272013200
12331.229107333927458967
12330.612399999492481584
12329.410872300866685691
12327.666945800228859298
12325.486892368046028423
12323.006242678213311592
12320.364129749008498038
12317.685988338327661040
12315.073504516096363659
12312.600415816652457579
12310.312663416034411057
12308.231451728048341465
12306.357933836834490648
12304.678469428456082824
12303.169657896869466640
12301.802601768864406040
12300.546085681789918453
12299.368551828158160788
12298.238914008499705233
12297.126380227489789831
12295.999557084305706667
12294.825192818194409483
12293.566985200566705316
12292.184935716837571817
12290.635767673045847914
12288.874931464808469173
12286.860678857872699155
12284.560577192198252305
12281.960628646012992249
12279.076834782643345534
12275.968579197666258551
12272.752582381071988493
12269.615418269200745272
12266.821714284151312313
12264.714281554955960019
12263.701740902657547849
12264.229117712455263245
12266.728156186985870590
12271.548213648780802032
12278.877666890999535099
12288.680322027486909064
1273.141210366024779432
