67.537309085806327857
68.172992977450775243
69.132042684372805752
70.172922344735269462
71.071650695837220724
71.675399303905933834
71.441033599228290996
71.208337895092029157
71.450003665838778488
72.103382741491998331
72.941056078004351093
73.812059776185023452
74.651572338839400800
75.339093143212494397
75.464772268051774518
74.791415989599983050
73.614362282461257792
72.693903252864473075
72.119986958102430208
71.315603464570145320
70.082913593765084670
68.700157433988636058
67.209622186239613484
66.461601583341092692
65.419268191463416429
63.992627001260423469
61.610180375835781774
58.301387596465545471
53.970751495545272292
48.150385963986295224
39.601221277084718508
28.649008911497787722
16.672429825559547112
4.943582854143301120
-6.299368874314609457
-16.861608151061943772
-26.275523635710413828
-34.526391867415014758
-42.249356845296205165
-49.483575531400560976
-55.818331460944506262
-60.666686078885447841
-64.193913910400084433
-66.716917331002662195
-68.759909150826672430
-70.646852568372565884
-72.179990318232285063
-72.896811473728348574
-72.744544030616367536
-71.913204072390641386
-70.211141872640098427
-66.918776338375636215
-62.133995123512477221
-55.907694132171116053
-48.940053316139227491
-41.934284551841955135
-35.471312715328906506
-29.533454951795675925
-23.338246852345548632
-15.870360268762851774
-7.473523445349542271
0.804412482354763370
7.687515829430481062
13.036152619960802213
17.685412898010753224
22.616782630544605581
27.773332258106478321
32.556986509384813644
36.493192843666719227
39.580916402346730365
41.947609739361098491
43.672120861806519088
44.851767702912837876
45.696164268350145221
46.606300340837094609
47.808554598840487415
49.031989991435978027
49.662453899295371684
49.191755020571918067
47.424310432466256771
44.737841152171739623
42.179623666172375351
40.457824336876058169
39.248767274748189493
37.892525733777858932
35.718229026235633228
32.266905154585060700
27.562023980915881793
22.035145084785739300
16.145294267253063936
10.155011535483538410
4.327581051234631104
-1.157298251117595100
-6.150919447053524891
-10.563208999574214886
-14.341709150687393048
-17.433044050143450932
-19.949208859156215112
-22.086519607535080922
-23.879755130970750088
-25.159304507058720901
-25.774333230498143621
-25.700505575902809596
-25.112150596262893032
-24.408853694929348421
-23.958175573173491557
-23.925711147641266052
-24.161824840151609806
-24.316700148100835577
-24.154585760280554041
-23.729569288296090690
-23.326142012853551932
-23.290805445043076816
-23.779898069381204095
-24.694902164705865744
-25.942628021933558102
-27.450399715111814203
-29.088284162558238677
-30.746493942431641244
-32.383641569109897773
-33.989346942783924987
-35.509628152515688271
-36.796947384005818549
-37.631110454902625406
-38.009168522780726107
-38.183829447577352312
-38.207425017251864574
-38.034649919634773596
-37.731816524600276352
-37.470293391482584866
-37.399856265000721578
-37.530965686668537273
-37.721089943596211924
-37.763152417403489380
-37.456039746033923166
-36.674330755796859194
-35.475791634882511971
-34.098751129438880980
-32.818549882147465269
-31.819744827407873800
-31.143141901447165765
-30.691862000767400787
-30.301105930205039840
-29.845463941513344253
-29.290883279252227567
-28.647165081043908685
-27.957677913749023446
-27.300598033782478069
-26.759777828821540879
