29.855098292437688201
28.949611485689800361
27.727838751989722255
26.380465612785812368
24.981412186293354694
23.563997058077703173
22.128574443056876930
20.612501894727984109
18.926190731921906263
17.173649379318220554
15.427818711543537233
13.705025153538258564
12.003070234481015177
10.316120455736495387
8.649130075027017028
7.021731486507434283
5.441359242238462457
3.913415396679056357
2.453394594538906404
1.076268225570913728
-0.211454816860793926
-1.411650881457433115
-2.530583588885093604
-3.571253991222192781
-4.518481844944687964
-5.315621227005919991
-5.894721690760519550
-6.282964393050235685
-6.556837394282240439
-6.763653828856149630
-6.921036616804912001
-7.034728728003841525
-7.106542293583373748
-7.136753207149240552
-7.124260242049842873
-7.065898108147536050
-6.955438879170628752
-6.782114111868992268
-6.527513115204953920
-6.161949186906099385
-5.666026606012252387
-5.067863754211316518
-4.407059686206366678
-3.714363139998937413
-3.015354377929924112
-2.332382086392613019
-1.684300347055398106
-1.085777221695366279
-0.546918776156786635
-0.073359591666672941
0.333265616784757412
0.674598171333684604
0.954655563074197744
1.178830180016120721
1.353459703043995432
1.486502700733467464
1.587065568369666835
1.663224610401670134
1.721033174977861790
1.764492094965618207
1.795629475050134261
1.814557543393163996
1.819376557409441375
1.805680419546263238
1.765203552302637036
1.682619866182989199
1.528721032723751705
1.253312420755491985
0.815192275251519050
0.240690184101936211
-0.408160555715710416
-1.076776654736278260
-1.728455992845653100
-2.350875121076597907
-2.944252545991759007
-3.506945311275984523
-4.033136865501631974
-4.515071937702145988
-4.944817919376390591
-5.315306663875162485
-5.620865930885940998
-5.857251163583697462
-6.021041594366636218
-6.108076817212946708
-6.110262822705351482
-6.009839054504453770
-5.773545859713152595
-5.364563011462422537
-4.781421073427765123
-4.067910081525241139
-3.272673486362407402
-2.429568011073143907
-1.563071597342798214
-0.694184604168185615
0.157472629007230580
0.973990204059134612
1.740448009096638771
2.446143835783630038
3.085244249854667942
3.656712025884388595
4.163605619142657588
4.611958884955413396
5.009485778301410619
5.364358372153446908
5.684268425008696113
5.975879959789409668
6.244646209947120497
6.494872582637441383
6.729893686248686890
6.952271566716035522
7.163970463293452440
7.366496244206956590
7.561003792376169486
7.748379577996445278
7.929305893461958021
8.104311365186873672
8.273810790633831402
8.438136364127899469
8.597561830438166908
8.752320806292175348
8.902620330366858070
9.048650536916056808
9.190591185455019740
9.328615632358577159
9.462892694231555879
9.593586757947718979
9.720856409857191238
9.844851821509820411
9.965711101785160508
10.083555824796377465
10.198485957665155865
10.310574437430176431
10.419861697634928532
10.526350500251538733
10.630001496435994568
10.730730017625461414
10.828404653187732265
10.922848206857338482
11.013841614869846808
11.101131317211894611
11.184440421183921899
11.263483739366989766
11.337986456936420154
11.407705821320945461
11.472454837692339424
11.532126486554062694
11.586716244722623514
11.636339375023595721
11.681237702453870497
