67.953817305108458413
68.661418141732298182
69.603810244079411973
70.486650337273417222
71.041706769881670880
71.341698438073677835
71.404591005595136721
71.473003265146161311
71.781780076748205488
72.362587964053176393
73.088852921474142477
73.860396365934136043
74.630783701250251738
75.281882118189145103
75.390306532472905587
74.702710407463129627
73.508529262982762020
72.577033420558166199
71.989864991655977633
71.175021862096940595
69.990350052978172357
68.794131214708514221
67.615678819488707063
66.441387173753014395
65.016466614180615124
63.061522800746431017
60.102649710556292462
56.169449104987606347
51.123170125434810984
44.596828428575818748
35.694827350976211733
25.170371312133113406
14.293558808532537796
3.809281203261306814
-6.414536033781871538
-16.270749863053083573
-25.232314270111714904
-33.183982352784227032
-40.675231730856239665
-47.693135961006788648
-53.806422430441386950
-58.428690693448203319
-61.735630977316702683
-64.056229452051354656
-65.924156159472573790
-67.669003297544236375
-69.095339004320152299
-69.740806877007429421
-69.551738072714670125
-68.717070122035437407
-67.044466597938765062
-63.814336824937441861
-59.125228231058031270
-53.029029108274414739
-46.226534316179993311
-39.420145961224932307
-33.187488703308645199
-27.504912262132961587
-21.583668085028250516
-14.408352832792814979
-6.339149982567136021
1.533363124867349825
7.863409820529255967
12.434903634201361911
16.058477570821196423
19.838588128580198600
24.033051691610467060
28.367307399957638836
32.352264699893652278
35.668491121901041652
38.250908159275525122
40.169151574974762298
41.553160758783860729
42.640365028820014004
43.861368844846026605
45.487301682234971167
47.297953395675932597
48.623231405665165994
48.674884349517498094
47.028200703265014226
44.186560740228372879
41.407154628483965553
39.424853258924969168
37.829338597973702463
35.919439659576596569
33.141607103619918462
29.310463809944081959
24.706534628720817182
19.788590782929503575
14.816527662261876230
9.799284328107660258
4.840155736010558485
0.081163077668747974
-4.308630981421458728
-8.226269591294226302
-11.631303922809706819
-14.492117284718176506
-16.934641858963573213
-19.154064706778626714
-21.169491899255376666
-22.784369756726903233
-23.813571491163088467
-24.195556819018577244
-24.069353093676909339
-23.805174478877404454
-23.748846924515703449
-24.051034633020719866
-24.552289225248841831
-24.897675440601688024
-24.852442165761942761
-24.479524100629873828
-24.079561171234729500
-24.018227729882937638
-24.467683533816341424
-25.337594055014051264
-26.535814689149674450
-27.987306456153191903
-29.560022925471230337
-31.144129470033533380
-32.700193780551501277
-34.220610624178902981
-35.653784953830665927
-36.853919085169309255
-37.602773065666553975
-37.900612192125379352
-38.004709662765890243
-37.972509209485849624
-37.763606594449811382
-37.448504186590469089
-37.201171775444777268
-37.170935972878396569
-37.363463327197621311
-37.627031011838425911
-37.742720337504692907
-37.498156613768799161
-36.760855062458460907
-35.588096840659147801
-34.224015041216716781
-32.952926395009285443
-31.967048950284777220
-31.309814176271288488
-30.880549745866289868
-30.505536091694068546
-30.048336757530819341
-29.464935936533777294
-28.758460012031093811
-27.969976135078809421
-27.179793091008036754
-26.477502187915661125
