67.168960410977916808
68.012801159045608301
69.106533920783320468
70.023346106542220468
70.507635730982855193
70.741395066679189085
70.814439259207688337
70.979115270846122598
71.404165270900293194
72.082123137603531404
72.882447697135376075
73.711252697725214489
74.520200597252980401
75.183939873317441993
75.287369559693303245
74.595935439098184361
73.422445275974197898
72.543795123848440198
72.064967013255682105
71.324335800421394538
69.604018022198260951
66.378435087226449696
63.507191051118986991
64.389705609941756848
65.363148922691834741
64.445108035224365040
62.010990866234408259
58.633487710826742045
54.201739227869936144
48.123170164849824459
39.213297256558291792
28.060794394927611961
16.092010810588703862
4.380288128779881163
-6.930430425606687095
-17.584797208930069701
-27.010067179957502503
-35.107044141157331296
-42.472799496017330512
-49.154929442641730475
-54.784548038353108268
-58.833284695708044865
-61.527947538047044418
-63.241752797337198899
-64.546768781313545560
-65.805916184957311543
-66.852009472431205950
-67.245243654368920261
-66.947935696739392597
-66.157565766924733452
-64.682144030983408811
-61.793662367580481032
-57.573133287261896385
-52.045671258386875024
-45.876178272858965101
-39.722409669019356215
-34.109215237014041122
-28.953009589323016826
-23.399546415165872304
-16.365410291763339501
-8.146834837188208667
0.210597038781685342
7.354593835314574335
12.952725508723943904
17.554926602815555725
22.002382761014303014
26.392981323694442608
30.322574923393062818
33.461471158079007182
35.874486376200167115
37.698887409233719836
39.017175327252175521
39.935140328506491869
40.676488775723811386
41.665849535242472257
43.170378962721201788
44.965359495798281841
46.376955779700580251
46.621643355467313086
45.281084525613209735
42.847495540042984885
40.574173418049610973
39.203573253846855096
38.309612888793395769
37.105658400728145807
34.884500074636918043
31.291018019206404688
26.506165936434115338
21.036982477070012010
15.318471821959633417
9.557859040711377929
3.997307856064253428
-1.160112011037313096
-5.743397229581319152
-9.681889523554389143
-12.982484378562901384
-15.663514724875483353
-17.895958921650617413
-19.910873379637394009
-21.751910282027779431
-23.235057702959409198
-24.176207123569611213
-24.504909344968268670
-24.344096574746288297
-24.044483698893998280
-23.933416269524400377
-24.148410513425062618
-24.525427685432134695
-24.714752290954947966
-24.495572542400054772
-23.950408821552002792
-23.400916878249972797
-23.230721090717963762
-23.623033914637233011
-24.489836085005265431
-25.733533028305828338
-27.268751690824103662
-28.951208154955338614
-30.659044255192895889
-32.342523956450918377
-33.986789490797434610
-35.536853857803464507
-36.846714144648103684
-37.698643020089320999
-38.091466085155218479
-38.278540289704778843
-38.312275282639177476
-38.146913809628813397
-37.847185992563709078
-37.581812994366771363
-37.498202283908142363
-37.606579045538239825
-37.767420394295811548
-37.779553262700176219
-37.448838312443058385
-36.655018282169635313
-35.456511149919890613
-34.087199926827281615
-32.815112751674291758
-31.818153270637537844
-31.133904120154682005
-30.666608190395038491
-30.255918265782611343
-29.782305675791974409
-29.217992588240917939
-28.579544279483741320
-27.917017773620500520
-27.313137624018736460
-26.851807920059741264
