64.749079642910572829
66.081377760491932349
67.510144817427374164
68.507851906968866729
68.861596332885909533
68.876790351857849259
69.130402333170337670
69.352278107732431067
69.599547980202601138
69.939097818293618047
70.318909297601493336
70.702286882405729784
71.094766725909025240
71.425065267051422779
71.310645723919250827
70.521760941659152877
69.350800929208745060
68.551270068762420351
68.154519466860747912
67.424959525563849638
65.845649892132939840
63.627541258154174386
61.790741435053497810
61.827917252387699421
61.877373833529389913
60.784242551875010463
57.991441296093370283
53.619626133770680099
47.790745506276522292
40.591388452395534614
31.553781428443031132
21.475447215372000187
11.504277398664015664
2.280580620664977687
-6.404261157332882703
-14.511867202589201042
-21.582272352637488666
-27.565816760265448693
-33.074421554018471170
-38.152710186368949508
-42.420347338430048012
-45.334032496428989134
-47.104747795348600903
-48.090288672222754940
-48.848368670760351051
-49.728989501563233944
-50.553728679528489920
-50.873414264433989729
-50.643016907544534888
-50.054814792780092603
-48.913870701259753559
-46.491600681159184205
-42.870961643172137201
-38.081735438719277909
-32.796476269353917132
-27.683865267054699189
-23.283177059521250385
-19.528744841246378883
-15.587225644279158132
-10.397600713658334826
-4.276440842800468545
1.720990046763461123
6.265274537805709087
9.131083453720378884
11.128679111446416528
13.465587478676610544
16.583381073731089828
20.241638954879704215
23.744374472458360970
26.502629859367004883
28.339231789532789207
29.390610042027702775
29.893795035981099772
30.160925779454458961
30.665711374889610852
31.701248739796767495
33.055375138546281732
34.065537212964841274
33.987654089148691128
32.465090595001811380
29.999583673407130391
27.824031177952036842
26.706201458131630488
26.287769711039004505
25.849273539042656012
24.702681903626142912
22.468582032624453859
19.291811032476346099
15.601551146216962707
11.703212728506343865
7.668304241155453838
3.640381789955483782
-0.226508188517016151
-3.769937036352359883
-6.902381226696547856
-9.601182374331244773
-11.851365530626083000
-13.792627123095712705
-15.630265782699666488
-17.389175116807678023
-18.873033437677861457
-19.889779284563189776
-20.362717871153108717
-20.408000591229495058
-20.367738229674500872
-20.558544409142825771
-21.105429544132846331
-21.830788251411604506
-22.371415282630550792
-22.495014063070698285
-22.277212915101074486
-22.038735727808045795
-22.165046384499817123
-22.836050621770198177
-23.950023729407689643
-25.389603123491212955
-27.053247643335168959
-28.790592975315178137
-30.484518568641249203
-32.098089985771935062
-33.633791594073215947
-35.055550777972428023
-36.235445074108895369
-36.970667128475554364
-37.269952150846449968
-37.391576071322219832
-37.389456451133753490
-37.216898438929206350
-36.935313382508297764
-36.708359287441169272
-36.678322178280552635
-36.852039078343466372
-37.089075735010453627
-37.189173217660993487
-36.959290357344968925
-36.278333693296985984
-35.200324799585473556
-33.951627383436346008
-32.792419209578042683
-31.895822764015406392
-31.299872097456500342
-30.914566439786597130
-30.588377638750216647
-30.209801917503625646
-29.754813980953429109
-29.237944753363080963
-28.701887040055282796
-28.219244547727839745
-27.865222726762340244
