4016.666127119212433172
6106.661741038345098787
6861.073770975172919862
2867.030543561078957282
7108.321205481292963668
6563.532691178299501189
5729.256216625902197848
5052.691330212120192300
5079.951033531370740093
5994.320365122289331339
7324.911119922952821071
8419.638518499601559597
9056.004315313215556671
3809.391168780307907582
9111.913782289397204295
8621.352697955006078701
7836.436810697297005390
7189.393921670133750013
7034.216119240864827589
7212.375469780058665492
7546.573361266753636301
7773.533042494527762756
7809.201880239160345809
7802.919116264489275636
7968.669714232989463198
7866.353832580923153728
7815.971941246186361241
8005.275411605776753277
8317.575937775212878478
8626.991217273445727187
8861.177149957267829450
9007.810354118064424256
9088.240121303024352528
9132.594533419569415855
9165.610538211965831579
9200.622977623064798536
9238.637429022259311751
9270.919854214213046362
9284.084198606909922091
9266.343632473477555322
8424.765315614755309070
9143.280461108781310031
9051.004685180763772223
8961.333812132761522662
8889.548236047559839790
8842.222202962873780052
8815.503612936357967556
8797.875062262806750368
8775.633645060084745637
8738.391647370686769136
8682.516126076254295185
8611.715219150750272092
8535.064264079366694205
8463.442771311203614459
8405.585031298276589951
8365.774184654714190401
8343.522360515493346611
8334.572666114096136880
8333.581949888137387461
8336.243032379341457272
8340.252762391008218401
8345.091315488463806105
8351.131935849545698147
8358.731338541592776892
8367.759154357763691223
8377.701664014777634293
8388.176031319062531111
8399.487698946393720689
8401.503242311078793136
8403.656218463607729063
8410.914452200810046634
8423.387901269037683960
8442.530527947317750659
8463.510551054096140433
8481.649527639228836051
8286.136513290062794113
8502.929383857284847181
8509.265981676921001053
8518.736266709602205083
8536.415545923227909952
8565.101073309371713549
8603.528451595075239311
8645.968165966629385366
8683.372267769511381630
8705.557865388656864525
8703.600034573439188534
8671.751713245199425728
8615.106388129062906955
8540.660616407778434223
8427.026586124324239790
8284.664176022726678639
8140.673598237706755754
8011.055765036516277178
7912.991301595142431324
7863.606184176745955483
7874.858644810710757156
7945.544736685319548997
8056.764875715101879905
8176.261739792237676738
8269.707118695920144091
6868.035636583496852836
8294.905269054828750086
8227.068479633297101827
8132.534680562423091033
8042.348513606333654025
7983.623046209618223656
7969.220741228006772872
7993.989857199652760755
8039.899424991708656307
8086.318672859673824860
8118.874440339214743290
8132.927887781735989847
8132.047301126985985320
8124.021232259673524823
8116.739444156969511823
8115.318464463698546751
8121.037762061574539985
8131.986434244415249850
8144.748750473193467769
8156.182054925431657466
8164.530652920168904529
8169.623884319093122031
8172.403426248999494419
8174.233105194094605395
8176.362222291185389622
8179.679867104679942713
8184.690313725503074238
8191.547641723311244277
8200.029912223153587547
8209.458437456503816065
8218.692109353360137902
8226.369926966030106996
8231.477914427732684999
8234.105237393179777428
8236.024128478353304672
8240.629420381668751361
8251.947928806162963156
8272.883028444222873077
8303.388890777741835336
8339.558292157209507423
8374.406177096150713624
8400.442224206339233206
8413.176581151486971066
8413.873831157983659068
8409.698444774860035977
8410.506930323721462628
8423.772364259695677902
8450.825114950117495027
9028.509180108056170866
157.162503307657544838
3524.879353013467607525
3533.692433316467486293
3542.506133079185929091
3551.911565687415986758
3562.581589386156338151
3575.293143687983956625
3590.949500410517430282
3610.590461445614437253
3635.381367275765114755
3666.573837906483277038
3705.437315283995303616
3753.168015208725591947
3810.785101913103972038
3879.026529892233611463
3958.256718809855556174
4048.394797622879650589
4148.870021581093169516
4258.608669351821845339
4376.052123342139566375
8387.495875003982291673
4625.742617496284765366
4753.084036730554544192
4878.591739979614430922
4999.733121214992024761
5114.288322102061101759
5220.548012393218414218
5317.468297642273682868
5469.756409706412341620
5663.800043000213918276
5849.433407191599144426
6027.477624866158294026
6199.269998570547613781
6366.456865089568964322
6530.802237688218156109
6694.039241022277565207
6857.770928512169120950
7023.407623032204355695
7192.121472609390366415
7297.183758846590535541
7323.300144412551162532
7353.797889312037113996
7388.230780594843054132
7425.998318268384537078
7466.432074372173701704
7508.875228391500058933
7552.736441795444989111
13988.293575879644777160
7642.749077862787089543
7688.042704488204435620
7732.951819007655103633
7776.986242891601250449
7819.598175240808814124
7860.206173208649488515
7898.240898983344777662
7933.198231449069680821
7964.684132566471816972
7992.441467620868934318
8016.353232932224273100
8036.426544116397963080
8052.764311151476249506
8065.533362039804160304
8074.934823730974130740
8081.183557831251164316
8084.493217376505526772
8085.070956327225758287
8083.117453262617345899
8078.832580642105313018
8072.423601426770801481
8064.115311743748861772
8054.157485848595570133
8042.827782670196029358
8030.430016779308971309
8017.286178781925627845
8003.729830991931521567
7990.101536522531205264
7976.755496535322890850
7964.073991180513985455
7952.491717651228100294
7942.516754025227783131
7934.741907103024459502
7929.833548305347903806
7928.492601278766414907
7931.389250826425268315
7939.076148119365825551
7951.896094458405968908
7969.899296422137012996
7992.786558614331624995
8019.891129492495565501
8007.143876512304814241
14381.857799593428353546
8065.517873235880870197
8094.248070510820070922
8121.293693217682630348
8145.947883134765106661
8167.876510151039838092
8187.140720628730377939
8204.148839968422180391
8219.542075725006725406
8234.037034281025626115
8248.264388181249159970
8262.639982374041210278
8277.300769374985975446
8292.117048236917980830
8306.769714279331310536
8320.865929697458341252
8334.054546195467992220
8346.110400794277666137
8356.967925192650000099
8366.703501571773813339
8375.484874888632475631
8383.509318006117609912
8390.952421009400495677
8397.941145828677690588
8404.550562475496917614
8410.816867961519164965
8416.757928641003672965
8422.388994031931360951
8427.731384882099519018
8432.811296065130591160
8437.654061940274914377
8442.276682395506213652
8446.682303869347379077
8450.859707860521666589
8454.785493131415933021
8458.429467644578835461
8461.759810457899220637
8464.746672265497181797
8467.363153495298320195
8469.583760133351461263
8471.380626602198390174
8472.719232252176880138
8473.558028091505548218
8473.851389862855285173
8473.558915375077049248
8472.659276537660844042
8471.165060962312054471
8469.133088704449619399
8466.665407168924502912
8463.898557518616144080
8460.979760776597686345
8458.042435338225914165
8455.183429214728676016
8452.456285308877340867
8449.881706408279569587
8447.472467427443916677
8445.265702166096161818
8443.345250462227340904
9483.447588702636494418
8251.895791428594748140
