143.921145067218219538
143.921145067218219538
13.229171979565007788
3.692210447747255486
2.905967700122906283
2.762393983531870489
1.076458123543900580
0.885979987899364607
0.782974194421920622
0.706715275052377634
0.651846541393206080
0.609703930886355661
0.575710631491941571
0.547278153179099558
0.522929883626965686
0.501781938169369446
0.483271136638442622
0.467014008887495058
0.452735380536386178
0.440234122975641851
0.429369776090799460
0.420063302582154185
0.412312133773376610
0.406227476745298299
0.402116332963663059
0.400666151281476812
0.372751570017213707
