1995.102053557114231808
2078.806991220931195130
2240.389543955619501503
2477.898632727495623840
2529.987908411135776987
2641.752573789164216578
2803.255489111424594739
3004.109145705988794361
3157.797133302948623168
3329.506997158958711225
3509.458895070534254046
3686.487055710433196509
3848.708971187281804305
3983.569547858448004263
4191.753494358718853618
4361.552730185592736234
4474.988661886028239678
4512.600397747820352379
4464.831530496849154588
4323.599945057194418041
4082.485717664865205734
4645.255285160309540515
5115.417198520529382222
5504.467751586876147485
5823.064740274345240323
6080.729844531901107985
6364.834692346671545238
6643.337132308769469091
6882.577968815790882218
7087.626021657373712515
7262.757926196474727476
7411.745660113218946208
7538.135735375905824185
7645.505052549039646692
7737.680342732573990361
7818.909055402331432560
7893.969489883442292921
7968.207509880582620099
8047.487524450434648315
8138.048182248867306043
8288.415860969163986738
8373.815481396226459765
8488.878915879498890718
8638.748388328514920431
8827.342733374705858296
9057.017274371735766181
9328.353474006840770016
9640.116237154210466542
9210.732929943098497461
8825.049217342781048501
8488.019843081836370402
8202.988093852141901152
7971.488112703075785248
7793.250468051945063053
7665.341997260804419057
7584.247478526218401385
7547.331752775021413981
7550.033047310839720012
7587.590405979869501607
7655.266760365866502980
7748.472805855963997601
7862.805729880952640087
7994.027883868723620253
8138.013706475256185513
8290.690395395238738274
8447.991227531707409071
8605.832174086774102761
8760.114321696546539897
8835.099499832742367289
8875.555077884680940770
8900.006860564173621242
8904.192597045657748822
8903.246741218566967291
8881.639656327435659477
8826.892718963224979234
8734.621743672561933636
8892.409095005035851500
9007.877971325462567620
9081.207546766880113864
9112.898826254418963799
9103.696579779625608353
9054.555962867327252752
8966.661259245151086361
8841.500343359346516081
8680.993323510534537490
8487.666983068544141133
8264.857928060955600813
8057.743612093026058574
7896.922761720638845873
8569.204491764701742795
8361.360161274738857173
8088.979628591019718442
7823.294223716648957634
7569.984748915062482411
7334.681352583786065225
7122.560705195019181701
6937.968187201919135987
6784.115152062160632340
6662.890354758785179001
6574.805282276020989229
6519.070576616442849627
6374.569839339796089916
6258.564206386785372160
6168.299740091666535591
6100.490720047429931583
6051.589910101446548651
6018.030014115493031568
5996.419159888125250291
5983.682878728044670424
5977.152971028432148159
5974.609129302831206587
5974.282204055191868974
5974.828981403905345360
5975.287904275133769261
5975.023913812282444269
5973.668984947181343159
5971.063292600430941093
5967.200457306521457213
5962.179057480660958390
5956.161580952136318956
5949.341206725443043979
5941.916232874098568573
5934.071568172449588019
5925.966456644183381286
5917.727480071458558086
5909.445855479511010344
5901.178097265815267747
5892.949214255396327644
5884.757748855795398413
5876.582110402852777042
5868.387794552683772054
5860.135197862759014242
5851.787819934563231072
5843.320683801278391911
5834.728796209367828851
5826.035404419076257909
5817.299692449904796376
5808.623396099093952216
5800.155618465299085074
5792.094909347629254626
5784.687471794268276426
5778.220221366507757921
5773.007440745589519793
5769.370080215919188049
5767.607564809163704922
5767.963566686179547105
5770.589809719159347878
5775.515342523563958821
5782.631341192888612568
5224.107887369062154903
5357.211209824464276608
5525.173979284334563999
5727.146807805223033938
5846.384425619428839127
5992.427415527602533984
6160.869951052462056396
6347.108592153339486686
6562.975556103937378793
6787.708834609992663900
7016.473249729695453425
7244.330814015494070190
7466.025232993246390834
7676.000578174250222219
7919.295887545089499326
8136.326640054700874316
8323.124982043129421072
8476.751565160820973688
8592.973165737463205005
8668.205610456112481188
8699.595876981653418625
9113.330413777874127845
9486.495281461482591112
9824.233495777307325625
10131.299560977275177720
10411.926224676284618909
10652.692985399373355904
10865.285376619111048058
11060.970631584163129446
11241.937335114640518441
11410.008632498949737055
11566.771330839041183935
11713.701186190852240543
11852.277696591692802031
11984.082615172073928989
12110.876835231845689123
12234.650278201377659570
12357.639201825862983242
12482.305478827887782245
12611.273603714313139790
12738.127403091106316424
12834.798303359855708550
12943.492274829104644596
13066.351850158900560928
13204.981087422100245021
13360.296175893015970360
13532.434051440372059005
13720.735939762816997245
13556.719702537990087876
13410.233784422938697389
13283.509039680537171080
13178.077591107004991500
13094.682470196643407689
13033.278194145030283835
12993.342324616869518650
12973.645858372976363171
12972.194502885204201448
12987.079401085831705132
13016.313440669633564539
13057.929997431079755188
13110.037483241258087219
13170.835981549895222997
13238.607169011560472427
13311.690135364298839704
13388.454434429177126731
13467.278730197860568296
13546.539697968366454006
13624.612196119955115137
13715.339726513184359646
13806.531244152300132555
13891.608970763907564105
13968.878821743965090718
14032.424904255340152304
14082.958625207020304515
14120.509595418901881203
14143.278547861513288808
14279.893582139380669105
14399.851069432210351806
14503.332350067586958176
14590.628111779413302429
14662.099896274419734254
14718.162656503998732660
14759.291926652142137755
14786.057396861622692086
14799.182311051587021211
14799.624946092118989327
14788.674417393509429530
14759.238451410637935624
14708.228423379339801613
14470.195075566849482129
14353.483440110132505652
14190.792062383432494244
14033.020630191878808546
13883.789334110013442114
13746.710738401337948744
13625.117381777079572203
13521.805191252979057026
13438.827019370834022993
13377.363147814894546173
13337.682401695405133069
13319.192132094547559973
13239.543629117051750654
13178.420680420889766538
13133.957371157615853008
13103.938564802791006514
13085.981150819599861279
13077.695837793135069660
13076.817846773725250387
13081.301415649842965649
13089.378416915507841622
13099.585114979558056802
13110.763128400398272788
13122.041316628796266741
13132.804997342878777999
13142.658032024079147959
13151.382215886931589921
13158.897287302841505152
13165.223857276514536352
13170.450702442907640943
13174.707179056204040535
13178.140989637115126243
13180.901149693772822502
13183.125737935266442946
13184.933850915325820097
13186.421104290293442318
13187.658008391847033636
13188.690585395204834640
13189.542666401755923289
13190.219401917958748527
13190.711619007741319365
13191.000754384804167785
13191.064172954427704099
13190.880738257133998559
13190.436527437610493507
13189.730577283535239985
13188.780503409700031625
13187.627757025673417957
13186.342171634763872134
13185.025316432882391382
13183.812022713338592439
13182.869310945325196371
13182.391849054009071551
13182.593079970727558248
13183.691361504890664946
13185.891008370188501431
13189.359209638014363009
13194.201567617799810250
13200.441297306357228081
13208.008916070233681239
2018.982466615000475940
