42450.144635604468930978
42439.660394773411098868
42429.176153942345990799
42418.691913111280882731
42408.207672280223050620
42397.723431449165218510
42387.239190618100110441
42376.754949787035002373
42366.270708955977170262
42355.786468124919338152
42345.302227293854230084
42334.817986462789122015
42324.333745631731289905
42313.849504800673457794
42303.365263969608349726
42292.881023138543241657
42282.396782307485409547
42271.912541476427577436
42261.428300645362469368
42250.944059814297361299
42240.459818983239529189
42229.975578152181697078
42219.491337321116589010
42209.007096490051480941
42198.522855658993648831
42188.038614827935816720
42177.554373996870708652
42167.070133165805600584
42156.585892334747768473
42146.101651503689936362
42135.617410672624828294
42125.133169841559720226
42114.648929010501888115
41794.720751942179049365
41040.592585291931754909
40286.464418641684460454
39532.336251991437165998
38778.208085341182595585
38024.079918690928025171
37269.951752040680730715
36515.823585390433436260
36365.600512945988157298
36341.722119542995642405
36317.843726140010403469
36293.965332737017888576
36270.086939334025373682
36246.208545931032858789
36222.330152528047619853
36198.451759125055104960
36174.573365722069866024
36150.694972319077351131
36126.816578916084836237
36102.938185513092321344
36079.059792110107082408
36055.181398707121843472
36031.303005304129328579
36007.424611901136813685
35983.546218498144298792
35959.667825095151783898
35935.789431692166544963
35911.911038289181306027
35888.032644886188791133
35864.154251483196276240
35840.275858080203761347
35816.397464677211246453
35792.519071274226007517
35768.640677871240768582
35744.762284468248253688
35720.883891065255738795
35697.005497662263223901
35688.238610108302964363
35683.863206450747384224
35679.487802793184528127
35675.112399135628947988
35670.736995478073367849
35666.361591820517787710
35661.986188162954931613
35657.610784505399351474
35653.235380847836495377
35648.859977190280915238
35644.484573532725335099
35640.109169875169754960
35635.733766217606898863
35631.358362560051318724
35626.982958902488462627
35622.607555244932882488
35618.232151587377302349
35613.856747929821722209
35609.481344272258866113
35605.105940614703285974
35600.730536957140429877
35596.355133299584849738
35591.979729642029269598
35587.604325984473689459
35583.228922326910833362
35578.853518669355253223
35574.478115011792397127
35570.102711354236816987
35565.727307696681236848
35561.351904039125656709
35556.976500381562800612
35552.601096724007220473
35548.225693066444364376
35543.850289408888784237
35539.474885751333204098
35535.099482093777623959
35530.724078436214767862
35526.348674778659187723
35521.973271121096331626
35517.597867463540751487
35513.222463805985171348
35508.847060148429591209
35504.471656490866735112
35500.096252833311154973
35495.720849175748298876
35491.345445518192718737
35486.970041860637138598
35482.594638203081558459
35478.219234545518702362
35473.843830887963122223
35469.468427230400266126
35465.093023572844685987
35460.717619915289105847
35456.342216257733525708
35451.966812600170669612
35447.591408942615089472
35443.216005285052233376
35438.840601627496653236
35434.465197969941073097
35430.089794312385492958
35425.714390654822636861
35421.338986997267056722
35416.963583339704200625
35412.588179682148620486
35408.212776024593040347
35403.837372367037460208
35399.461968709474604111
35395.086565051919023972
35390.711161394356167875
35386.335757736800587736
35381.960354079245007597
35377.584950421689427458
35373.209546764126571361
35368.834143106570991222
35364.458739449008135125
35360.083335791452554986
35355.707932133896974847
35351.332528476341394708
35346.957124818778538611
