59.706738371947054134
58.815350992316567158
57.658461907962546888
56.391224837369222200
55.054439623218712541
53.652989034163539372
52.164768865157469691
50.511657574117919012
48.594853935124803002
46.514607639122345972
44.343862223727626315
42.101155171470821870
39.788135259838696811
37.403171966971513029
34.952026184096808947
32.446990669948263530
29.879994962053757490
27.241826488321237321
24.547206496239169837
21.830517202863347848
19.134648414124683313
16.503572778176732072
13.979414467569682756
11.604644657401792074
9.431970100204836172
7.542754987295751334
6.013795171891075597
4.811633433930779802
3.842833751898695027
3.038213030439266049
2.357978995688284840
1.776486610127335553
1.275073489662759130
0.839308737751622402
0.457928929846161736
0.122571087447568061
-0.171810953079102546
-0.425388943748401971
-0.629533862073088812
-0.761772643671804417
-0.805750010732566579
-0.787201237181420765
-0.737568091007290150
-0.674499432657796660
-0.607381706170684765
-0.541598008913183548
-0.480429306226341168
-0.425932393967769940
-0.379396929094781399
-0.341619589717851113
-0.313100490561993183
-0.294226424905929207
-0.285508599865522683
-0.287881322446878585
-0.302420283431217740
-0.328959103664089980
-0.365884669110045024
-0.411727630976088221
-0.465738510593467936
-0.527729928551877947
-0.598037083650666546
-0.677662339537306480
-0.768635668775061731
-0.874748971624228489
-1.003076081424069343
-1.167266019603630411
-1.394425190839456263
-1.732328385295943463
-2.219682463434907049
-2.828018550571357537
-3.494093691427679005
-4.163602469702624376
-4.801941519465657393
-5.400681889128293278
-5.965367533106984865
-6.500536945174729908
-7.006753189077585375
-7.482161004249149983
-7.923583244371627643
-8.326971850764977034
-8.687518986289234135
-8.999533282480484786
-9.256008945774027552
-9.447597512035457612
-9.560320166426919286
-9.571072298864720551
-9.443201206678992321
-9.139664838641380129
-8.662410117054349712
-8.061464493063141390
-7.392366681902444725
-6.693707311937458826
-5.990234942777135529
-5.297933053107328760
-4.626993322659018304
-3.983561775190651133
-3.370911368857122170
-2.790302902175653799
-2.241632269088881912
-1.723911229513191756
-1.235615622933522673
-0.774930407237519603
-0.339916924107939167
0.071376725462783952
0.460845839657650913
0.830287496526068480
1.181378145211169794
1.515663968563046637
1.834559493916827932
2.139351328261909657
2.431204896124683046
2.711172755745820950
2.980203566071622845
3.239151109244943427
3.488783003361191959
3.729788895649733149
3.962788028311081234
4.188336129887233028
4.406931637942079760
4.619021271542465001
4.825004994877559739
5.025240419013329074
5.220046688586847949
5.409707903442011911
5.594476120238255135
5.774573982358589319
5.950197014888232161
6.121515628085887784
6.288676864888941509
6.451805928582274419
6.611007529022003837
6.766367080098689257
6.917951791728739863
7.065811695759776967
7.209980652216074759
7.350477388735072282
7.487306628693090715
7.620460369020463531
7.749919375593179893
7.875654952002946629
7.997631043782973848
8.115806710131806767
8.230138970061318560
8.340585992107918401
8.447110535876532822
8.549683498161471107
8.648287364043397929
8.742919316600790580
8.833593760225738833
