2122.749525009543049237
2237.669692013872463576
2430.649457677327973215
2700.207156379676689539
2761.377992108863054455
2879.885661303918823251
3041.308359087206554250
3228.854483937179338682
3405.451228786924730230
3572.836617233176184527
3715.073845760101903579
3818.308995250331463467
3871.801185535079184774
3868.527236732761593885
4196.696858070429698273
4474.897773985806452401
4710.265120726148779795
4910.832996896411714260
5087.399554423252993729
5250.469790183137774875
5409.491163088867324404
5572.201181256356903759
5744.121264242588040361
5928.246668379512811953
6124.980278791162163543
6332.331647461323882453
6566.482903797043945815
6812.099637790362976375
7053.047060143921044073
7283.301447629790345673
7497.361356560028070817
7690.644085800946413656
7859.742519694727889146
8002.561983454487744893
8118.364929944468713074
8207.750093193308202899
8272.585836714553806814
8315.908007921843818622
8341.783301803334325086
8355.132152770507673267
8372.226215687267540488
8388.270851623658018070
8409.156783640870344243
8440.469849597089705640
8487.094204938715847675
8552.893284054740433930
8287.738572850306809414
8048.371328784084653307
7837.687245323866591207
7657.222739448293395981
7507.073131771896441933
7385.997690353486177628
7291.683597682987965527
7221.112882321081087866
7170.697640322175175243
7137.101887662521221500
7117.822994798846593767
7110.599341942600403854
7113.882754444949569006
7126.855861592948713223
7149.365068985939615231
7181.784482519638913800
7224.827758093224474578
7279.326073967708907730
7345.991799373434332665
7425.188721656144480221
7516.730063721094666107
7619.723950264701670676
7714.255528273202799028
7810.268169522659263748
7910.306257787880895194
8010.503864968897687504
8111.478226576746237697
8205.747920862355385907
8286.508163774775312049
8349.110168873179645743
8484.678365987549113925
8594.343329680987153552
8675.490951547546501388
8726.222431869113279390
8745.350449738301904290
8732.390331049220549176
8687.560791743415393285
8611.804528430453501642
8506.832396018562576501
8375.186458270201910636
8220.307469075101835188
8056.968206022174854297
7896.800877073303126963
7986.063354292440635618
7741.066076916263227758
7503.091990862829334219
7280.646149323468307557
7081.998855304588687432
6914.500507061597090797
6783.962544923668247066
6694.210391756407261710
6646.878284275722762686
6641.461815222083714616
6675.591828070078918245
6745.459203052361772279
6681.290469496320838516
6644.134269410548768064
6629.493014930106255633
6632.714080686582747148
6649.302729051537426130
6675.158662736156657047
6706.731212552287615836
6741.098601420019804209
6775.983430124093501945
6809.719663140948796354
6841.186684890426477068
6869.724418130651429237
6895.040966189500068140
6917.121451225632881687
6936.144093682399216050
6952.407320823966983880
6966.269854246268550924
6978.104296237616836152
6988.263666135897437925
6997.059584805077065539
7004.750333706968376646
7011.536781438564503333
7017.564145205736167554
7022.927690644719405100
7027.680724593893501151
7031.843560786658599682
7035.412485903120796138
7038.368094305837075808
7040.682659641668578843
7042.326453200688774814
7043.273094714448234299
7043.504120043528018869
7043.012986334719244041
7041.808702920675386849
7039.919192494820890715
7037.394363015378985438
7034.308717737998449593
7030.763172026231586642
7026.885597020316708949
7022.829506819893140346
7018.770276802227272128
7014.898373056300442840
7011.409337972293542407
7008.490768629609192431
7006.307279295629086846
7004.985408404451845854
7004.601374328541169234
7005.174973543026681000
5744.716220237139168603
5879.285617349418316735
6048.355427225767016353
6251.313334089587442577
6360.896178944648454490
6495.904207310528363450
6649.976857431131065823
6815.702846651171057601
7027.062565140342485392
7235.002590512666756695
7431.994305433348017687
7611.952722789936160552
7770.179219691773141676
7903.627929463183136249
8214.153651806173002115
8493.372265767517092172
8748.552683365720440634
8989.046923369554860983
9219.716380674672109308
9445.279408248119580094
9669.972797944457852282
9897.264023687695953413
10129.629214097132717143
10368.418741206622144091
10613.831428413395769894
10865.006562679380294867
11076.792020409979159012
11268.439022012005807483
11459.166734593227374717
11646.346180281805573031
11827.579676738359921728
12000.869657443012329168
12164.723840435837701079
12318.206317912326994701
12460.947967563999554841
12593.129109342760784784
12715.444161378065473400
12829.053629778449248988
12935.524299139306094730
13036.755008784051824478
13111.743098142529561301
13185.822896474561275681
13261.325593273422782659
13340.360713778869467205
13424.737405137062523863
13515.834789806754997699
13426.270174826466245577
13345.857435356070709531
13275.735932409055749304
13216.495397308279279969
13168.135709445368775050
13130.108605433571938192
13101.429357912278646836
13080.833899779052444501
13067.529879072542826179
13060.398907219665488810
13057.539716301624139305
13058.104710949039144907
13061.573103282504234812
13067.756727819543812075
13076.769723093182619778
13088.968844423130576615
13104.871785009905579500
13125.061336029761150712
13150.083768577282171464
13180.350361106458876748
13216.051146799834896228
13257.089250266417366220
13342.372517940151738003
13444.300508735235780478
13549.337817966916190926
13656.184835192974787788
13752.690123338668854558
13843.440860557191626867
13931.303957613525199122
14014.678043524814711418
14133.880821017142807250
14246.019032969952604617
14350.301510858385881875
14446.182813962648651795
14533.342576882489083800
14611.665000995148147922
14681.226436816541536245
14742.296937983541283756
14795.358459178774864995
14841.138162167975679040
14880.650401591954505420
14892.825031585507531418
14865.645797504690563073
14282.954692659093780094
14167.469144594169847551
14057.449656823155237362
13957.947857641200243961
13873.928902954156001215
13809.815355999517123564
13769.071033177282515680
13753.898007550360489404
13765.095478934785205638
13802.092208550400755485
13863.128382808679816662
13945.539233508787219762
13933.927198432293153019
13937.839105735232806182
13954.352290673325114767
13980.472311818415619200
14013.335795028177017230
14050.361862012416168000
14089.348995805616141297
14128.521308788976966753
14166.532714055154428934
14202.439560869479464600
14235.652390581193685648
14265.876281093378565856
14293.047423868265468627
14317.271603922368740314
14338.768424856674755574
14357.823578613239078550
14374.750230303356147488
14389.859656095624814043
14403.440594790818067850
14415.746313085934161791
14426.988110837599379010
14437.333873085899540456
14446.910288629733258858
14455.807468338594844681
14464.084879962776540197
14471.777743699414713774
14478.903270045080716955
14485.466350975966633996
14491.464515089801352588
14496.892116585895564640
14501.743842490981478477
14506.017685333406916470
14509.717549721874092938
14512.855637058284628438
14515.454694115758684347
14517.550125776342611061
14519.191866723178463872
14520.445796860982227372
14521.394380154824830242
14522.136130543909530388
14522.783480347918157349
14523.458679127879804582
14524.287519670666370075
14525.391011823006920167
14526.875631993307251832
14528.823436728102024063
14531.283982508377448539
14534.270278980340663111
1658.850394653773264508
