29.924133947366669872
29.003796147539503636
27.850589190688680219
26.589638403918542053
25.225504469266638807
23.801817607580346703
22.352500773690195501
20.805939343467798608
19.044843079518642526
17.171129903072909428
15.289252718635424344
13.454532620642197571
11.681789338645614862
9.957202177931748110
8.279723244067895394
6.682504282827920861
5.185089447149863418
3.779329609573295556
2.446481988555149201
1.166743759941482494
-0.074378944031479932
-1.282371326533905176
-2.452921042962742604
-3.570154549553706147
-4.598151427650009282
-5.463505015032382062
-6.089128242773313104
-6.500654627442003175
-6.777489753386277016
-6.970625540020876088
-7.099944728339124822
-7.171742899015526973
-7.187544925579629762
-7.147727518772455824
-7.052811902607032835
-6.903592114454539796
-6.700463608303408591
-6.441620054751183488
-6.118869657070035828
-5.712218806411897276
-5.209289042386899382
-4.640670790568663051
-4.043046145154590931
-3.439428601113036166
-2.844562844054053130
-2.268991902136093586
-1.720625908418526251
-1.205237723332174937
-0.726650491150053313
-0.286967857895433553
0.113042585837689558
0.473435685668817996
0.794503465341023229
1.076216962159151080
1.318383255451948344
1.522023607549016333
1.689638257566031143
1.823682378526768844
1.926023977694796940
1.998093459020395812
2.040885424430740613
2.054768319873687688
2.039088288086190914
1.991418277168463646
1.906041256911265691
1.770676005551251819
1.559624448424870025
1.226594881185462782
0.734469924668644580
0.113433929782814857
-0.571430549804006205
-1.263880866284011972
-1.927318453562151035
-2.551284673611263543
-3.139231392487147332
-3.693452358860525919
-4.212000067356996169
-4.690180842173504061
-5.121692118638662805
-5.499210146667934396
-5.814695443563209665
-6.059500519723997058
-6.224215495954922517
-6.297969763898009887
-6.266508488952410971
-6.108042413513231850
-5.789075609588905991
-5.277637626372211344
-4.582490400217182014
-3.761767066328530973
-2.879682180254434343
-1.983161782801147410
-1.103991456087953793
-0.263078266533625538
0.527043034181559733
1.260411738947766480
1.935835917386981464
2.554970589872027631
3.120613145119421006
3.635753092245010976
4.103651999837467201
4.528509497769277914
4.915743097912468329
5.271322752914500143
5.600610092297813480
5.907590476028815374
6.194901470487025108
6.464390604761433679
6.717707335322188555
6.956613789686656446
7.182975934463939893
7.398570654133919788
7.604878957130438266
7.802979346442072028
7.993571504685291984
8.177094264121507194
8.353872836814474567
8.524236559950026049
8.688575791744852950
8.847337914591093977
9.000984610982300183
9.149940086541505480
9.294554432096589380
9.435093807376858877
9.571756124274941158
9.704701901208949266
9.834086512364876853
9.960081592034924824
10.082878233989475802
10.202671226419312234
10.319630418828211305
10.433870897523235044
10.545436136859137832
10.654305822218475441
10.760431748947979713
10.863792428942701918
10.964444014386913295
11.062538286313554181
11.158283833733065649
11.251846464918429547
11.343215374497390258
11.432092066129371233
11.517875395317020093
11.599805037162354893
11.677279434399309821
11.750285931052275146
11.819792434455564489
11.887900155282295600
11.957607376105073627
