5227.184810896704220795
12005.102018150604635593
10939.267778046176317730
9032.349318757151195314
6014.426161574034267687
5099.624320269446798193
6595.032859651815670077
7799.382871188268836704
8472.871580331959194154
8823.376813498945921310
8978.790869362819648813
9051.645805548188945977
9139.042340737314589205
9297.529308786126421182
9521.930197069172209012
9767.425677363906288520
9968.389179648127537803
10209.031659692800531047
10429.139023547753822641
10519.997319568712555338
10517.587680825830830145
10475.078931222305982374
10468.276285032245141338
10583.264720092654897599
10874.269693875445227604
11069.187531738100005896
11352.131738047830367577
11739.066430170250896481
12147.965901412901075673
12513.023576031566335587
12795.114584087123148493
12987.474940689875438693
13091.092233398003372713
13109.297886853471936774
13045.267647136312007206
12901.326156927802003338
12679.460156850276689511
12382.849779431011484121
12018.366561065055066138
11582.072437251270457637
11103.655211199013137957
10615.856648560835310491
10157.947633967512956588
9765.976292494793597143
9460.612493719443591544
9241.542469924650504254
9091.799058257836804842
8987.560449390250141732
8906.882685383172429283
8834.363969493531840271
8762.183578006923198700
8688.992550973785910173
8617.796404900154811912
8553.515255997912390740
8500.272842771933937911
8460.621240100845170673
8435.462393932042687084
8423.087257648758168216
8420.904242951519336202
8426.663077102462921175
8439.356001720314452541
8459.551995689464092720
8489.121414748482493451
8530.476275706270826049
8585.576507129266246920
8655.034896524519353989
8737.640468997000425588
8830.481051715456487727
8899.119308846460626228
8960.750902923191461014
9021.864351295364031103
9080.639943782936825301
9144.995795671620726353
9211.123893189345835708
9276.797216614835633663
9342.301040613960140035
9405.854002547876007156
9462.846572601487423526
9505.698250973631729721
9524.374830870603545918
9507.396261320520352456
9443.067470104488165816
9320.731776971717408742
9132.030397878579606186
8872.318082186455285409
8542.425786106050509261
8150.766929304737459461
7731.391056732887591352
7323.144855553152410721
7386.917222271364153130
7043.140987319617124740
6769.450979533574354718
6570.750458409410384775
6433.350373926823522197
6332.878567843430573703
6245.492425205477047712
6155.727754672404444136
6058.785691122074240411
5958.510449190280269249
5862.994299809935910162
5779.660222481832533958
5711.702576609478455794
5657.198322007281603874
5610.756871686662634602
5566.293593591110948182
5519.357121406237638439
5468.185747742606508837
5413.497235683011240326
5357.494058939330898284
5302.699400830112608674
5251.119842908216014621
5203.933641642478505673
5161.567113828353285498
5123.850481696853421454
5090.034379888206785836
5058.683240360662239254
5027.641691082538272894
4994.305669785886493628
4956.345495423829561332
4912.853550551110856759
4865.596302469131842372
4819.667153396591857017
4782.592725610968955152
4761.304868911314770230
4757.722255756059894338
4765.400446584949349926
4770.011143733208882622
4754.351269585729824030
4706.044388691636413569
4625.478324739100571605
4531.821902666352798406
4462.856445810056357004
4460.615271985979234159
4541.222722487758801435
4671.120643772427683871
4777.928953965470100229
4785.818099009495199425
4644.340291866539701005
4350.561504276316554751
3996.940573463658893161
3840.024104703517423332
4145.308035040970025875
4741.197598495940837893
5198.281017376657473505
5274.725764455575699685
4854.657551266765949549
3707.430359222945753572
351.929986959205109542
5736.193377600253370474
2132.712506640540595981
5374.214060221775071113
4980.771940897461718123
4197.572036868139548460
2899.470150265112351917
2576.122165664177828148
3369.821139806233077252
4028.604144026456197025
4493.719287007922503108
4809.728131678743920929
5035.368949238878485630
5222.792447104847269657
5416.997455762740173668
5644.189513517553677957
5901.968815526094658708
6159.475774012847068661
6390.461473591982212383
6639.872774963359916001
6879.805716409683554957
7059.882473953107364650
7196.778445256554732623
7315.134276672038140532
7450.080782294974596880
7641.512451028836039768
7914.559277016406667826
8143.125421189772168873
8358.161956751702746260
8594.087785846839324222
8840.239522731297256541
9066.120005319406118360
9253.598211641985471942
9399.540297743644259754
9504.404716874965743045
9569.735739463509162306
9597.004958960438671056
9587.289037304350131308
9541.507678466459765332
9461.133484594891342567
9349.349804052344552474
9204.330868592458500643
9010.863097570007084869
8813.000129059175378643
8629.026201391849099309
8475.643665744819372776
8362.428610732784363790
8289.233543979544265312
8248.193881181055985508
8228.268651488329851418
8219.287213600484392373
8214.110719345555480686
8209.113507906959057436
8203.669007954931657878
8199.168562092669162666
8197.890780165120304446
8202.468763497354302672
8214.329535500235579093
8232.920505857407988515
8257.448346598041098332
8286.710753174767887685
8319.663599085537498468
8355.838561327505885856
8395.497997226897496148
8439.507336430551731610
8488.983026382244133856
8544.832028694232576527
8607.337044198367948411
8675.935627463568380335
8749.276963197231452796
8860.639778451259189751
8984.380931385065196082
9107.877719138652537367
9230.285531888019249891
9341.911117538447797415
9448.721926728019752773
9555.312408955056525883
9661.813431736982238363
9767.398174271298557869
9869.929231280162639450
9965.892428832808946026
10050.636523462335389922
10118.840275587621363229
10165.082879508738187724
10184.424886333108588587
10172.991959225322716520
10128.630981720045383554
10051.726964419271098450
9946.179086826083221240
9799.709879385238309624
9613.191852223242676700
7934.833717272276771837
7692.354663886554590135
7499.910977189241748420
7361.004003721312074049
7265.855262554419823573
7197.055830064006840985
7137.575266404334797699
7076.367898061687810696
7010.006230983657587785
6941.236268561334327387
6875.837903380679563270
6819.112383255574059149
6773.340154107057969668
6737.146458551167597761
6706.680142480105132563
6677.594833079136151355
6646.711208843604254071
6612.771295251309311425
6576.287929701713437680
6538.833864557604101719
6502.210265706073187175
6467.848916776105397730
6436.590030792457582720
6408.737257342854718445
6384.169331639569463732
6362.351968401480007742
6342.261321205452077265
6322.359013994705492223
6300.784736302346573211
6275.872374857925933611
6246.970415100411628373
6215.337263728393736528
6184.608388056675721600
6160.159006672468422039
6146.943226228859202820
6146.339015003901295131
6153.751483163646298635
6158.948050981050982955
6149.633920919893171231
6116.957958765037801641
6061.187952102332019422
5996.007815956343620201
5948.394390940531593515
5948.374767132140732429
6007.508137296485983825
6101.868425469317116949
6179.742295593772723805
6186.921850147279656085
6087.345753706938012328
5878.912075772247590066
5627.643517963423619221
5516.675219020331496722
5735.807151964151671564
6162.792145065445765795
6490.617285936918051448
6546.439200052294836496
6247.526474834433429351
5429.159369649119980750
3033.385035845429683832
6879.964435188924653630
7610.801259927727187460
