67.423682718460739238
68.141812099940693770
69.137855862719661104
70.189595835317746264
71.088863833898841449
71.686706398876140156
71.443776303149888918
71.207642675554069456
71.447262073955300821
72.099210003726767582
72.936894949662246290
73.808131290839597227
74.646430660247574451
75.332073422061910151
75.457167088501975627
74.784072156744798576
73.599137858798471257
72.651878572020820002
72.028771347691531446
71.199513552821770190
70.120482164780881362
69.245611815723677296
68.384838780939730896
67.315803913595530616
65.969307239182214175
64.217483809748316048
61.655598996866999073
58.290412895482901945
53.882153110651927364
47.906205211577997716
39.225152075405262053
28.282929733293684649
16.407236334400920441
4.698428666123277253
-6.670256427027766222
-17.450949954178128110
-27.088379022593215950
-35.494800010647537647
-43.265819374653233353
-50.433458197553107993
-56.602365731609495469
-61.212171681821985203
-64.457160811072270690
-66.680844512448857131
-68.430036001774880106
-70.047411512673960488
-71.350728171969535651
-71.890502225519099966
-71.625041208766447198
-70.753760466417475072
-69.092619769407377817
-65.927256776576570019
-61.357194161883910510
-55.429547371237788411
-48.832905227110103397
-42.248438996117869237
-36.222466876938455016
-30.689998947004113461
-24.812603179204529624
-17.520671513597108060
-9.122103849841437295
-0.666840239361562226
6.514605895556371706
12.179327606154913610
17.057345891450523823
22.124123155933745011
27.474440833363843240
32.677011320279234496
37.178505093536927006
40.690066776656294678
43.190236677332507043
44.810204613040099275
45.762693273079747769
46.350371261239899923
47.029454029108933355
48.066885563967247208
49.244852339389126428
49.953184411152108169
49.525268084811727931
47.632547949161960332
44.788879117926768458
42.212575998255431386
40.609336075897402907
39.523519356695203442
38.193294942279663928
35.990073900860579670
32.511836750136410501
27.774470967799061327
22.189888785845880648
16.227812748909173024
10.168392243816697373
4.277708835570251722
-1.269473948846098210
-6.323472296634861323
-10.785021804834968862
-14.591157093891979457
-17.682777886908127130
-20.172340992281306171
-22.261152318910831127
-23.991499406968898711
-25.202429268171158583
-25.751915535473074215
-25.623505301856937422
-24.997289263120251235
-24.275657329384273453
-23.826054776284138370
-23.811824307648464583
-24.079772280262091044
-24.275558926805729243
-24.157875640875715817
-23.774286862113342522
-23.402590989371390151
-23.384131668554971384
-23.873546997052528695
-24.774796572971695241
-26.000104043895476025
-27.482848806317917933
-29.097934552832100508
-30.738416886408572282
-32.363864984854728846
-33.963503405076949093
-35.482209088424781385
-36.771051598498843305
-37.608521969064042878
-37.990612370707083301
-38.169288299112395180
-38.196438998332212122
-38.026561109969748031
-37.725945907896402787
-37.466049102484646482
-37.396778971297294447
-37.528726135262786556
-37.719460889387619318
-37.761976716618448791
-37.455208656732395411
-36.673775772379997306
-35.475482772092789219
-34.098688405080110897
-32.818737976485294894
-31.820152162317356215
-31.143656006128026092
-30.692257261930308232
-30.301038970887532287
-29.844509754711566529
-29.288623205052431331
-28.643330923089138196
-27.952334230271446813
-27.294299789216950103
-26.753594046383398108
