2069.354019886440255505
2048.168269827069707389
1987.069441966235672226
1898.063366665636522157
1744.250728054924820754
1454.562055011874463162
1655.940538584919295317
1706.659418500170659172
1677.637578509921468140
1621.966770462680869969
1563.463646290695578500
1509.878945155774545128
1465.388392105191769588
1434.708141742004954722
1416.289864875340072103
1407.845416681416509164
1408.350912874360346905
1427.628882091534705978
1465.775827359074810374
1517.550646962868995615
1597.671932642909496280
1584.005521617698377668
1644.001050077642958058
1629.586388986487918373
1664.688593029341291185
1726.496813783621746552
1803.066994417528576378
1919.634329991208915089
2105.144101972249245591
2397.182857205299569614
2747.962097816758614499
3356.810241194339141657
4605.229370712818308675
6259.646964155291243515
8194.378937851954106009
10239.311318480124100461
11908.649894705320548383
13390.579860236734020873
14867.054924996333284071
16598.143245904844661709
18896.481052525170525769
19761.195486860866367351
20538.628621018564444967
21215.333346547009568894
21781.412041032363049453
22230.041858403747028206
22557.074428299845749279
22760.653225634250702569
22840.876730483283608919
22799.624213590301224031
22640.515197593351331307
22368.890200666359305615
21991.774405148287769407
21518.083672001092054415
20958.881645425786700798
20327.804420052700152155
19645.279678458202397451
19228.910540558419597801
18987.973807228292571381
17060.856127398787066340
15042.143857014587410958
12515.814290838370652637
9778.860965094885614235
7231.682837119362375233
5019.678784247344992764
3256.211954078552025749
2078.707632935722358525
1447.745050868659291154
1209.484920895431514509
1180.204401088171380252
1219.131809558414261119
1245.994903755816949342
1227.995419699680724079
1162.070953520147440940
1062.776433486628775427
956.971278492181909314
882.534510175148398048
884.261295725403215329
999.026044093050586525
706.344098049137755879
513.125911211317088600
362.452484040196850401
180.613633472383781964
0.871216105259967177
36.215236998674789959
0.283212400505052198
7.461548776488220014
291.706893919709671081
937.994869280520902066
1876.066953338578059629
2985.864906733929728944
3773.206194680455610069
4503.558666125701165583
5299.220928592120799294
6372.281592713202371669
7289.283681791893286572
8013.466420014076902589
8542.887691299247308052
8883.326909137929760618
9045.486023031435252051
9043.364377589507057564
8893.800838791417845641
8635.528335084587524761
8441.153283823705351097
8309.634268856294511352
8152.418232708752839244
7949.430988814209740667
7722.918245471455520601
7521.978596490508607531
7385.035433045926765772
7327.909153189476455736
7354.875731132996406814
7449.086487224631127901
7189.151317422217289277
7005.944508570598372899
6892.074648015781349386
6830.703068794165119471
6822.743084743256076763
6860.517395550933542836
6928.327804122367524542
7004.582608550632357947
7078.246303808712582395
7135.329407521287066629
7208.598503234462441469
7317.236412745315647044
7364.226384969515493140
7382.509982477366065723
7387.540571732981334208
7374.685092835833529534
7325.701713561819815368
7225.685445364396400691
7074.224158123490269645
6891.604925736803124892
6695.651048267474834574
6503.187221157842031971
6340.245946059441848774
6209.805953032543584413
6087.238387566041637911
5953.505725928880565334
5800.556767161858260806
5628.977852749376324937
5450.509022327088132442
5283.839912338118665502
5144.047833779565735313
5023.371838885203032987
4926.736780270635790657
4854.802169664618304523
4804.939529230566222395
4766.384159418031231326
4265.436477581954022753
4277.477570297294732882
4260.674787705223934609
4240.459330198453244520
4204.049536549354343151
4099.598476096238300670
4287.381939822461390577
4380.061699255949861254
4413.399844725115144684
4418.333430913136908202
4415.835249535057300818
4414.697752983793179737
4417.856969552262853540
4432.908929444225577754
4483.331569612258135749
4580.882799448938385467
4706.745214722545824770
4817.752412418904896185
4908.017079265076972661
5010.578084658654006489
5143.035511074048372393
5529.421802188553556334
5900.125803871864263783
6015.753468751537184289
6096.324033461693034042
6161.989022543555620359
6244.707286929166002665
6341.369804474290504004
6462.468804905282922846
6628.006695522512927710
7021.971276175844650425
7446.791281100474407140
7379.488826516501831065
7184.198677711537129653
6974.692097224867211480
6904.227127376067983278
7636.486868979146493075
8781.547092292448724038
9977.621410126319460687
10754.164574950686073862
10573.155180602567270398
10422.990916085338540142
10322.681194027974925120
10280.190633347934635822
10302.453568902010374586
10395.287212409821222536
10563.322548580033981125
10809.944053526383868302
11137.229656603110925062
11545.883686424615007127
12035.157085437804198591
12602.750929142037421116
13244.701375238533728407
13955.246880756430982728
14726.682294967080451897
15549.207615837905905209
16404.739670730687066680
16802.841639270034647780
16910.234783652376790997
15953.316502582702014479
15194.253602424199925736
15353.658166341685500811
16038.938067165368920541
16729.958821116524632089
17349.367376225563930348
17877.681910775179858319
18316.248647169006289914
18659.367993142797786277
18905.353790250126621686
19055.431313474928174401
19113.112104811934841564
19083.506564686489582527
18972.661992854737036396
18787.007108900295861531
18532.956313272123225033
18216.675767410069965990
17843.978729301656130701
17420.304198609715967905
16950.737196598034643102
16913.731115216000034707
16840.785255139562650584
16744.123530500328342896
16670.818493315367959440
16593.007875507602875587
16636.011406520741729764
16656.570637315955536906
16730.878860242399241542
16699.888484805058396887
16514.497436843907053117
16325.253991517805843614
16224.309061226562334923
16712.766534361402591458
17321.504265944338840200
17781.557603979319537757
17741.897951134840695886
17718.749359610759711359
17745.606496141434035962
17825.904983387503307313
17961.519855715821904596
18152.835088658513996052
18398.680614506636629812
18695.610661063088627998
19013.132266189346410101
19150.668596626161161112
19132.812245666766102659
19099.553839585791138234
19106.519349411122675519
19158.330757621923112310
19227.459968976683740038
19300.214997426253830781
19388.870713221062032972
19513.797005066287965747
19712.350067252737062518
19712.053959100187057629
19777.612826075499469880
19907.372626899992610561
20102.090335255543323001
20333.306205011722340714
20580.575334578330512159
20833.854949482607480604
21093.086877017482038355
21348.537130234308278887
21598.763403844477579696
21787.057129774824716151
21878.519303664728795411
21990.989913472389162052
22079.074281912609876599
22122.401044642007036600
22128.365334132897260133
22123.322692938076215796
22130.510864171952562174
22155.534466926896129735
22178.312155000170605490
22182.709831249503622530
22154.643880908424762310
22068.899796583780698711
21930.140510026030824520
21778.212093245845608180
21644.966329647570091765
21546.710374737103848020
21486.812396795674430905
21452.521850673903827555
21420.942916715590399690
21373.627827377680659993
21322.439110640400031116
21264.935465945742180338
21206.002995207687490620
21155.099387268277496332
21129.677919204630597960
4267.138368198444368318
