1918.803126906634133775
1830.830098579902369238
1772.533258998114661154
1804.718513264018156406
1836.903767529921651658
1869.089021795824919536
1901.274276061728414788
1933.459530327631910041
1965.644784593535177919
1997.830038859438673171
2030.015293125342168423
2062.200547391245436302
2094.385801657148931554
2126.571055923052426806
2158.756310188955922058
2251.943820757353023509
2349.691630009359414544
2447.439439261365350831
2545.187248513371287117
2642.935057765377678152
2740.682867017383614439
2838.430676269389550725
2936.178485521395487012
3033.926294773401423299
3131.674104025407359586
3229.421913277413750620
3327.169722529419232160
3494.272868213629408274
3682.786500342715498846
4073.876273446287996194
4568.724557779940369073
5325.059493131446288317
6833.168550161326493253
8465.654796935144986492
10774.946790507196055842
13084.238784079259858117
15393.530777651310927467
17702.822771223374729743
20012.114764795438532019
22228.713403054302034434
23908.198489286925905617
25445.838622941548237577
26838.744904779385251459
28231.651186617225903319
29116.924125400000775699
29116.924125400000775699
28662.648079428090568399
27872.985948271318193292
27531.281235800001013558
27617.007641091848199721
27983.561925786460051313
28350.116210481064626947
28522.308041799999045907
28522.308041799999045907
28119.303969187214534031
27660.314256177938659675
27201.324543168655509362
26315.887734571413602680
24849.670595794548717095
23383.453457017669279594
20835.531668025705585023
17866.441962007171241567
14712.602756945980218006
11159.845843760296702385
8419.761609274326474406
7112.373068052737835387
6801.880026899150834652
6491.386985745568381390
6323.307587459999922430
6323.307587459999922430
6323.307587459999922430
6323.307587459999922430
6323.307587459999922430
6323.307587459999922430
6323.307587459999922430
6323.307587459999922430
6323.307587459999922430
6323.307587459999922430
6323.307587459999922430
6323.307587459999922430
6323.307587459999922430
6323.307587459999922430
6323.307587459999922430
6323.307587459999922430
6323.307587459999922430
6323.307587459999922430
6323.307587459999922430
6433.052166647628837381
6904.336246970342472196
7501.535064076294474944
8941.093709417682475760
10517.341216517339489656
12242.966002921637482359
13595.408057115677365800
14610.481460885930573568
15131.525187901048411732
15283.786198464178596623
15436.047209027308781515
15588.308219590438966407
15513.157119809246069053
15324.643487681818442070
15136.129855554394453065
14947.616223426968645072
14759.102591299541018088
14570.588959172117029084
14382.075327044687583111
14154.921467901371215703
13840.732081019952602219
13526.542694138533988735
13259.729335223453745130
13254.730867704884076375
13249.732400186316226609
13244.733932667748376844
13239.735465149178708089
13234.736997630610858323
13229.738530112043008558
13224.740062593473339803
13219.741595074905490037
13214.743127556337640272
13209.744660037767971517
13204.746192519200121751
13199.747725000632271986
13194.749257482062603231
13189.750789963494753465
13184.752322444926903700
13179.753854926357234945
13174.755387407789385179
13169.756919889221535414
13164.758452370651866659
13159.759984852084016893
13154.761517333516167128
13149.763049814946498373
13144.764582296378648607
13139.766114777810798842
13134.767647259241130087
13129.769179740673280321
13124.770712222105430556
13119.772244703535761801
13114.773777184967912035
13109.775309666400062270
13104.776842147830393515
13099.778374629262543749
13094.779907110694693984
13089.781439592125025229
13084.782972073557175463
13079.784504554989325698
13074.786037036419656943
13069.787569517851807177
13064.789101999283957412
