1019.759267940920608453
1042.964223822761823612
1066.169179704603038772
1089.374135586444481305
1112.579091468285696465
1135.784047350126911624
1158.989003231968126784
1182.193959113809341943
1217.587628039637138500
1253.105418258097643047
1288.623208476558374969
1324.140998695018879516
1359.658788913479384064
1395.176579131939888612
1430.694369350400620533
1463.861996720876277323
1495.649608394048982518
1527.437220067221687714
1559.224831740394620283
1591.012443413567552852
1622.800055086740258048
1654.587666759913190617
1686.375278433085895813
1718.162890106258601008
1749.950501779431533578
1781.738113452604466147
1800.859556508876949010
1813.609532292791982400
1826.359508076707015789
1839.109483860622049178
1851.859459644537082568
1864.609435428452115957
1877.359411212367149346
1890.109386996282182736
1902.859362780197216125
1915.609338564112249514
1928.359314348027282904
1941.109290131942316293
1953.859265915857349682
1966.609241699772383072
1972.610371770651454426
1978.591030165611982738
1984.571688560572511051
1990.552346955533039363
1996.533005350493567676
2002.513663745454095988
2008.494322140414624300
2014.474980535375152613
2020.455638930335680925
2026.436297325296209237
2032.416955720256737550
2038.397614115217265862
2044.378272510177794175
2050.358930905138095113
2056.508133510139941791
2062.883121732268136839
2069.258109954396331887
2075.633098176524072187
2082.008086398652267235
2088.383074620780462283
2094.758062842908202583
2101.133051065036397631
2107.508039287164592679
2113.883027509292332979
2120.258015731420528027
2126.633003953548723075
2133.007992175676463376
2139.382980397804658423
2157.228377494300730177
2178.714449296654493082
2200.200521099007801240
2221.686592901361564145
2240.060087771574217186
2257.122554768139707448
2274.185021764705652458
2291.247488761271597468
2308.309955757837542478
2325.372422754403032741
2342.434889750968977751
2359.497356747534922761
2376.559823744100413023
2393.622290740666358033
2410.684757737231848296
2427.747224733797793306
2444.809691730363738316
2461.872158726929228578
2478.934625723495173588
2489.461069999999836000
2489.461069999999836000
2489.461069999999836000
2489.461069999999836000
2489.461069999999836000
2489.461069999999836000
2489.461069999999836000
2489.461069999999836000
2489.461069999999836000
2489.461069999999836000
2489.461069999999836000
2489.461069999999836000
2489.461069999999836000
2489.461069999999836000
2489.461069999999836000
2489.461069999999836000
2489.461069999999836000
2489.461069999999836000
2489.461069999999836000
2489.461069999999836000
2489.461069999999836000
2489.461069999999836000
2489.461069999999836000
2489.461069999999836000
2489.461069999999836000
2489.461069999999836000
2489.461069999999836000
2489.461069999999836000
2489.461069999999836000
2489.461069999999836000
2489.461069999999836000
2489.461069999999836000
2489.461069999999836000
2489.461069999999836000
2489.461069999999836000
2489.461069999999836000
2489.461069999999836000
2489.461069999999836000
2489.461069999999836000
2489.461069999999836000
2489.461069999999836000
2489.461069999999836000
2489.461069999999836000
2489.461069999999836000
2489.461069999999836000
2489.461069999999836000
2489.461069999999836000
2489.461069999999836000
2489.461069999999836000
2489.461069999999836000
2489.461069999999836000
2489.461069999999836000
2489.461069999999836000
2489.461069999999836000
2489.461069999999836000
2489.461069999999836000
2489.461069999999836000
2489.461069999999836000
2489.461069999999836000
2489.461069999999836000
2489.461069999999836000
2489.461069999999836000
