3084.583645107540633035
3079.392571394105743821
3112.015094494212462450
3179.711890106289047253
3276.362627344749398617
3394.535018842996123567
3526.789468798481721024
3666.192285738960435992
3737.504304102238620544
3803.089633243615026004
3858.339839426208527584
3898.604616769780477625
3920.096072623556665349
3920.093036529024175252
4022.003055839089938672
4114.436624359497727710
4193.263021364276028180
4252.847579505924841214
4295.833756474487927335
4325.029151265686778061
4343.116088373361890262
4352.405080896324761852
4354.644680697107105516
4350.897852086123748450
4341.491851778736418055
4326.043655035029587452
4375.150370058889166103
4451.765464302327018231
4518.193616606309660710
4572.742027864001101989
4613.863493587149605446
4640.274493344893926405
4651.035377713755224249
4645.600794963242151425
4623.850603279845927318
4586.109684590843244223
4533.160782384495178121
4466.249441263866174268
4387.075813576192558685
4297.765603360961904400
4238.960047005813976284
4175.411942180046935391
4109.912272807154295151
4045.341702623578385101
3984.401457008234046953
3929.472868456085052458
3882.507406437654026377
3844.959871004929482297
3817.770010397503028798
3801.390035279379844724
3795.849415922351909103
3800.845204944817396608
3815.846035022115302127
3840.200042286356165278
3872.287225924757422035
3911.199440596642034507
3957.798426807642499625
4011.913836310143778974
4073.676539912830776302
4143.552162260427394358
4222.344039650545710174
4311.158669110436676419
4411.328738091551713296
4524.293124535184688284
4651.439620831240063126
4793.923491996193661180
4952.481409523168622400
5127.263604841061351181
5252.869750422001743573
5372.361548561736526608
5504.358568348751759913
5646.106831583977509581
5811.726612210600251274
5986.945236825997199048
6159.848516158446727786
6325.727380580717181147
6479.873541474948979157
6617.783365296293595748
6735.349257167436007876
6829.031748856737976894
6896.009242979118425865
6934.305671920598797442
6942.898340257886957261
6921.808266694059966539
6872.173069464662148675
6796.297898203401018691
6697.673723166647505423
6617.890451397001015721
6585.277330525223078439
7640.131268189192269347
7486.301759559250967868
7337.656023504735458118
7198.624280138890753733
7073.297310895509326656
6965.151647955168300541
6876.825612619403727876
6809.975932947570981923
6765.230879701027333795
6742.239006997558135481
6739.797492381981101062
6756.034376240020719706
6737.460353588304315053
6732.756037190217284660
6739.311901985563054041
6754.543917239429902111
6776.020123973527915950
6801.551364687016757671
6829.247871109988409444
6857.546002779730770271
6885.210706822852444020
6911.319576404819599702
6935.234058215183722496
6956.562678561643224384
6975.120324674106996099
6990.886766543133489904
7003.966809287668183970
7014.553762704706059594
7022.897316855123790447
7029.276416754994897929
7033.977331259948186926
7037.276800972976161574
7039.429918852107221028
7040.662238413229715661
7041.165506597356397833
7041.096376090489684429
7040.577453299425542355
7039.700074227159348084
7038.528261682849006320
7037.103392990941756580
7035.449189876037962676
7033.576723025941646483
7031.489197898828933830
7029.186350987862169859
7026.668335638631106121
7023.939010855010565137
7021.008569555808207951
7017.895453586520488898
7014.627506928504772077
7011.242319884643620753
7007.786721357903843455
7004.315389436362238484
7000.888579819890765066
6997.569024240916405688
6994.418133504827892466
6991.491757289253655472
6988.835903436586704629
6986.482983429529667774
6984.449270377910579555
6982.734226712115741975
6178.021758890003184206
6239.946133946358713729
6314.419885979289574607
6400.574061883231479442
6496.406914666304146522
6599.482534523256617831
6707.370871988220642379
6817.819993888952922134
6943.650369094872075948
7068.276692238415307656
7189.855948837624055159
7306.919332895640764036
7418.287133699859623448
7523.135698588211198512
7671.120418062930184533
7809.465823417475803581
7939.888923515966780542
8064.872543178052183066
8185.368861821401878842
8302.377083398965623928
8416.846306730874857749
8529.593092803055697004
8641.238161124187172391
8752.165511078326744610
8862.506212831176526379
8972.147465222831669962
9065.315480913806823082
9149.200768555421745987
9231.009794474786758656
9310.168001912545150844
9386.143544967591878958
9458.486026011154535809
9526.852436183822646854
9591.023164561316662002
9650.911644433339461102
9706.570570454923654324
9758.196146081118058646
9806.130087721905510989
9850.857623624646294047
9892.998850681738986168
9925.058934568363838480
9956.074340234403280192
9986.937394462773227133
10018.505257026816252619
10051.575059155637063668
10086.838308317559494753
10124.845378548530788976
10165.984315358589810785
10210.475699816341148107
10258.382706953932938632
10309.633457481450022897
10364.051717976342843031
10421.391989623562039924
10481.375749801680285600
10543.932199619399398216
10608.889726664818226709
10675.795666596904993639
10744.561818476309781545
10815.208398769749692292
10887.875737189197025145
10962.825984276290910202
11040.432517817163898144
11121.155390513917154749
11205.502583689893072005
11293.978949643129453762
11387.027178936408745358
11484.967270727825962240
11587.942070698747556889
11709.866923789086285979
11840.926221573721704772
11976.181361430206379737
12114.891755308201027219
12252.301920221007094369
12389.464261892919239472
12526.710428845002752496
12662.714737705957304570
12796.154686289242818020
12925.769636287832327071
13050.413584922147492762
13169.100178309288821765
13281.039615266890905332
13385.668418454381026095
13482.673889224413869670
13572.015150104198255576
13653.941861391123893554
13729.009972433579605422
13798.091444262072400306
13854.399976323658847832
13894.571691244069370441
13697.282470759266288951
13669.493460585601496859
13643.483609569142572582
13620.850530305406209663
13603.076819245996375685
13591.413915689972782275
13586.786156070464130607
13589.729036011189236888
13600.369417649617389543
13618.447604181939823320
13643.374150076722798985
13674.309732706469731056
13686.059760603815448121
13701.807471182486551697
13720.513601395967270946
13741.176417607306575519
13762.881070951716537820
13784.832810549252826604
13806.375210198841159581
13826.995689171384583460
13846.321104101431046729
13864.106227048125219881
13880.217673008153724368
13894.615438834456654149
13907.333764201497615431
13918.462588975293328986
13928.130493620530614862
13936.489683915531713865
13943.703320218968656263
13949.935288070468232036
13955.342354854494260508
13960.068547594508345355
13964.241512914310078486
13967.970576653180614812
13971.346200657673762180
13974.440535409450603765
13977.308783489850611659
13979.991116649354808033
13982.514924849187082145
13984.897214505928786821
13987.147012662797351368
13989.267670475461272872
13991.258991523955046432
13993.119136413131855079
13994.846274542334867874
13996.439965780451530009
13997.902261380739219021
13999.238514147376918118
14000.457885501637065317
14001.573533233404305065
14002.602461101894732565
14003.565012769979148288
14004.484001387911121128
14005.383485881604428869
14006.287239333063553204
14007.217006663757274509
14008.190717989871700411
14009.220902314093109453
14010.313606668703869218
14011.468119571223724051
2155.602708003693351202
