2779.797846998014847486
2821.035609886198017193
2869.092258177199710190
2918.145526982326373400
3065.043387900067045848
3203.376253332731721457
3331.553129223179439578
3449.219355900363098044
3556.189332349709275150
3651.676782290484879923
3734.012606675009010360
3800.844400676852274046
3849.650452304880218435
3878.367261145727297844
4024.791536607886428101
4150.944755120855916175
4259.191650277129156166
4353.226326353814329195
4437.802098324750659231
4518.393187377171670960
4600.800678982890531188
4690.697981698249350302
4793.125020568239960994
4911.975996297637721000
5049.564588238323267433
5206.366245609857287491
5381.010357760598708410
5570.575486348089725652
5770.984757498276849219
5977.511584613358536444
6185.313614547277211386
6389.893842832637346874
6587.452318030196693144
6775.122075424624199513
6951.099381587358948309
7114.683395595304318704
7266.239191727760953654
7407.095238223216256301
7539.384595949237336754
7665.839453602980938740
7789.551229812174824474
7913.712003033928340301
8041.368447262884728843
8175.190487523273077386
8317.287351629162003519
8469.089353993174881907
8419.746239577960295719
8381.198704683984033181
8353.165026599141128827
8334.770286221337300958
8324.669332074472549721
8321.202321153330558445
8322.560793447371906950
8326.944333671741333092
8332.692812879429766326
8338.385418832942377776
8342.903394674765877426
8345.457860812788567273
8345.587972739314864157
8343.135957275204418693
8338.206132678835274419
8331.114594169879637775
8322.335199310839016107
8312.446069474070100114
8302.079263701758463867
8291.874794478566400358
8282.438947096845367923
8274.306110634750439203
8267.903147195011115400
8263.509914743783156155
8261.230262066104842233
8260.967602033279035822
8262.406004525224489043
8265.003511713752232026
8267.996302249910513638
8270.420433576804498443
8239.724214519186716643
8206.085530284737615148
8168.215198394765138801
8124.873452474925215938
8074.965242943334487791
8017.636192697157639486
7952.361220318693995068
7879.017662853783804167
7797.935161956824231311
7709.915638281414430821
7616.218451686359003361
7518.508438814110377280
7418.765081045263286796
7319.171659885257213318
7222.695039777182500984
7132.200079879862641974
7050.261913090951566119
6979.003277773457739386
6919.976736287183484819
6874.101872596816065197
6841.658629810564889340
6822.329942251734792080
6815.281704092713880527
6819.266537442003027536
6832.739051761685914244
6783.405196072552826081
6740.209104695559290121
6701.511015944975042657
6665.750510604497321765
6631.526562527723399398
6597.659438056345607038
6563.231547754130588146
6527.605841318385500927
6490.422160584247649240
6451.573847856464453798
6411.168554183307605854
6369.478371820481697796
6326.884982978366679163
6283.825427067225973587
6240.743383561251903302
6198.049675085538183339
6156.094205491506727412
6115.149983150675325305
6075.408459189354289265
6036.984306481054773030
5999.927078404039093584
5964.236936387122113956
5929.881771188166567299
5896.813463835478614783
5864.981618705930486612
5834.343738865515661018
5804.871412101073474332
5776.552575893551875197
5749.390305608877497434
5723.398823720457585296
5698.597577671939689026
5675.004309145467232156
5652.628062981134462461
5631.463078175632290368
5611.484468617648417421
5592.646524345605030248
5574.884316318357377895
5558.119033332381150103
5542.267080199937481666
5527.252399358437287447
5513.020749099374370417
5499.553837104805097624
5486.880406665082773543
5475.080870755802607164
5464.282321665394192678
5454.642298825745456270
5446.323032537187827984
5439.462512672337652475
6645.371661840150409262
6684.147600155593863747
6726.834632926439553557
6773.786790185206882597
6825.357450972648621246
6881.888394856824561430
6943.697606391885528865
7011.066226392762473552
7084.225069402637927851
7163.341146215155276877
7248.504663748646635213
7339.717042668119574955
7436.880598373720204108
7539.790660842178112944
7710.504561903072499263
7886.345988472193312191
8066.897030289002032077
8251.632400403326755622
8439.934388826297436026
8631.115475139014961314
8824.448542132056900300
9019.203857201990103931
9214.691081746659619967
9410.303621535969796241
9605.561778080014846637
9800.150556494258125895
9993.947783776508003939
10187.038515425650984980
10379.712594662196352147
10572.443621040380094200
10765.849325550605499302
10960.635201815737673314
11157.524969256277472596
11357.182837344253130141
11560.133488634275636286
11766.686174720773124136
11976.869369880578233278
12190.382110303478839342
12406.567495052127924282
12624.412804529731147340
12842.579209121035091812
13059.461979403013174306
13273.279407149942926480
13482.185391440185412648
13684.397160680588058312
13878.326463123030407587
13933.094827509567039669
13977.840593628910937696
14012.570845524865944753
14037.742641483144325321
14054.201933985859795939
14063.094869152213505004
14065.763264091163364355
14063.636377278429790749
14058.129639830673113465
14050.558410057830769802
14042.071740945013516466
14033.608199655851421994
14025.873336959381049383
14019.336653872907845653
14014.244861558838238125
14010.647787034436987597
14008.433298505549828405
14007.367956895053794142
14007.140597628078467096
14007.406585991162501159
14007.830963778378645657
14008.129043981954964693
14008.103177152202988509
14007.674411648946261266
14006.907649944358126959
14006.028751560048476676
14005.431951295060571283
14005.676058003353318782
14007.468243726834771223
14011.634853062614638475
13989.250622185878455639
13971.254575113855025847
13958.701768481590988813
13952.525138965271253255
13953.469466252325219102
13962.030862479623465333
13978.406196342646580888
14002.456528755918043316
14033.688046658693565405
14071.253133288375465781
14113.973084735731390538
14160.382563314891740447
14208.794190762422658736
14257.379831305463085300
14304.609329870811052388
14348.923568981803327915
14388.884706699345770176
14423.247093337909973343
14451.013574076634540688
14471.473323121594148688
14484.219368685511653894
14489.146050207056759973
14486.428469442620553309
14476.487328677098048502
14459.943307712912428542
14437.565355197162716649
14410.217075016329545178
14378.804906375587961520
14344.231140239902742906
14307.354065347910363926
14268.956748356284151669
14229.725169277460736339
14190.235695852448770893
14150.951232328805417637
14112.224855277583628776
14074.309384180887718685
14037.371138284293920151
14001.506104025413151248
13966.756859711440483807
13933.128846430483463337
13900.604898455931106582
13869.157307316409060149
13838.757055498848785646
13809.380180627027584706
13781.011493237614558893
13753.646060607012259425
13727.288975460192887112
13701.953963181962535600
13677.661351815719172009
13654.435855797128169797
13632.304521174857654842
13611.295065837899528560
13591.434734432905315771
13572.749686140869016526
13555.264850064093479887
13539.004121858035432524
13523.990738277723721694
13510.247652680664032232
13497.797745169884365168
13486.663731597380319727
13476.867685903020174010
13468.430155267544250819
13461.368920684190015891
13455.697531054973296705
13451.423804197824210860
13448.548531893207837129
13447.064635682210791856
13446.956984759985061828
13448.203003767601330765
13450.774074735811154824
13454.637592438879437395
13459.759402013780345442
13466.106265482963863178
1513.973511013346296750
