137.763330739405745362
137.763330739405745362
14.823217592432406775
1.841176193199051347
1.219806842789139090
0.611213882907911121
0.496892689042191638
0.446795688896891974
0.408969838945658803
0.375670750987974700
0.345678740637999027
0.318716763749179344
0.294574024579626337
0.273002759463348621
0.253739878634654303
0.236529864223239267
0.221136598604693618
0.207347601802505305
0.194974370417694887
0.183850972643057886
0.173831977266434151
0.164790224216131792
0.156614663295007700
0.149208360748857932
0.142486707241332500
0.136375835185498145
0.130811236697012390
0.125736571309881667
0.121102646640005418
0.116866560825906060
0.112990994500183642
0.109443648095677762
0.106196825970821931
0.103227181046412791
0.100515651305323667
0.098047649009059143
0.095813615164247412
0.093810142258716908
0.092042039645219786
0.090526041262343135
0.088422699790648915
