2254.265278308100732829
2216.061817617012366100
2151.578215020336756425
2058.634773070905794157
1934.903789668385797995
1787.216228903159617403
1737.920682174004468834
1673.542415214074480900
1600.299831136572720425
1522.330048190438901656
1440.569111602447264886
1357.403612815597170993
1277.178754986105332137
1202.654139553655113559
1128.025735804216537872
1050.213653753745347785
976.148423551368637163
925.031254641141572392
899.975779384373254288
889.310638319455620149
898.591485027482121950
954.714001343937752608
1080.173693682823341078
997.544053843439769480
929.346096776991544175
908.384666415607171075
947.870297772647859347
1080.927520307523309384
1370.615449953920006010
1930.342491064482828733
2754.724428094913946552
3740.410639719500068168
4660.719337126873142552
5396.086682714353628398
6090.996292561343580019
6781.606393253868191096
7497.408433702001275378
8388.715639891048340360
9591.584330314039107179
10753.208616655883815838
11796.454119146612356417
12713.357534263483103132
13500.757672308540350059
14157.190023312567063840
14682.291955499169489485
15076.458988624208359397
15340.594071480811180663
15475.884287832936024643
15483.614604075055467547
15365.076333880448146374
15121.539520911912404699
14754.219960305004860857
14264.207931039822142338
13652.535250251128672971
12920.271489227827260038
12068.798275749770255061
11100.245324443181743845
10018.506982757440709975
8838.443954230855524656
7697.053510041331719549
6866.028352221436762193
6121.868675705666646536
5319.579012061167304637
4438.018106255334714660
3402.936121096439819667
2302.904491281879927556
1292.425778897936197609
550.462292307856500884
107.421152037331822271
0.757867052832081445
0.000000000000000000
0.000000000000000000
0.000000000000000000
0.000000000000000000
0.000000000000000000
0.000000000000000000
0.000000000000000000
0.000000000000000000
40.394715607057719353
0.000000000000000000
0.000000000000000000
0.000000000000000000
0.000000000000000000
0.000000000000000000
64.482970600744735634
321.251672382941819706
787.963256991762591497
1459.812010171277961490
2262.668740357928072626
3001.122424193921233382
3613.432158198959768924
4199.029450356870256655
4769.844400240134746127
5333.808403138385983766
5894.496325766138397739
6460.474616234400855319
7037.294635266952354868
7573.344539874696238257
8013.190612505240096652
8329.299626508871369879
8525.112755772450327640
8617.565284746884572087
8635.854053041406586999
8609.872554195526390686
8532.279965500158141367
8400.094081707242366974
8210.058971780890715308
7982.925435063686563808
7762.739821557147479325
7580.718127442487457301
7438.288815560916191316
7321.884153149849225883
7204.777885904260074312
7010.341624375595529273
6832.933987608847928641
6673.667945626004438964
6525.915425635817882721
6401.911654971885582199
6305.356157600768710836
6231.161818679778662045
6166.857317363684160227
6108.640048550744722888
6047.778872929812678194
6020.520668489661147760
6047.829969994444581971
6032.963465413720768993
6008.270344623703749676
5987.845593555057348567
5965.288492018382385140
5920.436918061732285423
5836.411204597912728786
5710.796140289131471945
5561.858857924364201608
5405.405048634446757205
5256.198986771850286459
5138.168520004967831483
5052.286470950729381002
4972.259913259404129349
4877.890157888033172640
4760.585932925758243073
4621.187706460015760968
4472.548604805399918405
4335.046856366373503988
4225.429749542756326264
4136.865152895415121748
4073.925395685444527771
4035.651974465441981010
4017.246325050324230688
4006.462318157459776558
5582.155365036080183927
5569.139252306586968189
5534.090883030401528231
5492.781584065661263594
5457.534096412261533260
5419.363691646856750594
5438.674497861862619175
5443.783551488761986548
5431.379570296197016432
5403.436812586991436547
5367.898468571285775397
5330.818528253942531592
5295.444478717719903216
5267.576453035375379841
5265.365193333397655806
5298.376970190745851141
5354.150199255346706195
5398.588046331376062881
5427.327985830671423173
5467.200418185117086978
5525.871342620118412015
5585.040213730091636535
5638.107864893274381757
5402.303475323509701411
5281.170833190263692813
5223.441631890571443364
5213.550377352381474338
5218.618406058141772519
5177.039723548159599886
4959.905249278683186276
4615.900819933491220581
4307.846532567357826338
4351.070763270361567265
4868.175798634098100592
5555.303487105329622864
6284.420590063716190343
6947.297121954475187522
7254.917975629551619932
6955.325908758524747100
6593.354137475942479796
6281.750317444788379362
6028.124402819646093121
5835.846382522368003265
5707.708198676228676050
5646.001343416070994863
5652.519056045307479508
5728.556727255414443789
5874.909712617622062680
6091.867108305379588273
6379.200255696525346139
6736.144922213929930876
7161.376257818090380169
7652.975782306894870999
8208.389866155514027923
8824.379456609540284262
9496.960565717919962481
10221.315734292833440122
10991.138008628038733150
11785.288603465942287585
12391.906205836194203584
12392.399557220918723033
12175.780184242728864774
12020.800651977373490809
12022.691823057692090515
12374.032825985825184034
13014.912229567808026331
13784.107473232352276682
14509.096782441667528474
15178.374583153650746681
15782.606593024527683156
16313.350718171028347570
16763.206289526853652205
17125.966891692161880201
17396.719215220360638341
17571.879892846474831458
17649.177384566020919010
17627.593055041041225195
17507.278512981403764570
17289.465519425059028435
17701.206054750851762947
18018.504430485612829216
18243.212643726714304648
18378.191257432128622895
18427.319759596244693967
18395.579041880060685799
18289.685427811218687566
18120.355948465825349558
17911.514734984524693573
17746.695665278250089614
17836.587694389614625834
18205.447597570349898888
18665.410049446709308540
19141.636897438474989031
19571.786785440664971247
19910.230356215091887861
20117.310216772097192006
20169.152472270750877215
20125.285433611763437511
20057.720605744358181255
20008.006060073912522057
19981.618697876074293163
19969.209693538959982106
19947.562212169861595612
19894.031988511796953389
19834.791683894422021694
19791.198170699921320193
19785.284074114097165875
19808.181301839929801645
19820.482430227970326087
19797.883245310371421510
19752.280874072075675940
19712.308495605029747821
19720.599713418054307112
19752.972381212563050212
19818.909895635795692215
19916.600936368009570288
20051.360919209055282408
20201.977863166386669036
20356.315292194634821499
20512.220572432623157511
20676.328654526503669331
20844.062481345059495652
21017.532330451518646441
21142.010893627932091476
21183.414253807961358689
21259.672810306899918942
21324.684715717445214977
21357.036678862696135184
21362.820364660823543090
21366.908679955242405413
21391.013519412837922573
21439.260611732963297982
21490.141465523542137817
21526.085324346848210553
21531.572888020564278122
21479.983651001108228229
21374.614033741239836672
21254.039284677335672313
21149.203164468566683354
21076.173684229870559648
21038.781130563871556660
21025.224998367804801092
21013.798085272952448577
20987.186464081678423099
20957.996093653895513853
20923.794102243424276821
20888.388472548766003456
20858.932504675161908381
20849.628170105563185643
3687.195663691000390827
