193.302850712208737605
193.302850712208737605
9.428909525580117190
1.924232426319335332
1.633467351894604791
1.618780988715759817
1.609182300584734993
1.600299397864310746
1.591894898234884392
1.583874334555858354
1.576169724175211284
1.568728972071496308
1.561512033330842986
1.554488144907907321
1.547633689048769412
1.540930537527691158
1.534364772111041386
1.527925697412755524
1.521605081232775714
1.515396572040160539
1.509295250641716546
1.503297286706842595
1.497399676414111314
1.491600040966843732
1.485896473042417565
1.480287419948979055
1.474771594684190612
1.469347908994847574
1.464015423592941012
1.458773311418931629
1.453620831309403227
1.448557309777909197
1.443582130048459700
1.438694725972920141
1.433894581312832095
1.429181233400957485
1.424554280615110136
1.420013394923884675
1.415558338845093189
1.411188988640692088
1.406905364238555833
1.402707668415426490
1.398596338065049682
1.394572111357246902
1.390636116589552218
1.386789991655893006
1.383036046064512359
1.379377484766494799
1.375818721603315975
1.372365826667186539
1.369027176571201876
1.365814421658559485
