3409.499434076350098621
3333.737276036923049105
3234.861220795200097200
3099.452368944710087817
3380.213582689018949168
3608.960540045133257081
3788.142701364518870832
3922.753270083576808247
4017.899794566925265826
4077.170875983242694929
4101.905565979232051177
4091.381512439413199900
4043.633590649705183750
3956.595942531760101701
4124.567977279846672900
4255.108392160360381240
4353.417704801190666331
4426.577613471640688658
4482.909597615661368764
4531.237136957354778133
4580.122413123674050439
4637.127063909560092725
4708.152384131793041888
4796.934472743475453171
4904.787446384422764822
5030.677293969603852020
5171.654139260806914535
5323.605643600598341436
5482.091172737626038725
5643.225042121635851800
5804.453546565139731683
5965.106921287942896015
6126.678285871836123988
6292.817544501586780825
6469.049170775463608152
6662.239423025857831817
6879.862458392998632917
7129.150005344373312255
7416.246958860408994951
7745.515674160894377565
8119.114726558672373358
7925.667662785446736962
7777.724403651562170126
7674.437453947478388727
7612.838343824443654739
7588.117568643011509266
7594.128086805094426381
7624.000544420560800063
7670.754862172231696604
7727.820441860179926152
7789.417769408950334764
7850.791211479420780961
7908.307874113595062227
7959.449644855179940350
8002.728245906987467606
8037.550901791372780281
8064.058165201528936450
8082.951268729701041593
8095.323751046489633154
8102.506621575904318888
8105.933978770074645581
8107.033245940049710043
8107.141522033921319235
8107.446993101812950044
8108.952099835533772421
8112.453476585163116397
8118.532821251415043662
8127.552981665786319354
8139.654651849486981519
8154.742956166044677957
8172.485381367655463691
8192.307594876700022724
8213.390853909630095586
8234.679895384397241287
8254.901397386078315321
8272.600883594248443842
8259.131629304420130211
8239.920783137764374260
8213.351942449209673214
8177.934261267685542407
8132.408774236055251095
8075.852518833586145774
8007.772471862375823548
7928.181440237077367783
7837.648595074900185864
7737.318294996701297350
7628.892317867202109483
7514.572808668847756053
7396.962076773573244282
7278.941224918991792947
7164.333721983086434193
7057.059204138326094835
6960.765237536536005791
6878.623406613987754099
6813.167511848133472085
6766.187615004003419017
6738.684595344543595274
6730.881291955641245295
6742.280609665777774353
6771.758990915217509610
6817.684456789387695608
6777.445736629013481434
6749.663560072617656260
6732.081252747585494944
6722.375791044927609619
6718.295553160722192843
6717.778826047764596296
6719.044755234574040514
6720.651943020662656636
6721.523749815924020368
6720.942824313559867733
6718.520021661362989107
6714.144487089590256801
6707.922324065479187993
6700.111077200584077218
6691.056423456557240570
6681.136164624437697057
6670.715032404613339168
6660.112139120583378826
6649.581315261298186670
6639.303231049670102948
6629.387220377639096114
6619.880168158575543202
6610.779675939666958584
6602.048919985195425397
6593.631063267626814195
6585.461665240483853268
6577.478155102929122222
6569.626013755300846242
6561.861796439128738712
6554.153494786837654829
6546.478973272149232798
6538.823329189595824573
6531.176027630384851363
6523.528572291111231607
6515.873306391436926788
6508.203713925683587149
6500.516329556367054465
6492.814081022408572608
6485.110607377810083563
6477.434840256360985222
6469.834935436599153036
6462.380539959793168237
6455.162416808810121438
6448.288694687472343503
6441.877519851568649756
6436.046712753130123019
6430.902102041060061310
6426.527191260799554584
7259.385786691567773232
7298.091432419065313297
7339.030417262712944648
7382.284364469321189972
7427.922416864534170600
7475.998524648173770402
7526.548969775752993883
7579.590223350774067512
7635.117192940765562525
7693.101878885331643687
7753.492434349866016419
7816.212619281077422784
7881.161653814409874030
7948.214504758423572639
8017.222667333316167060
8088.015520182450018183
8160.402322817100866814
8234.174886450437043095
8309.110882624814621522
8384.977668258548874292
8461.536414536138181575
8686.627677666134331957
8911.931154707310270169
9137.208509827492889599
9362.225219806392487953
9586.752733203593379585
9810.569117745471885428
10033.457939373864064692
10255.205317830846979632
10475.595360383695151540
10694.404462187960234587
10911.395241637617800734
11126.311109403663067496
11338.872604680169388303
11548.776631697000993881
11755.699565943807101576
11959.304864462887053378
12159.255324211299011949
12355.229531571107145282
12546.941406372156052385
12734.161158817785690189
12916.735549531120341271
13094.605164503720516223
13267.816548561002491624
13436.527492732133396203
13601.004492311914873426
13761.612277021533373045
13918.796223078597904532
13934.064825786366782268
13946.953979031633934937
13957.986913504548283527
13967.646824584498972399
13976.360229042469654814
13984.486045453944825567
13992.310359272250934737
14000.046357152667042101
14007.838580162428115727
14015.770456137397559360
14023.874015113602581550
14032.140745530618005432
14040.532684709669410950
14048.993025067662529182
14057.455729088191219489
14065.853854872950250865
14074.126478675199905410
14082.224244865206856048
14090.113666999222914455
14097.780343467306011007
14105.231240977378547541
14112.496149336444432265
14119.628336789221066283
14126.704354860021339846
14133.822874248282460030
14141.102396074971693452
14148.677687753870486631
14156.694846051957938471
14165.304989695649055648
14174.656719897247967310
14184.887643764403037494
14196.115410453696313198
14208.428841803124669241
14221.879824768075195607
14236.476656681157692219
14252.179484970101839281
14268.898359180049737915
14286.494222898956650170
14304.782933842370766797
14323.542137093227211153
14342.520560482680593850
14361.449083761299334583
14380.100405579774815124
14394.727373549201729475
14408.631180220625537913
14421.623458675716392463
14433.546570892673116759
14444.278320550121861743
14453.734600211684664828
14461.870034420495358063
14468.676791230838716729
14474.181807525344993337
14478.442715219587626052
14481.542777327516887453
14483.585154539074210334
14484.686828931815398391
14484.972512029351491947
14484.568853824501275085
14483.599242452928592684
14482.179436642552900594
14480.414205619481435861
14478.395068683790668729
14476.199138114165180014
14473.888985067833345965
14471.513377937628320069
14469.108693692356609972
14466.700778586966407602
14464.307034817611565813
14461.938531167439577985
14459.601972346699767513
14457.301407784987532068
14455.039608610286450130
14452.819086917617823929
14450.642769339563528774
14448.514365138922585174
14446.438487011477263877
14444.420590389287099242
14442.466796348897332791
14440.583655893833565642
14438.777901927085622447
14437.056221436581836315
14435.425067055261024507
14433.890514654212893220
14432.458164095978645491
14431.133073431377852103
14429.919713584949931828
14428.821930310623429250
14427.842902738146221964
14426.985092376724423957
14426.250182181071068044
14425.639011436207510997
14425.151517574122408405
14424.786699683212646050
14424.542619629328328301
14424.416454531070485245
14424.404608868933792110
14424.502886059248339734
14424.706709023390430957
14425.011369392035703640
14425.412277747951520723
14425.905185485944457469
1318.876582072151450120
