67.163843974781400448
67.981629409534207298
69.061618741225885287
70.004158836846272607
70.565570228532862984
70.876323480172402469
70.884590491583509220
70.982617570891676451
71.388009134324647675
72.072924724480913028
72.888736095249385016
73.735181703473188009
74.563438427767948724
75.247751531295108407
75.369856776087544858
74.692009516621283183
73.526443532620362475
72.653043651297849692
72.178439238054011184
71.435690916935300265
69.711745708904061303
66.595172309981762737
63.895760738565854808
64.567684704787922101
65.378497224613511207
64.434396423204830739
61.998196463197643880
58.620120124738264167
54.189853004484220378
48.107929604531179280
39.174758561682210711
27.960543984555599195
15.899764167114568636
4.093269477926696709
-7.289640877468968938
-17.979382046622362168
-27.398669292746660631
-35.449836758345981025
-42.734832287449336263
-49.307989333905595686
-54.808283754198242832
-58.715909730148950985
-61.266600043682785781
-62.842522004891975484
-64.024420558464186115
-65.183392242651393644
-66.159787534792172892
-66.520614611167815156
-66.234188138461462358
-65.502987760129343542
-64.138674919078823677
-61.414969519634183825
-57.411867439597898510
-52.149693256339787695
-46.283679701422272501
-40.456095029416388797
-35.170068466279303721
-30.314566670534475179
-25.003908592883504980
-18.122328015729550543
-9.937061585679202835
-1.473365974284519098
5.921605067828750180
11.897152866458839071
16.953426922819062383
21.854251050328628025
26.628625633008624618
30.847629174853580025
34.181855875014150570
36.707356563871456956
38.577820181805464017
39.890895794066494773
40.764445721368105069
41.431361070186312645
42.322929808434395227
43.710539452775265090
45.371499674676101677
46.636590530811162125
46.746684426086346775
45.311729514147145892
42.810312743214808506
40.489227766396737707
39.111604504072630561
38.281448675737976828
37.219637860278993458
35.156990549487119324
31.648665746764095275
26.863140673575458095
21.345692795989663182
15.561516074228109119
9.730897868810927775
4.100419968325525133
-1.124576733839319331
-5.770607072030088602
-9.764096997969147651
-13.108983990994090618
-15.821059852529799628
-18.069568419711686147
-20.084925497221604473
-21.911397076434298015
-23.366852571730873933
-24.270204463089555702
-24.554932338354717558
-24.348515591364218835
-24.006514964107736887
-23.861055250405343031
-24.053893141098228625
-24.424038504388192905
-24.622792615028060936
-24.427476456484384926
-23.915435104945515832
-23.400488508196758630
-23.257916822339097962
-23.665135266340314502
-24.532952547165621127
-25.766845786349904301
-27.286564267698736330
-28.952755283782209972
-30.647029029106818143
-32.321361996842199460
-33.961146236820638933
-35.510687323454021680
-36.822810077343547164
-37.678541841563344406
-38.075653693579909032
-38.266753859620962430
-38.303807931905907935
-38.140893388689164567
-37.842835340561975954
-37.578651264289987921
-37.496117008065823484
-37.605736897740939639
-37.768057509054926868
-37.781734850874613585
-37.452290501884988316
-36.659132958210989273
-35.460557880134842890
-34.090626103895488086
-32.817735201932009659
-31.820143215908785805
-31.135604818488786805
-30.668289930253934017
-30.257582876128196858
-29.783586631867819960
-29.218067048748707748
-28.576988297804234662
-27.909753282923986717
-27.298686487253462474
-26.827849841522322549
