52.801765014515545715
53.551044204696395923
54.601276607049030076
55.673121889630756698
56.495661725523902419
57.095478823459011153
57.353561555699428709
57.601366641371178900
58.121335993024651145
58.934325006257495261
59.893431908919723128
60.879920079813075517
61.833908749515252623
62.653660710024460911
62.946855591059531321
62.483307147803444082
61.524237008406544192
60.803439152062779272
60.402938164619612849
59.776392683725170230
58.741451504948798856
57.510241210886562158
56.104711864649800646
55.034138565086117012
54.250840588765143480
53.159202598473818568
50.988207316146784365
47.687126819895510721
43.169332235351973281
37.471998023821271318
30.490813295391888005
22.669096276879017182
14.764498324244229366
7.330113419178999834
0.019700781100993936
-7.160087619847473661
-13.696800705456581682
-19.546754461444692197
-25.428449028571264989
-31.388869289165654664
-37.005461991899551322
-41.594856313030504680
-45.147799050941159749
-47.807101679115930892
-50.053014940354330520
-52.192057941298145352
-53.945177633207066492
-54.738438158985331938
-54.498270816368091118
-53.449863101472345761
-51.373611571204719439
-47.431748061370370806
-41.770057584163311049
-34.491514678191236953
-26.485547207058488084
-18.658203544067362145
-11.777805348470991476
-5.898372763483962444
-0.149702459612825578
6.638475792013622367
14.042245811675599043
20.814116745369148020
25.448553163107675346
27.847079335719115534
29.259896137193095456
31.478628762418225051
35.308969350532777298
40.436849183428790866
45.591516169076896858
49.647924618788266571
52.358164223998301168
53.937522530239419893
54.673441768319037237
54.937640679004175581
55.296436212363289542
56.100242562090244292
57.096428429518539360
57.512954009899431185
56.556695646240711994
53.882930759933771014
49.993176158445891133
46.317062737400362948
43.803325880008429749
42.048882075920261059
40.205273979788245242
37.455182556957424822
33.422670795997248661
28.503660491782369490
23.402947988065847085
18.489394333062193709
13.718530044357891029
9.107845734340571653
4.722259052826046855
0.685500540561776006
-2.924020823850497663
-6.074884017864292218
-8.728924302854835560
-11.026349200671148765
-13.187080164562274831
-15.223096158710092141
-16.891991302714473022
-17.964625531331932962
-18.355335987324849611
-18.212190833567660775
-17.955411680635279481
-17.978145956739183475
-18.448411371455279095
-19.174606956568140959
-19.739298612803963806
-19.868258858808815148
-19.635051403575687345
-19.387014922002492767
-19.542035855328151683
-20.285679118536677379
-21.493708707956841408
-23.045695486780232386
-24.849582951094077998
-26.753370950714156606
-28.637214547155565469
-30.468545183092146544
-32.255467941946847077
-33.956348250142809775
-35.417385222639438780
-36.392043418891944384
-36.880960009759519380
-37.178066321455276011
-37.332946074111305279
-37.276265910090273792
-37.069405560709071779
-36.898933748818933509
-36.931425437720292848
-37.179281508775773091
-37.486657317697051894
-37.631007899962355623
-37.397756924497286946
-36.651171193886227684
-35.453028933960524682
-34.059906067496569904
-32.763542308148601023
-31.754086637754028288
-31.068446850064731279
-30.600521901426930071
-30.178364990713021143
-29.680595323559600729
-29.088053845969795930
-28.422555379919515417
-27.734774810682097268
-27.109513611555826174
-26.636833379617485207
