2663.262098171283469128
2663.262098171283469128
151.126362797356676992
24.804795406622936582
13.945491795216469200
12.336815641959336887
11.885235731729995479
11.691769017491900229
11.594673277945863887
11.543342871495870128
11.514602053835046647
11.496937406882175026
11.464005051196830109
11.421729179262102960
11.409370604147298423
11.400290100855119846
11.392930125182552104
11.386377653127487619
11.380317490205118958
11.374438339280180443
11.368634353165960604
11.362836434375102712
11.357004093768072295
11.351113813748566983
11.345152168955484839
11.339111942891756613
11.332989927133450436
11.326785690625534642
11.320500933467553040
11.314139229567508949
11.307706044106463850
11.301208999221255880
11.294658388444581476
11.288068017970026347
11.281456498163596081
11.274849216230538929
11.268281400420331551
11.261802962115645244
11.255486391796175383
11.249440054898185437
11.243831474272621307
11.238929953702077924
11.235188831717506375
11.233414078391835034
11.211237709484146663
