50.364968388461832660
52.192395550473762000
53.911579363694670519
54.970279940568111954
55.235076883290389560
55.098129103369885229
55.704478912860224682
56.208192115160926505
56.706113708452143385
57.354209636024918950
58.100924887476907088
58.885228762380180001
59.691421932166129238
60.420768823931084057
60.626635316843852763
60.042662534333558710
58.999223923749063658
58.366705455077109832
58.187232789431803326
57.623523152457146068
55.942960751384205764
52.942927378044650766
50.728264837610574034
51.832299832885830426
53.476921268370922746
53.649907889697047381
51.988276027908696619
48.768784865346653135
43.929748942693194635
37.509208298194451459
29.577817653631953476
20.808213099910744859
12.122401999925457972
4.210719375742513648
-3.145754801459617056
-9.849987247439855764
-15.356064048690001300
-19.647879283368439474
-23.527713854235429380
-27.170353144499131304
-30.305718506150981284
-32.405509797958217177
-33.600385988809421178
-34.148670547230153716
-34.620142928323588194
-35.387451309498260343
-36.217850749804028965
-36.566723122640752308
-36.374331616578558624
-35.864396330162520599
-34.799611831906304360
-32.306441273144884008
-28.474375161314213756
-23.326942811597604077
-17.649082362481919972
-12.217694027237342880
-7.652011850011575689
-3.847695419479293832
0.216885216032238759
5.837801950292259789
12.673082014939723194
19.491290232086839751
24.690427167541258768
27.858721361574396269
29.638226416778167049
31.261854816941308854
33.445970466202908256
36.058780434284756211
38.365803871332957442
39.979312900383945362
40.915171461522078289
41.287361359984970477
41.246370013325986292
41.068155292831164616
41.255809131732064543
42.113959348634978141
43.352583273622684601
44.178500758868608500
43.829392163684104844
42.000154744380722605
39.131534989425745152
36.584283176019397388
35.293702852326589436
34.871773379305608387
34.501120121291961595
33.385220566519507202
31.030709733353234014
27.502154146439096394
23.238283014086846379
18.638062035684669127
13.868006973651603175
9.153486032933386696
4.693861503696297177
0.676511571697119507
-2.806206101940517783
-5.739181011992059211
-8.116528718712800128
-10.116173342201989271
-11.992989817795887575
-13.785335193684716160
-15.265787052969471915
-16.208788537065402124
-16.522624803454107223
-16.341998390496598859
-16.068549587187817451
-16.073531124484816246
-16.502341671193050843
-17.144547192100844768
-17.574668291392185893
-17.529390980289576873
-17.117470684187310326
-16.741944946014484685
-16.879078984033014876
-17.748454203813366803
-19.218124878416972479
-21.125149540615950627
-23.322293620199445741
-25.608790478494995568
-27.831187581629421857
-29.939273053161969074
-31.936419488435547009
-33.785057482062143208
-35.340596833466122462
-36.368181410344618598
-36.880640624407192263
-37.182982315954063779
-37.333542599974521181
-37.268862626708369135
-37.053325381330637356
-36.874123659124052210
-36.897118441555221580
-37.134055866288520065
-37.429713643177990434
-37.563929819751251671
-37.325639003106175551
-36.581889111737382336
-35.394251432237297195
-34.015283446335217832
-32.730428450389126738
-31.724009524087307454
-31.029887021414651826
-30.542627388204891759
-30.093854083923702092
-29.566607597202562374
-28.945508864243720382
-28.255639141731421660
-27.551113253834500938
-26.920792994360681405
-26.459034288295811166
