2076.880019518389872246
2069.981569303745345678
2027.891929161918824320
1939.269533951245875869
1787.323451379484140489
1584.210617286136994153
1590.482159316604793275
1558.649791262458620622
1507.977078682278261113
1451.064245763391909350
1388.774848720889849574
1326.433626816700325435
1276.224573779993306744
1244.727407608949306450
1205.412572128329884436
1138.530788719459906133
1062.379573565734062868
1042.094768507021854020
1082.504561277641414563
1130.072083880582113125
1168.259674996497551547
1091.157509829610262386
1079.385316360571778205
1109.746732064548041308
1172.520648252121645783
1225.556364070194831584
1277.818145381185331644
1365.146460089026049900
1509.051178747133462821
1746.609943187120052244
2181.561373261357402953
3565.449921594779880252
5508.768251594436151208
6809.346480567523940408
7418.390082964008797717
7918.433004294200145523
8431.660650007999720401
9160.081616549325190135
11375.637117420392314671
13490.368317184485931648
15290.510899287342908792
16803.077722545684082434
18053.870759851772163529
19065.407823334848217200
19856.602349180440796772
20442.785897277932235738
20835.762097703700419515
21043.849494504134781891
21071.900169622465909924
20921.259947078997356584
20589.677590024613891728
20071.119649032272718614
19355.344837436361558503
18427.366368058399530128
17266.704005866959050763
15846.595759459203691222
14133.130600941141892690
12086.454497308164718561
9801.569438933242054190
8683.519634857839264441
8272.398928444537887117
7845.811447924510503071
7183.472613635005473043
6241.679858501132002857
4790.879535876268164429
2432.449671193516678613
650.358457905677937561
0.000001526594278468
0.000000000000000000
0.000000000000000000
0.000000000000000000
0.000000000000000000
0.000000000000000000
0.000000000000000000
0.000000000000000000
0.000000000000000000
0.000000000000000000
0.000000000000000000
0.000000000000000001
0.000000000000000000
0.000000000000000000
0.000000000000000000
0.000000000000000000
0.000000000000000000
0.000000000000000000
0.000000000000000000
0.000000000000000001
409.239034718903212706
1979.414161634558695368
3574.514133514890545484
4225.753493755792078446
4679.770301795761952235
5113.004892062891485693
5565.466662659840949345
6046.624189488448791963
6593.406658384495131031
7316.885062192738587328
8131.536530201956338715
8807.736426841829597834
9193.947691520861553727
9304.901923006062133936
9232.876943029978065169
9094.034486575519622420
8966.521277281499351375
8796.710370559045259142
8551.372874685612259782
8202.876461407988244900
7794.872619847161331563
7437.064078231277562736
7204.031461474300158443
7088.811748336161144834
7044.155857178380756523
6987.574397798996869824
6754.587939865022235608
6546.944678470456892683
6363.863408782131045882
6184.536464495678046660
6041.964571155528574309
5946.789650041132517799
5886.506124732311036496
5829.269961217410127574
5768.232156595518063114
5683.518465575638401788
5680.359323894253975595
5821.960317117033810064
5845.221987502800402581
5844.852269028474438528
5864.477555769612081349
5890.149668687390658306
5868.702519485562334012
5754.839239142529550008
5542.114369688772057998
5280.297411440599717025
5011.368683690330726677
4773.802584884454518033
4631.232495133038355561
4583.537976079077452596
4554.909092447011971672
4486.309305594116267457
4350.670422396345202287
4146.815136771784636949
3906.627959815763006191
3682.678871365606028121
3517.502275986220865889
3388.660943188280725735
3306.411777984646505502
3267.171949061435952899
3258.530791591537763452
3249.211243932673369272
3535.177282002140145778
3524.574902547797137231
3484.946674313281164359
3430.949107147289851127
3368.953106678099629789
3290.187756178013842145
3335.124482620972230507
3351.223837310103590426
3341.436678051842136483
3312.351047579339137883
3272.900704043805035326
3231.426388410758590908
3195.716862130882873316
3175.042393109038130206
3182.339669355898877257
3223.098565677458736900
3287.843377900324412622
3356.380021125055918674
3423.744477040405854495
3501.978434840527825145
3598.737087764985972171
3730.476529238679177070
3863.193631109206762630
3898.952019743601795199
3935.143352041443449707
3982.092104511634261144
4042.462253782804964430
4114.460474717348915874
4201.526821355474567099
4313.877921304385381518
4465.140647212743715500
4569.886618134754826315
4691.330207343984511681
4989.835847791397100082
5442.711448594627654529
5929.600933444385191251
6405.032402402696789068
6815.381426950745662907
6943.667946723018758348
7045.749142350506190269
7161.022138137753245246
7290.601722551509737968
7435.339716428662541148
7595.946046034341634368
7772.990436154278540926
7966.909934431728288473
8178.020374142096443393
8406.529372201375736040
8652.548266785925079603
8916.100426027614958002
9197.123599949210984050
9495.464450748173476313
9810.864062235483288532
10142.934092882038385142
10491.124266713100951165
10854.683047918280863087
11232.612615404183088685
11623.306406764177154400
12001.911880918407405261
12133.484289638783593546
12095.000821671932499157
12018.669725394738634350
11963.415970009456941625
11964.981240559141951962
12092.601397736976650776
12446.474146311635195161
12841.966475474255275913
13225.326790714354501688
13594.058773733446287224
13946.016781943264504662
14279.316474321529312874
14592.346633416054828558
14883.763879873453333857
15152.473190458833414596
15397.598798069549957290
15618.450211502142337849
15814.487812891577050323
15985.292072442924109055
16130.540049131988780573
16249.992536738067428814
16343.494845777066075243
16410.993570762457238743
16452.570540045606321655
16468.493291712718928466
16459.278809286821342539
16425.764319500995043200
16369.188362246413817047
16291.831857947132448317
16212.403408139731254778
16260.796235427678766428
16525.665302304805663880
16880.239964465450611897
17266.837281612515653251
17645.023886024289822672
17983.102294735479517840
18253.889555143836332718
18430.099090610576240579
18519.313026147960044909
18554.600302663526235847
18562.076527403733052779
18547.315076611706899712
18506.363913640569080599
18432.978937176718318369
18326.815119042410515249
18205.232667451022280147
18083.281784195023647044
17975.292709550936706364
17886.292048186220199568
17812.438417092675081221
17753.413537648197234375
17717.634155860603641486
17716.450490032100788085
17763.295300090463570086
17781.901619478703651112
17843.219188387702160981
17943.825676570962968981
18080.732346304914244683
18242.409549483629234601
18419.021057622227090178
18603.177555877206032164
18790.125499419962579850
18972.623502584410744021
19146.213123854930017842
19291.763508731775800698
19397.207619190303375944
19494.094376441396889277
19569.232434288438525982
19616.985247248499945272
19639.885019413053669268
19645.958288592402823269
19642.389308052166597918
19631.381121143942436902
19607.923027855318650836
19568.134110854542086599
19508.908928824846952921
19424.436643337667192100
19317.699746635145856999
19201.847201998069067486
19087.995694542449200526
18982.946996376987954136
18889.729563543325639330
18806.574843493777734693
18728.555684067665424664
18651.754429792163136881
18580.655042222955671605
18515.897548266555531882
18460.176057792567007709
18417.019912717893021181
18391.036123647831118433
3374.874815203741036385
