2939.085785995800506498
2939.085785995800506498
406.705630914652886077
262.383960673059220881
216.560890476496240353
198.087189406703714667
194.850313641989686175
176.761166635260025259
174.399463968818963622
173.107710399880460272
172.298057526635147951
171.777180841835615865
171.441096926761616714
171.231069512405667865
171.107993449038275457
171.040157319178604212
171.002438154648586988
170.979484071095924946
170.965194390704539273
170.956743551409260817
170.951533845576392423
170.948644016720379568
170.947294624222138282
170.945249913230924221
