955.163239987327074232
876.346400443859806728
804.212994893385371142
739.952473791042166340
678.090194612366417459
645.669144447123471764
512.484431965038197632
413.070420949008052958
339.016527464817102100
280.774094833697915874
226.144617353924417102
173.586332015017234198
132.292729119090012091
110.369144024649543212
87.305708534968601953
46.884274568479611389
0.000000001043029066
0.000000000000606693
24.580604680631285675
32.781952283930642977
5.824038463895208295
0.227267805252557908
186.285344385356978592
348.444892186087599839
365.714321991986537341
426.528198903005261400
529.226214833876838384
716.564639197981023244
1030.957236348856440600
1532.161661993389316194
2146.023242336797466123
3057.279277986377564957
4234.462275182887424307
5348.981852195085593848
6323.220381286078008998
7187.062518046046534437
7997.836780100759824563
8782.900832020215602824
9666.480723172422585776
11557.138612381964776432
14249.052068729346501641
16605.747778013552306220
18556.884107361103815492
20147.215707105402543675
21410.657147138026630273
22370.315070294596807798
23041.247859013237757608
23432.205751663055707468
23546.648222708179673646
23383.268627863559231628
22936.083847015783248935
22194.023637877737201052
21139.804060791262600105
19748.157271398740704171
17983.341074853033205727
15803.966441071821463993
13270.440611183626970160
11111.286289883093559183
9990.242044966627872782
9344.588173005698990892
8782.650777412838579039
8118.599715030443803698
7198.259411191852450429
6017.132593316843667708
4649.741918952561718470
5082.261659902739665995
2271.719335335151299660
249.459087823239400450
0.000000000000000000
0.000000000000000000
0.000000000000000000
0.000000000000000000
0.000000000000000000
0.000000000000000000
0.000000000000000000
0.000000000000000000
0.000000000000000000
0.000000000000000000
0.000000000067041194
0.000000000000003433
0.000000000000000000
0.000000000000000000
0.000000000000000000
0.000000000000000000
0.000000000000000000
1.143141502295472733
396.376258074349095750
1215.042942664316115042
2088.186694953354162863
2884.909964538471285778
3567.478901338031846535
4235.999071044040647394
4889.780141376622850657
5546.745820985658610880
6200.517657284523011185
6840.884084336653359060
7524.717894008639632375
8213.582632810221184627
8799.718599551835723105
9202.303351912159996573
9433.809203115191849065
9523.788025498713977868
9527.005986065983961453
9496.354362934740493074
9380.919684652293653926
9160.507921531887404853
8817.371600036438394454
8401.193863569085806375
8025.310288998687610729
7766.643963381546200253
7619.816859591190223000
7538.716345895359154383
7441.724657656524868798
7208.105354595963035536
6997.450908774311756133
6809.755945298726146575
6624.836861530699025025
6476.210862251376966015
6374.899397242411396292
6308.671465929543956008
6245.849919547453282576
6179.660754228621954098
6090.189604271275129577
6082.651133128866604238
6220.112121310710790567
6238.905058253644710931
6233.440657432653097203
6246.961306728693671175
6265.147812581906691776
6234.589372323559473443
6109.921987420289042348
5884.794338915626212838
5609.201562366166399443
5325.416184932173564448
5072.215941314047995547
4913.508496199015098682
4849.376243354093276139
4804.182467758467282692
4719.065256441954261390
4567.100284977361297933
4347.216265172569364950
4091.399750476328790683
3852.338769172822594555
3672.670221967609904823
3529.988320149191622477
3434.526033548390842043
3382.637433182858330838
3361.847848260430964729
3340.855996524699548900
4150.751917005311042885
4089.798817960562246299
4024.659711482242528291
3976.778016600710543571
3959.225106313057949592
3972.060445379544489697
3924.618053404846250487
3890.880051490881669451
3857.259833833694301575
3817.104950316591839510
3771.551157142968349945
3724.795426010839946684
3682.724965511104073812
3655.299634236268047971
3658.919940450193735160
3701.600350911739042203
3770.035087338577795890
3837.207587298166799883
3881.956229033600720868
3922.499199930080976628
3953.016493476863615797
3953.376700641765182809
3900.632264188118369930
3841.244377328056089027
3844.157733153710069018
3885.622520307780177973
3966.664946655665971775
4088.861551338582103199
4267.696863609875435941
4527.271902647997194435
4909.846648037433624268
5394.762491606564253743
5960.954956843076615769
6611.294759520725165203
7307.502236916785477661
8001.887586680520144000
8653.037976599465764593
9235.834911929592635715
9720.513579767410192289
9962.003863287849526387
10007.489432989259512397
10057.083697944397499668
10134.942057994539936772
10242.752706536850382690
10381.200462395410795580
10550.772523867775817052
10751.819443804521142738
10984.589978210888148169
11249.258055499263718957
11545.938419252210223931
11874.687188632833567681
12235.484167890776006971
12628.194355893141619163
13052.502545282095525181
13507.734717713357895263
13991.217793520787381567
14479.730953435249830363
14837.576005706281648600
14939.909428385086357594
14872.284617227283888496
14707.139935323832105496
14495.912739415858595748
14296.068992324695500429
14152.415474231022017193
14109.248222242413248750
13914.593261095025809482
14274.896473467866599094
14740.866539120223023929
15198.146476264613738749
15627.008952036931077600
16023.751536235931780539
16385.648290532102691941
16710.507811011222656816
16996.590357707489602035
17242.517093189377192175
17447.178223579190671444
17609.652903669619263383
17729.152339933767507318
17804.993787290499312803
17836.609721492764947470
17823.594179166491812794
17765.785965547100204276
17663.376588827060913900
17517.137756012289173668
17329.184710656569222920
17107.164884954265289707
16904.582065302212868119
16840.587203131446585758
16962.011269713359070010
17258.710332623359136051
17692.671175908591976622
18201.433389591231389204
18735.395883838071313221
19248.944815653383557219
19709.540516239623684669
20096.135000740483519621
20389.291302207795524737
20590.804744711243984057
20717.934770231007860275
20788.110674344497965649
20808.356602755546191474
20784.336221358069451526
20719.111080470414890442
20616.652426919386925874
20494.812229073868365958
20367.708701127783569973
20249.172873514304228593
20144.311030409869999858
20049.771335423491109395
19965.946768844645703211
19902.018198739911895245
19870.036380312969413353
19884.030000061615282902
19893.412804907729878323
19944.372404411111347144
20033.856399934109504102
20159.219436575724103022
20309.245561664803972235
20474.365249263599253027
20647.385965404759190278
20823.671500237876898609
20996.015543948858976364
21159.913904489330889191
21296.097645447116519790
21392.292392305374960415
21479.845218951752030989
21545.320007611335313413
21582.865071647527656751
21594.851465044444921659
21589.211592275965813315
21573.105318152978725266
21548.781277867743483512
21511.342586393246165244
21457.085197545296978205
21383.119644995735143311
21283.852322866889153374
21162.438559708982211305
21032.126073052349966019
20904.077214239881868707
20785.126494501113484148
20678.349333924954407848
20582.046222971992392559
20491.369152554576430703
20402.459396136218856554
20319.803059066547575640
20243.993365348334918963
20177.629225728062010603
20124.120679017629299778
20087.988612051380187040
1620.142058212511983584
