2312.137227506784711295
2310.928156790687808098
2271.319728597555240412
2178.500934825916374393
2011.817584153642201272
1779.329179775405009423
1824.047497594814331023
1818.181426079183665934
1784.913569763405575941
1740.500966663579902161
1688.137604421463265680
1633.551192734408687102
1587.177169276131053266
1552.982657511336356038
1506.723419452864845880
1437.365961290006907802
1364.229441123929063906
1344.673040751900998657
1379.779245679324276352
1416.018020668837380072
1450.789316970066238355
1518.116844236628367071
1592.940423412902191558
1589.940524734314521993
1552.111218837141677795
1567.141389507670282910
1615.397894622936973974
1733.129916598605859690
1951.963261852290543175
2318.935538759864357417
2810.851667086104043847
4004.157127715950537095
5796.890822545429728052
7056.379367724667645234
7828.321818186216660251
8456.283507389523947495
9056.890043868490465684
9736.599175015680884826
11654.594628372895385837
14193.798602819941152120
16319.977735173928522272
18071.527256283214228461
19492.257557898381492123
20617.684591693461698014
21476.698899134673411027
22092.803622977873601485
22484.845897579936718103
22667.377604952209367184
22650.836227197192783933
22441.649521199338778388
22042.229259157069463981
21450.807124354880215833
20661.030246647060266696
19661.359113890484877629
18434.127752294029050972
16954.407526784307265189
15188.616531339082939667
13093.419126371551101329
10656.490886907902677194
8817.433626338235626463
8213.168723678048991133
7706.334341925043190713
6968.480154792998291668
5964.099670147600591008
4707.441028444578478229
3506.867631747768882633
1150.246605176997945819
29.495998258589395391
0.000000003254115814
0.000000000365846837
0.000000000001271199
0.000000000000000028
0.000000000000000000
0.000000000000000000
0.000000000000000000
0.000000000000000000
0.000000000000000000
0.001868189573921183
468.211385048297870526
0.014092703558369732
0.000000000000000000
0.000000000000000000
0.000000000000000000
0.000000000000000000
0.000000000000000000
0.000000000000000593
2.776900310994477206
1121.385966960471705534
2468.467484657827299088
3229.247209095273774437
3778.026029226472928713
4314.043481974769747467
4833.908661546636722051
5367.303209400600280787
5974.411912509555804718
6789.252475025093190197
7875.024195063457227661
8929.111857569909261656
9654.105732075033301953
9957.837019010545191122
9927.084709846503756125
9724.763403453080172767
9502.253806796568824211
9331.644753220658458304
9141.263016889333812287
8886.227763016961034737
8533.661680342585896142
8124.944022687926917570
7768.483583112971246010
7537.843622375114136958
7425.275354442221214413
7383.016453599154374388
7328.283408713384233124
7105.672330532273917925
6907.180882519002807385
6731.927109905187535333
6559.169540870491800888
6422.110774138305714587
6331.669518553579109721
6275.591976504296326311
6222.211133078730199486
6164.758644440876196313
6083.327186503703160270
6083.053448332114385266
6227.054361365797376493
6251.965478397574770497
6252.507916747686977033
6272.344884801123043871
6297.489658555458845512
6274.676397173173427291
6158.546401381405303255
5942.690688546928868163
5677.014028969156242965
5403.650148452830762835
5161.245695969327243802
5013.626381279257657297
4960.807579392727348022
4927.006496950048131112
4853.146586202149592282
4712.143503778197555221
4502.876646934365453490
4257.333957043659211195
4028.194570635163472616
3858.081563996697241237
3724.591642926044642081
3637.960258818793136015
3594.499816017935245327
3581.630334380675776629
3567.946497035878564930
3259.944915546521315264
3253.248116353851401072
3215.845561357798032986
3159.822926624801766593
3089.390408524060148920
2994.278982981276840292
3063.283458339830758632
3096.289494826707141328
3099.143114629999672616
3081.749496642876238184
3056.029758685911474458
3032.543721844698211498
3020.140632271995855263
3027.391524499453225872
3064.042832851670937089
3130.917307922820327803
3216.023080112221123272
3298.886441699263286864
3373.823741467431773344
3452.398689640961492842
3543.989486761921853031
3654.939050925821447890
3800.638994105736401252
3741.123412497805475141
3730.348080455469698791
3750.680448777995479759
3803.585953918426184828
3888.491579714365343534
4014.961347100122566189
4198.871290564447008364
4469.639945314514079655
4750.296305060820486688
5039.312584978686572867
5475.796712674516129482
6015.463701483606200782
6571.467808944076750777
7097.997684065789144370
7557.710990371127991239
7753.309754750746833452
7788.052582546050871315
7839.086380289421867928
7909.930640571371441183
8001.338856300365478091
8113.836997176555087208
8247.744813996709126513
8403.197810856214346131
8580.173446481359860627
8778.518479142026990303
8997.974241548519785283
9238.196710965979946195
9498.768532668098487193
9779.200662782577637699
10078.922027119609992951
10397.256537797196870088
10733.387958618313859915
11086.314421317985761561
11454.795308897222639644
11837.213970506842088071
12224.691154326557807508
12453.678425484995386796
12416.619245017465800629
12309.168688611687684897
12207.938373360420882818
12150.525549379668518668
12173.668511248619324761
12271.543461462364575709
12626.708039426830509910
12968.335996305218941416
13291.413601675663812784
13593.182274224447610322
13871.160706733508050092
14123.148294026224903064
14347.228498437410962651
14541.760690822484320961
14705.366294801900949096
14836.914558311782457167
14935.512022085074931965
15000.498250782569812145
15031.449071993463803665
15236.980462737787092919
15408.132923316909000278
15545.023339948853390524
15648.087963938201937708
15718.125087031643488444
15756.341383471051813103
15764.396801562033942901
15744.516290979594486998
15711.823476424493492232
15798.903080695099561126
16082.797319259761934518
16481.470941989966377150
16927.938807440270466032
17379.077272701390029397
17792.610065522494551260
18131.864013223326765001
18362.383881882207788294
18471.285061514252447523
18502.900487444570899243
18504.932670962673000759
18498.643144576933991630
18481.364496664155012695
18440.375050186597945867
18365.027501894201122923
18255.757808634371031076
18132.027485225200507557
18009.953748748161160620
17903.954800581592280651
17818.674692682121531107
17749.723723898408934474
17696.207479831311502494
17665.999095550800120691
17669.972591810234007426
17721.173800242369907210
17744.884194148839014815
17810.278059180192940403
17914.043321736651705578
18053.350057635892881081
18216.847935154364677146
18394.874144581819564337
18580.188449142329773167
18768.147822691866167588
18951.577257547294721007
19126.039064113821950741
19272.374442262927914271
19378.427053153107408434
19475.631731348352332134
19550.644212952982343268
19597.681244002040330088
19619.168842143113579368
19623.086126937720109709
19616.627687047905055806
19602.060220011324418010
19574.486869288932211930
19530.186461466735636350
19466.231337017656187527
19376.968702583864796907
19265.481985953811090440
19144.952917321134009399
19026.489025969407521188
18916.869513163725059712
18819.111928479149355553
18731.471332523233286338
18649.082477722218754934
18568.100593572340585524
18493.046929219308367465
18424.556069382546411362
18365.260589936424366897
18318.592873528068594169
18289.091361696449894225
3803.440805549636479554
