21817.193599726564571029
21817.193599726564571029
2354.887791656999070256
1303.155431449807565514
741.333841056332289554
472.786002542298547269
393.024518288780598141
333.458850077312945359
289.800130917209799009
258.861741187126540353
237.838283639373599954
223.258926292697253757
212.482139967472960507
211.422388554793826643
210.421781586723852797
209.440532141171786407
208.476511966926295827
207.530035656547624967
206.601943813489754120
206.034469387666860030
192.108163148616739591
187.333090847635617138
182.207721807039888517
178.587952638228500746
175.656066305902072600
173.295641580454116593
171.373134299190496677
171.255057393278690370
166.669428462358212073
162.365769338139415368
161.254861769939452643
161.247623171474231185
