51.476210515394186018
53.022726243724044082
54.628104935413901444
55.710441598666065488
56.206678100422607258
56.466825285429649739
56.745000846429796582
57.151872112054647346
57.825074454491968368
58.776497520709447997
59.868103077358533426
61.003791729281736878
62.150723831854513435
63.177716274619591275
63.540049814782548765
62.855081799493959238
61.568695808515961687
60.666525577858244844
60.270641958297538565
59.720892640807768714
58.871876219484903459
58.151132574064021696
57.452891010707290320
56.501262215793325083
55.360267963192583807
53.947336562464528242
51.774458169459052215
48.892088840353707724
45.171372997539222638
40.370656719314354177
33.976678208879761200
25.986628590513348058
17.051120915483949148
8.043576758335746035
-0.967893535482033940
-9.658500899682792351
-17.316807400887938684
-23.813331804192330310
-29.870526204632852796
-35.601601703789413023
-40.685674562451879410
-44.551754437859642621
-47.295327722676546500
-49.147154617042872360
-50.657256516204000718
-52.186343608135729255
-53.497228079217507002
-54.047640424762676048
-53.785997817510548202
-52.948903607419879336
-51.315694054864223972
-48.032464421819810241
-43.210714771318038174
-36.897746866936643073
-29.903255952011448926
-23.028891921398269460
-16.917560671465622590
-11.486677218769898445
-5.734203691541097214
1.618036592083171854
10.211428535875114676
18.801851954021515212
25.793207454176325655
30.835705816334666451
34.669803871703436471
38.328511705819636290
41.997826343042362396
45.526557196018785589
48.646586122531601859
51.172711493880854050
53.015442360778195052
54.169678501880980548
54.736836069002862359
54.988447627263553841
55.447341987456212564
56.455860250769177355
57.776300149292524111
58.631748540671992487
58.072103886871360601
55.576439862412996717
51.812906404855567644
48.360906013909954027
46.173198242688755499
44.844705330086242157
43.569640157332344188
41.596907879930654417
38.465879939063341908
34.172073378567688451
28.977531643403381167
23.110215068456199106
16.724663965524911191
10.223407803185040166
4.035633457827259463
-1.485202554453223911
-6.164109142479560433
-9.966427653814491805
-12.904420047204382627
-15.191322009879343113
-17.121291340646223489
-18.770323677608928392
-19.947192109868183252
-20.463647630603645666
-20.268200299849070234
-19.538419862238299629
-18.719282709921230889
-18.222688721636927767
-18.228781814643525649
-18.552833339513369992
-18.782039636421700379
-18.647268428418612984
-18.228313614385172059
-17.878579226062072394
-18.019724489879706653
-18.836744957935820821
-20.199307749299180159
-21.975436859908995757
-24.057088077026833162
-26.273486422819473773
-28.485168167992412691
-30.640183502361310275
-32.726926269583714202
-34.682914580809722338
-36.334382352048407938
-37.421779196934437550
-37.945643401412439744
-38.212341079608279415
-38.290733148693277599
-38.133572236087843521
-37.825970370598270165
-37.576788667448113301
-37.566515511419140694
-37.805890651312211048
-38.119581834498433182
-38.253200966377278291
-37.960459193895303542
-37.089636115999496724
-35.713449103796847339
-34.124932084701356416
-32.662665126512649749
-31.553512064419521721
-30.845616594049431569
-30.414610984975865904
-30.048843624773724059
-29.581283585805067560
-28.955697171774090748
-28.173331246753036794
-27.282528148902315479
-26.380851373807161053
-25.579245080814985158
