2339.827363488238461287
2342.502789264362945687
2308.126781690165444161
2218.700048528858587815
2052.073167384239695821
1816.785762693764809228
1873.065330399899949043
1876.370056158252282330
1849.891122063752163740
1810.441501068397883500
1762.454335564629673172
1713.710824259914033973
1677.601489314396530972
1660.510071234841007026
1634.706528369095394737
1580.016486708019328944
1516.661749561552142040
1512.709426033882436968
1574.364921887351556506
1647.603515374887592770
1720.367200109845725819
1684.639128460049960267
1675.115565374730522308
1593.320028143230729256
1576.553202447538524211
1700.600698510820620868
1802.566824097697463003
1929.471739987363434921
2124.344269368083132576
2434.041372551307176764
2897.175265081502402609
4271.908829506334768666
6279.029160052426050243
7726.582542669851136452
8525.231952167267081677
9232.308625225761716138
9975.068355396086190012
11010.275777910550459637
13875.898569089018565137
16694.848867127260746202
19236.330068994557223050
20815.074231572842109017
22122.201134751900099218
23161.922443676270631840
23940.761987989986664616
24466.982776326112798415
24750.366305761046533007
24802.115717558139294852
24634.895101994352444308
24263.190271078714431496
23703.933604864825611003
22977.229572420947079081
22107.173315099109458970
21123.249242467638396192
20062.036091456324356841
18969.377128686530340929
17902.796432396982709179
16961.932412207122979453
16686.139046568307094276
15175.251735860165354097
13990.117241873582315748
12830.405010154867341043
11468.220157447489327751
9455.546842528008710360
5642.810682291317789350
2422.696560534755462868
695.271267975008413487
120.536755528672173909
0.000000000000000000
0.000000000000000000
0.000000000000000000
0.000000000000000000
0.000000000000000000
0.000000000000000000
0.000000000000000000
0.000000000000000000
0.000000000000000000
0.000000000000000000
648.005511515288162627
0.000000000000000000
0.000000000000000000
0.000000000000000000
0.000000000000000000
0.000000000000000000
0.000000000000000000
0.000000000000000000
0.000000000000000000
295.030819181665663109
1742.253478795026694570
3241.046607501298694842
3894.311382234517623147
4376.902500940427671594
4844.383277195956907235
5333.131945283811546688
5851.787239088771457318
6436.623349292642160435
7191.757560473472040030
8016.734105143148553907
8678.427303929973277263
9037.411340930393635063
9124.709755136522289831
9045.633754816202781512
8919.460539541187245050
8819.071118043930255226
8684.063338408423078363
8476.907817013836393016
8167.831782838480648934
7799.589480191746588389
7481.614294953216813155
7288.555390488279954297
7213.710599642870874959
7210.155790199675720942
7195.675898536293061625
6951.842761711932325852
6735.000455569457699312
6544.772932859350476065
6360.537254955925163813
6215.283111316407484992
6119.476131533130683238
6060.314182307424744067
6005.592445374711132899
5948.086748551533673890
5867.556723682883784932
5868.902612087802481255
6015.027738453282836417
6042.510752950319329102
6045.853769429108069744
6068.531790654503311089
6096.489737929539842298
6076.503016164179825864
5963.276762784673337592
5750.429808884230624244
5487.848961624888033839
5217.657776940008261590
4978.483299545312547707
4834.100147250096597418
4784.476849716253127554
4753.821980157735197281
4683.073278800788102672
4545.128174851303811010
4338.794055527451746457
4095.975087887999052327
3869.292966642717601644
3701.335059869757515116
3569.666091533684721071
3484.491785798589717160
3442.112190305540934787
3429.966334569211994676
3416.680800685284339124
3350.471774527864454285
3346.673182247083786933
3312.471471389510043082
3258.876450087077046192
3189.406245451747054176
3093.559497827903669531
3169.483029776009971101
3207.642548532146065554
3213.401635303457169357
3195.907202400640926498
3166.197923498399632081
3134.053716068929134053
3107.963441769368273526
3097.087429351352056983
3113.701845689130095707
3163.048257509811264754
3236.754964517009739211
3316.374881183719935507
3397.721897864213588036
3492.290886109466555354
3606.291479889713173179
3756.780273570258032123
3915.012261782727364334
4078.879315317833516019
4219.397523070802890288
4320.345412644303905836
4416.543459292443913000
4518.048701422660087701
4642.199101571457504178
4812.002165834307561454
5055.177392540483197081
5277.221523927250927954
5515.718723683018652082
5928.125190234205547313
6499.094994964607394650
7114.463563223006531189
7730.530794526015597512
8286.482992264296626672
8522.061447156753274612
8734.328555010733907693
8961.083339073442402878
9203.909715835596216493
9464.079826211322142626
9742.603804204145490075
10040.188490333524896414
10357.201979036299235304
10693.643642233837454114
11049.118972228814527625
11422.818583625634346390
11813.500956399348069681
12219.478983269100353937
12638.611098963889162405
13068.298695491292164661
13505.492611985431722132
13946.712637940023341798
14388.084921853105697664
14825.367285227270258474
15249.422411535966602969
15582.642753088952304097
15023.730571181844425155
14452.101132772015262162
13932.332236566518986365
13518.402653675482724793
13300.276241035382554401
13484.444864546634562430
13734.786816996205743635
13964.546682940539540141
14171.584954894471593434
14357.193143992853947566
14523.032097775889269542
14670.967180732299311785
14802.909358973669441184
14920.668394388560045627
15025.830343773333879653
15119.667336636583058862
15203.083168291561378282
15276.594459711190211237
15340.344376859840849647
15394.144253840660894639
15437.537783085976116126
15469.882476229851818061
15490.443509623533827835
15498.495476439180492889
15493.427618059205997270
15474.847586505038634641
15442.678277349648851668
15397.260906272675129003
15340.037473220590982237
15289.916940388096918468
15371.083030310946924146
15662.107239880529959919
16043.461506311932680546
16458.492383239223272540
16866.330273824260075344
17235.170684476746828295
17538.127592312717752066
17749.132087067242537159
17877.789887219343654579
17957.327436860778107075
18011.759083910874323919
18044.001687619074800750
18047.973888568263646448
18016.709628120333945844
17950.317947782241390087
17866.878941787606891012
17781.913274771650321782
17710.025140757512417622
17656.449992934438341763
17617.582898426539031789
17593.402475314527691808
17592.651184847618424101
17626.969432135600072797
17709.988756492261018138
17719.142882329193525948
17772.239353449036570964
17866.168635133864881936
17998.087746675562812015
18156.458302258986805100
18331.303534977985691512
18515.001355258300463902
18702.517587180467671715
18886.320676814371836372
19061.675934665843669791
19209.202955203953024466
19316.610688900182140060
19415.258450806672044564
19491.800256964153959416
19540.482138717343332246
19563.759313872193160933
19569.624432653821713757
19565.270422182886250084
19552.949665626139903907
19527.738262629231030587
19485.870363828656991245
19424.365097255922592012
19337.520996467283111997
19228.383255899079813389
19110.106301607738714665
18993.779447900382365333
18886.172319678738858784
18790.297090729247429408
18704.397407187196222367
18623.584141386214469094
18543.978747560322517529
18470.065827507351059467
18402.445047174271167023
18343.720623149856692180
18297.306350614202528959
18267.729194441475556232
3672.167225059450174740
