3076.336704912748700735
3043.627287303632328985
2978.699389634518865932
2873.516821305010125798
2722.076532450986178446
2531.547722827207962837
2534.047693238230749557
2509.498385715302902099
2466.878178638780809706
2412.954982347738678072
2350.621902529509043234
2284.126454351672691701
2219.438293054331552412
2159.697346731214565807
2096.261498394399040990
2023.450130331761101843
1949.664381261437938520
1898.866245413892102079
1871.963607448278480661
1847.934708475975867259
1823.202079748956066396
1813.671780581606299165
1821.614883598707820056
1802.842380119042218212
1808.157958721683371550
1854.241253654836327769
1953.909543695141110220
2149.753149755868889770
2505.603938683537307952
3125.735328614807258418
4026.235108476384084497
5144.017092191430492676
6339.973843600486361538
7404.311554679656182998
8402.801921160969868652
9409.754743265195429558
10450.859716685386956669
11569.793551278817176353
12959.913941581144172233
14519.658154134363940102
16027.386239335934078554
16742.758497708808135940
17366.306116044601367321
17890.689392945987492567
18310.499462979056261247
18622.019956475036451593
18823.049378073341358686
18912.721975123575248290
18891.344417665754008340
18760.334871827664755983
18522.243578041707223747
18180.771091898546728771
17740.753314285491796909
17208.319552749046124518
16591.080786650720256148
15898.493917318002786487
15143.211020827617176110
14358.012003243922663387
13699.958394094839604804
12281.650104719701630529
10995.997470954844175139
9728.781695511408543098
8404.443470180480289855
6899.136359175206052896
5179.458257830337061023
3623.629917797034977411
2342.726954699537145643
1369.582021447422675919
697.666419906629130310
285.795409162943371939
73.395465313306516464
0.000000000000000000
0.000000000000000000
0.000000000000000000
0.000000000000000000
0.000000000000000000
0.000000000000000000
54.207972737261087559
140.795815323853929613
44.574221844937191861
0.000000000000000000
0.000000000000000000
0.000000000000000000
0.000000000000000000
94.304276391465108986
349.251619543227434406
785.239568019828084289
1394.021354387354904247
2097.613256819753132731
2757.901079812519128609
3348.701928834556838410
3934.279420800477964804
4512.234852594026051520
5087.711665123923921783
5664.034556383210656350
6245.685719889836036600
6832.863252641050166858
7370.824819902222770907
7807.557972335263912100
8120.721246464988325897
8319.369686436146366759
8424.528905094113724772
8467.998598405270968215
8480.013580617880506907
8446.276874311304709408
8358.851941399654606357
8210.726495928520307643
8024.259815005422751710
7849.967277894737890165
7723.351523133979753766
7644.665096921777148964
7596.496334056706473348
7545.966107163480046438
7358.491856665109480673
7188.400475067232946458
7036.777888641900972289
6895.679446486880806333
6779.752208013935160125
6693.621913061733721406
6631.572224311525133089
6579.188295653661953111
6532.415737530822298140
6481.351628505840380967
6469.525929419653039076
6522.229873142295218713
6524.835408354134415276
6516.044171975344397651
6512.790382902025157819
6507.593816758263528754
6476.560833547662696219
6399.629561775950605806
6273.858901636968766979
6120.828913558665590244
5959.147541670216014609
5806.145494799045991385
5690.019930214203668584
5611.652636641954813967
5539.478206707231947803
5449.169078562793401943
5330.217252738214483543
5183.363821799013749114
5023.670937854849398718
4875.170711997972830432
4757.574907997829541273
4662.536924413990163885
4595.256108453709202877
4554.381069291644053010
4534.120120803155259637
4520.112274253652685729
3879.159352912432495941
3855.510001207162076753
3805.406063669131526694
3744.738746055222236464
3686.088506132367001555
3617.861592583159108472
3663.435227943810787110
3686.649054255998635199
3684.314016608296242339
3659.595803817993783014
3622.744791507913760142
3581.604457555375120137
3540.387532044584077084
3506.234082750739617040
3502.110755519616304809
3541.107155441114173300
3607.670578952944651974
3657.661277364473789930
3683.937742265829001553
3717.014162806593958521
3762.811803328683254222
3799.707239468241823488
3832.079005899638559640
3819.138973717130738805
3822.899205540742514131
3844.950352792751345987
3905.622924529712690855
3991.023532345407602406
4062.635361387254761212
4014.046085095526450459
3854.805905869691287080
3679.330959736885233724
3665.997113086052195285
4087.669237458020688791
4774.924178935904819809
5547.974294305519833870
6311.414021092171424243
6949.952421805841368041
7118.461511264451473835
6953.807929184076783713
6794.124376109145487135
6676.711804812515765661
6607.580093676721844531
6590.997219410084653646
6630.571477985591627657
6729.229206537014761125
6889.183434863349248189
7111.904392524929789943
7398.089692809386178851
7747.632267416119248082
8159.584740315401177213
8632.119631794967062888
9162.485603261358846794
9746.960866868967059418
10380.803711764490799396
11058.138527603998227278
11770.319783848199222120
12479.403450140991481021
12952.047937178247593693
12560.200566247238384676
11971.558599072284778231
11404.186692714727541897
11023.301658782489539590
11080.002580911104814732
11689.386261004367042915
12315.996669835105421953
12902.060413250965211773
13435.303557379915218917
13910.573594685103671509
14323.955465497294426314
14672.752261294204799924
14955.384204149784636684
15171.237025626756803831
15320.504753973027618486
15403.991336394006793853
15422.916372282810698380
15378.760261984569297056
15273.161777716413780581
15107.871470928725102567
15246.380800057242595358
15328.544861653355837916
15356.099484156615289976
15330.996869789141783258
15255.806304875666683074
15134.661803709006562713
14975.682166736633007531
14794.420888598699093563
14623.504144943144638091
14553.873971698909372208
14724.803068047212946112
15115.356187632352884975
15581.434615401374685462
16065.025986687240219908
16506.092196838992094854
16858.384614492664695717
17086.815951190914347535
17173.862696285588754108
17182.596698244138679001
17180.183438684471184388
17201.118564554588374449
17243.415780300238111522
17292.391355502302758396
17321.570799514091049787
17308.082481071662186878
17287.291292927078757202
17287.175493490733060753
17334.812447398624499328
17419.454590468383685220
17493.531352465761301573
17527.276537704274232965
17533.966714155678346287
17546.831595943316642661
17615.847937969923805213
17668.226602535749407252
17758.379113938925002003
17883.985747920694848290
18051.343566402214491973
18235.315402767100749770
18421.646061098850623239
18608.016483789255289594
18802.599986117409571307
19000.263370102944463724
19203.843520886137412162
19348.632224024313472910
19394.486611910433566663
19481.867211982698790962
19556.259596552845323458
19592.428586678866849979
19597.744120927483891137
19601.820424803590867668
19630.458478246247977950
19688.513154197502444731
19750.328931646057753824
19794.885763128611870343
19803.561749258697091136
19744.496925570125313243
19621.375424422509240685
19479.834599558835179778
19356.451623969765932998
19270.131047565675544320
19225.244652744921040721
19207.595120795002003433
19191.217838174168718979
19155.375245185943640536
19114.896723355144786183
19066.718351191404508427
19015.211113071436557220
18968.799215671369893244
18944.455306683354137931
4068.632657224112790573
