1011.428777432788933766
948.510914006516486552
882.863423461252409652
818.102792249771255229
750.152008765435084570
705.494844254056715727
578.381484920856109966
480.065478873566405582
404.604613138844115383
343.971090220894950562
286.572996219581057176
231.055613091860124086
186.561275382466106976
160.553970194724087150
130.671069089421649778
76.596896864808485361
0.000005354894574540
0.000000015235319556
41.776111396103523532
53.185620929462061213
26.010120387637694961
16.240304529120361821
172.280651381496539898
333.604477621368687323
352.881052353019867951
411.066024493617078406
505.384745883570474234
672.243273462428192033
943.205725868685362911
1368.171529312890015717
1901.590851055865414310
2891.138423863837033423
4262.251946021029652911
5387.160555905210458150
6259.388128207739100617
7014.725440912028716411
7730.928411301028972957
8451.754308977073378628
9530.720023559179026051
11985.194760333697558963
14321.921178995753507479
16262.480306445379028446
17857.178492269344133092
19148.651468264870345592
20168.411160382249363465
20939.386450948612036882
21477.547841661300481064
21792.920977889370988123
21890.237745672176970402
21769.324529532794258557
21425.235017999730189331
20848.097835565229615895
20022.527344547794200480
18926.632456899693352170
17530.325102419334143633
15793.118970534505933756
13667.509377002055771300
11246.055861795892269583
9585.913102870215880102
8910.040351545967496349
8441.955477393179535284
7896.681500886627873115
7102.899209998168771563
6042.453013967965489428
4720.872107471110211918
4021.879141727333717427
1298.704796154344649040
0.400977616486814570
0.000000000000000000
0.000000000000000000
0.000000000000000000
0.000000000000000000
0.000000000000000000
0.000000000000000000
0.000000000000000000
0.000000000000000000
0.000000000000000000
0.000000000000000000
0.000021970552194724
0.000000020691538139
0.000000000000000000
0.000000000000000000
0.000000000000000000
0.000000000000000000
0.000000000000000000
0.000000000000000002
23.440104528417201379
1043.781767947926255147
2342.912319273946650355
3287.357991546502034907
3912.382702811983108404
4477.231433867023952189
5024.700094860649187467
5580.279208664660473005
6144.776794170797074912
6730.570975277115394420
7429.222005252452618151
8205.098372958722393378
8897.152084722487416002
9359.790192736569224508
9571.265263620558471303
9579.529236324102384970
9482.060178023151820526
9366.377655127113030176
9195.888522170938813360
8946.127992636616909294
8592.000649408777462668
8177.374839642930965056
7811.977242009086694452
7570.572216166170619545
7446.321743085109119420
7392.010761960023046413
7325.145942828103216016
7089.681299642078556644
6879.400972172282308748
6693.925967192808457185
6512.712930832995880337
6368.934841590326868754
6273.304393859160882130
6213.340853762970255048
6157.189930509962323413
6097.957847179284726735
6015.644892832636287494
6015.301850806888069201
6159.800790795201464789
6185.565996938645184855
6186.864725566159904702
6206.889602301889681257
6231.374437859421959729
6207.003897081654031354
6088.478856962286045018
5869.459825825415464351
5599.911458565828979772
5322.079411849294046988
5074.719740947540230991
4921.716281309621990658
4863.129807865235306963
4823.284677632589591667
4743.270799752033781260
4596.140773987245665921
4380.844474231252206664
4129.432226881653150485
3894.688704582667469367
3719.370293401603703387
3581.197617450332927547
3490.510111333492204722
3443.714683079861060833
3428.306314394948913105
3412.853369370943255490
4121.333252214695676230
4071.417533720668870956
4011.848511670807511109
3965.510001978605487238
3946.294409650708530535
3953.947460711991880089
3912.315530647321793367
3881.407735542215050373
3849.198517009304850944
3809.980890538072344498
3765.293105274158278917
3719.495306064051874273
3678.477719376575805654
3651.792246524028087151
3654.608469915734531241
3692.357121742771141726
3746.412012449572557671
3816.757838210920908750
3874.995500282236207568
3920.887291210963212507
3955.264620875641412567
3955.810774343550747290
3908.291971749270942382
3860.276785752056184720
3869.443960032152517670
3914.075215194804513885
3994.479616502550015866
4108.827652730888985388
4266.207590711502234626
4484.251894877947052009
4800.591299824021916720
5178.988207994218100794
5616.043480301213094208
6168.204210994895220210
6791.362599231501917529
7424.015447615799530467
8022.017569738100064569
8556.758200994907383574
8960.545937622657220345
9071.618706122169896844
9144.801843315141013591
9238.422378896540976712
9354.574468740547672496
9493.939664546282074298
9657.009966034980607219
9844.126382645654302905
10055.508844888199746492
10291.285105038603433059
10551.514787700702072470
10836.204802130690950435
11145.312730909292440629
11478.735468678012693999
11836.281300208927859785
12217.624767580036859727
12622.244415890716481954
13049.314553385273029562
13496.495463847813880420
13935.446175414968820405
14179.754894891178992111
14184.468726137032717816
14081.907229104252110119
13937.724926605347718578
13808.861793563244646066
13736.302485757187241688
13765.361249410660093417
13806.625755006229155697
14238.159564885938380030
14670.156622952927136794
15082.873704391793580726
15472.797272335863453918
15837.448837209511111723
16174.793138402777913143
16483.216779901511472417
16761.479490698311565211
17008.649553589173592627
17224.033913506602402776
17407.112510812563414220
17557.484652274564723484
17674.833451731432433007
17758.912810369201906724
17809.559980559348332463
17826.735167247981735272
17810.587404208625230240
17761.544268920086324215
17680.435679999216517899
17568.913986500847386196
17432.167148983040533494
17324.916057602156797657
17349.416867190077027772
17563.116659152525244281
17926.300517589392256923
18365.069494823288550833
18830.364599394401011523
19278.661597239512047963
19677.487262448823457817
20002.883874643768649548
20230.916634092962340219
20363.643462394378730096
20426.398606251397723099
20446.035514434894139413
20434.416840074656647630
20394.597775790323794354
20323.587787994449172402
20220.353377071660361253
20100.462250653225055430
19978.226579710571968462
19868.068016973149497062
19775.434007975574786542
19696.946370738518453436
19632.700042986012704205
19591.441294514570472529
19584.739915492249565432
19626.140614090429153293
19639.158095046757807722
19695.150042421955731697
19790.809077626137877814
19923.235372854102024576
20080.962389066677133087
20254.183256328640709398
20435.493657493781938683
20620.081938031500612851
20800.610753361310344189
20972.493102920845558401
21116.435262911687459564
21220.184094173746416345
21315.099343573743681191
21387.797755616185895633
21432.468940297592780553
21451.503574918879166944
21452.834179616191249806
21443.609178987735504052
21426.058181218497338705
21395.258549315036361804
21347.471267514072678750
21279.767342592571367277
21186.515664570211811224
21070.841643470837880159
20945.977690839998103911
20823.086423325319628930
20709.016011300253012450
20606.870089771709899651
20514.996129544226278085
20428.615341113385511562
20343.958093329561961582
20265.607510395224380773
20194.243192831276246579
20132.516266224978608079
20083.832507354196422966
20052.629458676208741963
1742.022706481392333444
