1736.725754545587051325
1653.143579767023766181
1541.065081583758001216
1431.349523281974143174
1311.472894856815628373
1149.843785576948448579
1159.846054443393313704
1112.761822479932106944
1038.773370659926968074
958.111369869106169972
876.498318145522716804
795.830872305814978063
720.330800082490668501
656.681973274993652012
605.446608775585445983
565.635615294336844272
532.975138738927398663
511.287037003905993515
488.318058119311785958
449.410531344231571893
456.478478781518049345
751.438912121641465092
1714.396539651542980209
818.893837533778423676
580.951231307280977489
641.491494269834561237
779.252774700048576051
948.115705568951398163
1163.042137484198747188
1474.116494678445633326
1913.564126191554578327
2615.294632221298797958
3707.587370666072274616
5214.986206073612265754
7063.066328422343758575
9136.624581714233499952
11331.324055451506865211
13540.143753052172542084
15654.167935127361488412
17610.380400526424637064
19381.584175349435099633
20741.482085857627680525
21909.723730214664101368
22877.507152670299547026
23635.349861841710662702
24182.840856714065012056
24539.935689552614348941
24738.022765757712477352
24791.055205275806656573
24699.553222328868287150
24475.852244299356243573
24156.997619096408016048
23739.536647951357736019
23228.298829424988070969
22599.809572910056886030
21837.048164137988351285
20930.234271214671025518
19895.518499221900128759
18784.674874767119035823
15658.126943864668646711
12566.645833388285609544
9551.246571934807434445
6667.163822485707896703
4034.927286607387486583
1817.272150528278416459
1431.976467313681268934
350.254547389515607847
0.294947744464134354
0.003607820105677354
0.001126866936765021
0.000051091289182852
0.000003233481582174
0.000000189263321987
0.000000002757443998
0.000000000047479200
0.000000000095370494
0.000000576188199216
0.904160094501065159
204.543256625224103118
0.510501665328383036
0.000230442085292268
0.000000657914983966
0.000225534438906738
0.098312646007818971
1.499269965046355013
86.371762546400049132
363.584722419079923839
866.643683575639784067
1673.387821749588511011
2779.052114796014393505
4062.177428832525492908
5425.260162099677472725
6761.838811103779335099
8009.772350652367094881
9120.248800138597289333
10056.690597052964221803
10824.672075505914108362
11409.602535549502135837
11790.937507102107701940
11973.543180650518479524
11998.591151036598603241
11894.360619756391315605
11685.194794795974303270
11391.829890415327099618
10995.237306252151029184
10498.885960317395074526
9913.355168576943469816
9281.553847377996135037
8674.226271990452005411
8144.545322131636567065
7706.448703650483366800
7350.972640103469530004
7047.804453044437650533
6750.234143697911349591
6516.169033967087671044
6337.970633199578514905
6197.519417630544012354
6099.210755070365848951
6038.311706891155154153
6001.226009468438860495
5967.393028640471129620
5928.390752147183775378
5871.647950404347284348
5839.723194455215889320
5858.375908212806280062
5814.053250956073497946
5747.776301844063709723
5679.154664768208931491
5603.309978613212479104
5498.582119212091129157
5346.635426154332890292
5145.692289773700395017
4918.004366139899502741
4682.517968893944271258
4456.957069103603316762
4270.351889783019942115
4124.986192702749576711
3991.116135618616681313
3846.092226922158261004
3680.131388669634816324
3493.096614590722310822
3297.402131024500704370
3113.162869037184009358
2956.088973627930954535
2815.381066650724733336
2696.941392864919180283
2604.093032021116869146
2538.910373775060634216
2494.965202657782356255
3296.116831972636646242
3238.438707383560995368
3154.994905696777550475
3084.850093361800190905
3036.904928034171916806
2976.454086678632847907
3016.555971505773413810
3015.282649314446643984
2981.924418547939239943
2927.497873718281880429
2863.759664732157943945
2796.937971561451831803
2729.991295330170942179
2672.150353916569201829
2652.556181936409757327
2688.152275645662939496
2756.016006193478915520
2799.418030746536715014
2803.428942605964039103
2802.755162045165889140
2842.665790525630654884
3036.062986869034375559
3614.470655354800783243
2804.268338281296109926
2379.310709325536663528
2123.860776023602738860
1928.759214347027182157
1745.734665634945713464
1575.897756866341069326
1447.449250556935794521
1512.011357054978361703
1822.119870628084754571
2377.028157987429949571
3171.471646300154134224
4187.829714506558957510
5372.349470333293538715
6628.729050636434294574
7891.226859611676445638
9148.245941727916942909
10371.549786447225415031
11527.195289486673573265
12302.223434714129325585
12968.391679479509548401
13542.375513730494276388
14055.051267124803416664
14531.207825455014244653
14967.765024497806734871
15344.269269083897597739
15665.162486931321836892
15950.679842615661982563
16195.723518061360664433
16350.168631626700516790
16424.590636223339970456
16415.027218030681979144
16364.418327516215867945
16310.860071456772857346
16289.995171291000588099
16308.295082311777150608
16329.799039861451092293
15093.285699356107215863
13841.963426262249413412
12680.462852139511596761
11759.523963400535649271
11172.562759982580246287
10950.015018071313534165
9069.122189492254619836
9320.875106187491837773
9974.090157837052174727
10765.523776404766977066
11462.692970652489748318
12093.644089776651526336
12681.523376431650831364
13235.703117911250956240
13756.115902871240905370
14176.539791993798644398
14440.300668253850744804
14571.209439787753581186
14660.768087190101141459
14970.425255313601155649
15207.899352231310331263
15736.139093502881223685
16155.363282894981239224
16273.858929430267380667
16237.491119130150764249
16133.381153147476652521
16097.657776545898741460
16251.951974763076577801
16573.657349278935726034
17052.689742878883407684
17669.529083207205985673
18424.282217605970799923
19228.823282162953546504
20020.099329484481131658
20727.037150593292608391
21315.233635115291690454
21779.475719449030293617
22092.862957378631108440
22275.251507033393863821
22366.433728978481667582
22380.525776152950129472
22289.211695052094000857
22083.691213883746968349
21763.507726103754976066
21337.132559888872492593
20869.292779022038303083
20401.874077577085699886
19973.026219798208330758
19582.931591781252791407
19196.081562228318944108
18794.654728520308708539
18401.374316939374693902
18054.994868017609405797
17806.767535651757498272
17759.312151315156370401
17784.558631943174987100
17873.627951521302748006
18025.252057618854450993
18206.719257526368892286
18396.901840931550395908
18587.741116936187609099
18782.990255878608877538
18974.417153390873863827
19163.002983099770062836
19283.117930931453884114
19294.587734168340830365
19339.263707410034839995
19363.961535548376559746
19345.174473623894300545
19292.195485344258486293
19236.437709684014407685
19205.064295287371351151
19203.738809535185282584
19207.133964046777691692
19194.383912812903872691
19147.124270976342813810
19034.108972176156385103
18860.126719078431051457
18672.154387104204943171
18507.900666714660474099
18386.712412993219913915
18312.282359447166527389
18268.460246003975044005
18226.383143295788613614
18162.327971655216970248
18089.271484405944647733
18004.562930218919063918
17915.865711977170576574
17837.226396864924026886
17791.412518515229749028
3268.881215382903519640
