52.990856305441695895
53.716622228106480463
54.762728677809967337
55.874451878550367212
56.768930244318561051
57.408216015649614405
57.606269806365290265
57.744187042756799144
58.168649324369802400
58.916479386071380020
59.837543745241163151
60.813223081764903100
61.791865972363353876
62.671624598481415092
63.028005145673226650
62.587624519585759231
61.600321834575424873
60.825362516169782623
60.348432626536158807
59.620989723447941344
58.552157867512576672
57.583665847809101024
56.729199717862933028
55.843196437977134394
54.897905030526800374
53.614424113079905965
51.430125824742830787
48.357881229331781014
44.217122785702159149
38.767042493458419017
31.582323210628217680
23.123266646336574581
14.528330642828422015
6.620045348275994002
-0.928876318884562124
-8.198573433630230056
-14.755734083714145299
-20.592541115168927490
-26.427489895536382392
-32.294493754712021882
-37.766019757300881565
-42.170347381355242078
-45.522593892439061847
-47.994162305623547127
-50.091427485564281596
-52.141330708557831031
-53.878725044331730487
-54.737272015284844429
-54.645012740672854079
-53.822769948983136601
-52.040175067996585767
-48.441478392586390100
-43.146307349787974772
-36.222783129012867676
-28.517810986622691871
-20.891433754020283686
-14.071190871490472318
-8.087836291494596708
-2.075574064683621600
5.105454534618246498
12.994068271619823918
20.327214010845978009
25.623541314592273466
28.834088651490048960
31.215492955651342299
34.394416799994985467
38.741371875217168963
43.476389168500418236
47.477234432269511899
50.387762017626101851
52.336148864215232379
53.485402837790786634
54.014171067569748175
54.220804926999363715
54.628065386882951771
55.559638677480251090
56.744620313242648990
57.398957360292882868
56.729169435400109478
54.390323711080299063
50.859829907652539305
47.542220591123253826
45.370497782651938223
43.928233218683459427
42.351700574139215405
39.774310528831165357
35.647527752784753829
30.249123045534759058
24.577798823783467697
19.317095390658124643
14.459157285260090475
9.898437323715370439
5.560912665934836241
1.472598847475808270
-2.330591186896100453
-5.804825940770740544
-8.857084958450172962
-11.554142314894249921
-14.049497342591621418
-16.312385531356255797
-18.086114117726708628
-19.151840588847619529
-19.450602680754172980
-19.164370308845661839
-18.746507149247520374
-18.617130256384314180
-18.962434907775957527
-19.599776882228525210
-20.112352891802402155
-20.219827750801357524
-19.984951290647131827
-19.742090098674111687
-19.897177954004519052
-20.628100016841870001
-21.808948775844442025
-23.322668316162491919
-25.082881951800459319
-26.943087480575115933
-28.787547144467566795
-30.586119050798174612
-32.347559790013974634
-34.029039098464352264
-35.474133873070627487
-36.433595042606384595
-36.906767553526492520
-37.187863848634606256
-37.327327350084146929
-37.256953552245988703
-37.040042354543743386
-36.865788734390093850
-36.902854311240332663
-37.163587107716466562
-37.489104708014849621
-37.651318806174515430
-37.429420115662878743
-36.683535796923024463
-35.475875202706333766
-34.068227584538021802
-32.759777697576225819
-31.746817336575304580
-31.068589880136187276
-30.616928673500524383
-30.214797962827447009
-29.735247329866979271
-29.155038930236003125
-28.493872987360077786
-27.802034379528834052
-27.165192628518752826
-26.674784904735759028
