52.859789354448274423
53.585871617300163905
54.610307114817338459
55.656271696184425934
56.453491482080750075
57.039119471241420456
57.308818539230635736
57.578612627160431714
58.116209084235180171
58.939914332437766120
59.904944318536728076
60.894490308499833020
61.848728000226927293
62.665315628046919016
62.953421487782200927
62.484261289776732440
61.518235989503892824
60.787569561030416310
60.384776217116026942
59.792087158018453863
58.876119005891730751
57.897497184608539555
56.678441441779582988
55.329092367990561740
54.289480763959574006
53.118814885483416788
50.963854760916476039
47.713220304202650368
43.244916340940548594
37.568601671828446342
30.569981472395852506
22.711332170452308787
14.774451443010917728
7.317863673130702296
-0.011832514154519913
-7.215016080078669347
-13.781775239046595516
-19.666506402671984688
-25.582724031912334794
-31.571422539542282948
-37.205287774422117764
-41.798843418808587558
-45.343421564945685986
-47.984158704514499050
-50.204263587067941899
-52.313094007435893218
-54.033978795300868114
-54.794842200078875294
-54.523516039958508372
-53.446229585074092938
-51.344161087021262801
-47.380145168855250404
-41.700447776739480332
-34.408427546829500443
-26.393779855577889748
-18.562628220713435212
-11.683055835638356257
-5.808421935014763449
-0.067444629437090953
6.711439409289937430
14.105419391664725026
20.867390524131508300
25.490916961772853710
27.875031980102363605
29.266764783288749641
31.456631654335268422
35.252914275851082948
40.345478536688915483
45.467105019367608065
49.496423714043118025
52.187565146126587479
53.756646050932801018
54.492724424121263382
54.771448755956754439
55.167490526199571832
56.047767210524170878
57.186085833713093507
57.811658520294997743
56.979172852079358336
54.172958451188435447
50.066887027422609435
46.244430744905344000
43.655315539589508944
41.873378329417448640
40.038567184868696813
37.329627353243552079
33.361027541669102447
28.505598093324579168
23.447680880167439454
18.551564598751838275
13.779418578795400663
9.157481850131375722
4.757252382056265105
0.706334253587982630
-2.915031520031021728
-6.074866207133879925
-8.735147485113316179
-11.036547962438817194
-13.199552049391456876
-15.236672663389526861
-16.905930334692641281
-17.978455965773719072
-18.368691188780587709
-18.224674985007141004
-17.966539162586968814
-17.987375720341162832
-18.455264659993190435
-19.178816777936049220
-19.740912789594631249
-19.867631793708255827
-19.632722056017200885
-19.383542109895586236
-19.537883483163227538
-20.281191643148645198
-21.489145521969589936
-23.041273203736011510
-24.845501724654184272
-26.749818548763755643
-28.634345733910947729
-30.466454352429650498
-32.254192511253108933
-33.955920676570713113
-35.417895371753559175
-36.393633141793429786
-36.883728413277651725
-37.181984752439177555
-37.337862866025716357
-37.281937108528040881
-37.075479447600116600
-36.904926164366088415
-36.936761895161794200
-37.183427285688424035
-37.489287835612572053
-37.632142726441998093
-37.397786742349637734
-36.650729520179709198
-35.452730545373242421
-34.060084076989824098
-32.764137410281421126
-31.754732101238971609
-31.068680640558341111
-30.600018011532711171
-30.177079959050729485
-29.678771267394324695
-29.086113155798102525
-28.420968940149577975
-27.733937591507526577
-27.109643904182291863
-26.637939110856279967
