185.341342988986411910
57.510600155549383317
43.709921529720162425
37.246311819217766015
36.945412689776532034
36.871818511073776392
36.814598876202460076
36.767427743965804154
36.728958716614606317
36.698542054996309503
36.674699719074844495
36.655602468478711842
36.639684537076178117
36.625847491083064256
36.601206225316893494
36.523154995649989019
36.510724312453518792
36.499016438872132539
36.487686182272931035
36.476382095492880353
36.464735725713566694
36.452317149559853249
36.438773360569477688
36.423706168672239869
36.406839413140232864
36.387576721957636039
36.364910779604471713
36.337505160402095328
36.304165754740488126
36.264758180554125033
36.221019211313517872
36.176184748604072183
36.133870567285839570
35.798668828775333850
35.696335971436639056
35.594572111609508624
35.560018215631451710
34.748082869759770119
34.564170945165400894
34.468407891911496677
