97.164778539435303628
97.839714421427345314
98.666382857745702495
99.282693096089531082
99.409730986725421076
99.311485689314906722
99.232515365575522992
99.283779371727177931
99.611445619356146608
100.231324166494701444
101.002438499729009891
101.831648390336823695
102.698817978461477196
103.493899675327057253
103.716671701982988907
103.071259465646846820
101.933854410633813359
101.278687395667191140
101.211809372044854172
101.023362834356646545
100.562796629208250465
100.311201509857824021
100.213799716261689809
100.063629040629976430
100.040679536257201221
100.206892412882140775
100.265606539909470030
100.563503156168053465
101.264926017929781210
102.406648046400746921
103.528081141918661956
104.491017377542476652
105.514098898974552299
106.837400273937035422
107.970442562181133894
108.908232134005587000
110.203297808091278398
111.883664872880913776
113.126565677013218192
113.787994368956233870
114.203933128297038024
114.988574428110425174
116.056102291444346974
117.183699030075672454
117.814294796321945569
117.596039540828897429
116.815192744083773846
116.082603344314478022
115.484962401858396674
114.797905505886419064
114.276920402230231844
114.842963446639146241
116.380930242842694611
118.834206721507172233
121.325102378162497985
122.974285074820286923
123.061349998083386481
121.628623553582286831
119.689847319610336740
118.551122815525701526
117.787225224001304014
116.063581025987431872
111.748278741104769551
104.687484473544444086
96.124737584710288729
87.841816748985792174
80.710546073082156227
74.945840648615700275
70.315999782733797474
66.469267804397674126
63.050715356855732807
59.795501806888097462
56.607590996477767931
53.628090309839649308
51.307519811920315078
49.934547212270160799
49.203115673787465312
48.251151528747413977
46.047378631541334926
42.031188953989357060
36.921551190934820852
32.423691043327380612
29.597544362902482362
28.087398398602232419
27.151760377204425367
26.162778605405463850
24.859752550671771587
23.468088311677746560
22.354761429855443566
21.591724710955531918
20.933395224234658372
20.283734780427067790
19.639409572620422750
19.078251840277033580
18.639216783766215713
18.317793515816248373
18.123156291032046283
17.883092408303554066
17.351808762997990243
16.517723053927653609
15.651634956521291997
15.017976389534965165
14.731734245797781568
14.659993156333257502
14.382104646580586405
13.511783425784926749
11.911671361468762598
9.836989858216213634
7.788506831695002575
6.111129247418318755
4.767747161284091817
3.414684346292858663
1.621383004449313603
-0.800278536753779690
-3.707617925550607652
-6.958410641047549916
-10.437729126958544157
-13.966398365359168565
-17.401784974148569063
-20.697952413544555839
-23.855301860723528762
-26.822854873314128099
-29.432980460514841070
-31.427375914752133212
-32.823865187869387228
-33.964082050884172759
-34.934726087596004618
-35.696039659853880721
-36.345574297715643297
-37.108620641151333075
-38.176131363119935713
-39.554291504443881422
-41.047418487431372114
-42.372445815908292843
-43.252673502925688354
-43.511077687715612683
-43.209866379092034094
-42.647340209799295963
-42.172855607865471939
-42.019936183033195221
-42.234950397694774438
-42.683350367234339728
-43.139805537938485713
-43.427967125167469931
-43.490390676920753776
-43.331468532634602298
-43.006134533775707496
-42.621921865500809190
-42.300589068222734568
