52.481341791858490353
53.335726580893272342
54.483160597533753844
55.626766579443263083
56.496216288776672343
57.111894162128088226
57.324719421950369735
57.535814251548409004
58.053670679293894352
58.891845708851604968
59.891550344382366688
60.925318450154605898
61.926432165405316255
62.782264835545610993
63.084866453385508578
62.596872686407166952
61.590795620555233825
60.818468324640257094
60.349756344097521321
59.597692981173750582
58.383628950539190328
57.093895867020449941
56.034588030414319348
55.506547189436517442
54.957626179862813842
53.856198502259090333
51.651984854571153960
48.339552604984319828
43.739889418612833083
37.776776078552217086
30.298242866140299157
21.757790957400146681
12.971714934715635081
4.631349668325896118
-3.426979262317132680
-11.036957440621222304
-17.586516471113810667
-23.001613965083635094
-28.035287141806037425
-32.820999417470602566
-37.054336316837066079
-40.178764581945415557
-42.301984831604499959
-43.663878963281462120
-44.819680916237246038
-46.130978598857041106
-47.357270324460301936
-47.949479646055294779
-47.846779988619800861
-47.275200066021000112
-46.003026950182430710
-43.165263624267396381
-38.862290612853882976
-33.130041463899601695
-26.766411803746592568
-20.560964056783575415
-15.144923082946718296
-10.425762896750342179
-5.395089311115896180
1.226068364357928431
9.072687421245461792
16.885843979432024753
23.045337075908292945
27.175716517690261753
30.064598285572230907
33.048691083733302776
36.745279075911781774
40.984729350330070474
44.993138348393927117
48.140093121490735939
50.272646277227153178
51.524951705996301143
52.119763440226734019
52.386431930287841396
52.861664329412860752
53.872760299996997446
55.152980047836024369
55.943066055800528602
55.430655378957055746
53.214885820038489328
49.855357575455343522
46.741311748314473107
44.739288792718497234
43.404541260833212846
41.890621613351953556
39.468913203679448998
35.823488796676713264
31.192323855886996853
26.079895873525543948
20.830300864010013129
15.517446503094362242
10.302902969928538823
5.358255587659243702
0.866118484533217270
-3.073942743863653959
-6.434416435849016125
-9.195819518346354471
-11.523837376607957594
-13.664301181358268877
-15.651092610076261735
-17.257793513294984677
-18.265676391985266491
-18.595422008219770760
-18.398921620617556982
-18.098611346385496290
-18.088425358920687813
-18.535578868480627079
-19.246124082635162722
-19.799296810319788165
-19.917452723021767724
-19.671387614270713584
-19.406712924030728118
-19.541131967972376060
-20.262453247561836633
-21.451455762679529471
-22.994225489068981005
-24.804382539382118011
-26.732899443610563139
-28.659591980426853297
-30.548624097596757565
-32.402723474825677386
-34.173728222393094711
-35.701246032159929200
-36.733251719969985061
-37.266865162323483673
-37.594586312307342268
-37.766162742035135125
-37.713540491858395853
-37.500196089578366809
-37.315212314563950713
-37.327470238342243647
-37.550809854080114292
-37.829559616525784804
-37.940180835928799752
-37.666677465077839315
-36.872783578598898657
-35.621933857165743120
-34.174843733881175467
-32.828671777478689364
-31.778145079272974272
-31.061904700390755352
-30.571690197598172745
-30.129943903479556866
-29.608037264401900757
-28.980057539425160940
-28.263040297438635662
-27.505664533138599381
-26.793620469799407147
-26.220041014003356850
