8114.577785494650015607
5290.881723698626046826
5389.208653702403353236
5677.078066248392133275
5954.959481943377795687
1475.238004485514920816
5888.800788491723324114
5517.038825110746984137
5074.095802333833489683
4682.191578985491105414
4384.886076815128035378
4170.021194337174165412
4012.172260420312795759
3891.873967749982512032
3789.099485634563279746
3691.359862584558413801
3598.514991194389494922
3523.252769239168173954
3451.682638211850189691
3347.096961007281606726
3197.088653040472308930
3121.023936502289870987
4564.469719967901255586
3039.202331741315447289
3032.483280172772538208
3033.173320554043129960
3047.635539050557781593
3143.173052224348793970
3415.160748430643707252
3990.591145484826483880
4778.078561220925621456
5941.166846085169709113
7678.504372820165372104
10093.295912175310149905
12898.580554634329018882
15303.055699548029224388
17281.506747242190613179
18854.142488372413936304
20047.189061384062370053
20932.543958141766779590
21587.287342351799452445
22101.352159373091126326
22487.240748907770466758
22773.555882111104438081
22961.792746550439915154
23053.315598911995039089
23061.160141686959832441
23004.544989675679971697
22885.357779811703949235
22692.415231221191788791
22425.199249026311008492
22107.934937942623946583
21724.837414044905017363
21264.729390286654961528
20680.027946319038164802
19917.421965352656116011
18914.267338633471808862
17617.332376843398378696
15999.879684524494223297
14065.364198343624593690
11777.748525954177239328
9161.948482140809574048
6407.844233698572679714
3949.253465264267560997
2192.062727177480610408
1506.048461860751103814
764.249796455240357318
413.168923488884104245
245.882737593986604452
161.472823823978217206
115.188378461103070549
87.633647785008733422
69.596675114678561158
56.438458646421700848
45.820339486616468605
36.596292891378894296
28.723979737897646913
23.346361638959493234
3989.373678351910712081
27.026916920198750915
37.921237122464319214
54.492016269928846839
76.894215716495452284
106.678664350102579306
148.306349139408126803
211.651688299220950285
316.930060742023044895
504.184790737765183621
844.142615593775190064
1431.970771796507278850
2320.462660218988276029
3461.235530042506070458
4698.844005123656643264
5884.100843714817528962
6917.067732233373135387
7751.403173086797323776
8407.633724840572540415
8891.128921782399629592
9194.059134391789484653
9330.867052017447349499
9354.310476199343611370
9297.724020821486192290
9184.614238068388658576
9028.994850344539372600
8794.274747861383730196
8468.659586123625558685
8048.234589304337532667
7566.259448024735320359
7086.977922813871373364
6657.547519886262307409
6291.295133324147172971
5988.254451154201888130
8103.495940316093765432
5521.576071685592069116
5373.394714796610060148
5271.007932247153803473
5187.315242542295891326
5119.243719018724732450
5061.962092270369794278
5007.629074667886925454
4944.543220412708251388
4871.200498887422327243
4781.577152765185019234
4713.822947710081280093
4690.041573499464902852
4617.822471235250304744
4531.530896933820258710
4447.018077510623697890
4360.131508245553050074
4254.118644618066355179
4115.928299168415833265
3945.773244199947384914
3760.902318186706906999
3574.618047977687638195
3398.080331426142038254
3248.316696171411877003
3124.366982191358147247
3007.298349878823046311
2884.498511911115656403
2750.898609753954133339
2605.275676438368009258
2450.658944209198125463
2291.768719227371548186
2131.277729527596875414
1965.864529722073257290
1811.456729171619599583
1701.417191165240410555
1690.929952833930656197
2518.037642214767402038
6758.166626354728578008
4939.153948836718882376
4939.284203337272629142
5067.708305712655601383
5215.773554276504000882
2388.639865293185266637
5137.695284465900840587
4874.173177703066357935
4546.494444334333820734
4230.213924907212458493
3961.645387713991567580
3738.582691150194477814
3545.529934678087556676
3375.809311802485808585
3247.016381157694013382
3169.703910963612997875
3122.647016559362782573
3052.398200363541491242
2942.378158426779918955
2814.880965815068975644
2670.847336852683838515
2552.698019272007059044
3369.582658162376446853
2281.375927656883050076
2133.758171499218860845
1979.792009350881016871
1846.683882453365413312
1754.858930770028109691
1755.068885040864188340
1922.231650675708579001
2332.092877389292880252
3061.345400915249229001
4158.661678484792901145
5669.927109456882135419
7444.474107085010473384
9003.039724851569189923
10292.442190657106038998
11320.860466973959773895
12158.117700208131282125
12856.727324129429689492
13444.256054970208424493
13788.881911521724759950
14043.773651499372135731
14247.506650420886217034
14437.243336922345406492
14638.267379018026986159
14841.733301981512340717
15017.834431680485067773
15163.155905414369044593
15291.395442375976926996
15389.696697039509672322
15398.942650098630110733
15323.928195960292214295
15152.538198619986360427
14916.851747221906407503
14636.798174871255469043
14319.902026480309359613
13933.470297023941384396
13395.198269441039883532
12598.847384874992712867
11549.899327480452484451
10348.929745758803619538
9233.646576264303803327
8489.876095247809644206
8308.286658356773841660
5606.935018806686457538
5917.345968428231572034
6428.846600279081030749
6987.122525285761184932
7533.959072853978796047
8064.961963270142405236
8590.936099111362636904
9116.136185882654899615
9638.221229451684848755
10085.198945770138379885
10396.096797201769732055
10596.419015823412337340
10782.028762690795701928
14284.747333386889295070
11490.291045501997359679
12088.508499910381942755
12598.108799871779410751
12812.691416264771760325
12886.805693345815598150
12913.265559855570245418
12978.487766571986867348
13141.133205984215237550
13381.927332586552438443
13683.733507770626601996
14099.319595741548255319
14754.426760187217951170
15584.508191583543521119
16483.942092593650158960
17313.162697053940064507
17998.005831771337398095
18525.168502222331881057
18876.653805115696741268
19087.669592153666599188
19209.116135105476132594
19262.888481457583111478
19228.305265774528379552
19100.718753643879608717
18880.116523713790229522
18571.615899243304738775
18231.467783866508398205
17893.712972323355643312
17589.038382784568966599
17311.654208728694356978
17020.225664698475156911
16692.242442031667451374
16352.161181568004394649
16048.812831997522152960
17706.390686771872424288
15786.658881448893225752
15805.270282549949115491
15887.936729739803922712
16026.578612857925691060
16180.850242595002782764
16328.317744554340606555
16464.866140198220819002
16601.248807173185923602
16733.949471692758379504
16868.899116471300658304
16932.833470636203855975
16880.039419368797098286
16877.143118748761480674
16862.289074180716852425
16807.348406624660128728
16722.479245267073565628
16644.578487664741260232
16606.355100268858222989
16615.169553978474141331
16640.069950582434103126
16654.337487680641061161
16633.184861776207981165
16533.913632252257229993
16358.888729659945965977
16166.222139321493159514
16003.633659071858346579
15895.245474810179075575
15844.054130670134327374
15825.499578771057713311
15796.786326972158349236
15722.343813018405853654
15621.523265721545612905
15499.158286223231698386
15387.080249182903571636
15342.869630773573589977
15937.639946210585549125
4804.026641436885256553
