53.087022212018453615
53.800141124134285064
54.840071070138293408
55.958416779243705719
56.870618085046217516
57.522551429298815151
57.710609468170517289
57.823619744689437994
58.224583623117354136
58.955983928444830156
59.866211577873571059
60.832502484862672532
61.799398979217222916
62.664147829735483697
63.005583147608774652
62.555122271956570046
61.560317192493933192
60.772118758972979435
60.270059295178135983
59.511017474750801171
58.436605285056003822
57.540400461941366927
56.812349640917162219
55.981795740857236865
55.001615873345521379
53.678440360397097209
51.500824615836712894
48.490588682253402908
44.441221535708876900
39.034655036723421517
31.749883459957004561
23.067218145538760155
14.263267076171914027
6.236039797647165983
-1.345031035252958418
-8.587066958082857582
-15.083564399897284147
-20.846134426337442846
-26.605198804077616614
-32.401081489324724316
-37.809229232055969305
-42.158985236951451725
-45.465519881920897660
-47.899785795308190472
-49.967505066374400258
-51.994953782440603618
-53.716426458992970083
-54.565205091174306062
-54.469175629208677947
-53.649264027431200930
-51.875497593803942209
-48.292856039487958242
-43.022075401348246260
-36.132796233351200499
-28.473815186185021275
-20.907197662478665734
-14.161938676033514639
-8.268164271616598171
-2.354828473784010612
4.730865505464862508
12.550624291996001602
19.874397276756269548
25.260375270248488278
28.690793174104754826
31.402436630848001187
34.895046781093299160
39.341442200806113760
43.904600131063830304
47.647406339706179779
50.370073694608379355
52.218477412897271961
53.327485257820029574
53.851700204703860209
54.074263105678738839
54.508222205292582885
55.470246297782068723
56.683867195649639825
57.363201648658531440
56.720752323165498865
54.422385877910727459
50.947321662176904056
47.686534600966837161
45.569546438720095693
44.191059576059956271
42.707345783128431549
40.274191350228193187
36.316068031727326115
30.920418305007132176
24.892696700845533542
19.087687246977310451
13.784239057551559426
8.999001025886258276
4.644329600526873492
0.685198903285026972
-2.906219075289413922
-6.141079688433421779
-8.969264956655649712
-11.485109382660937172
-13.853650280443901011
-16.043118996878718008
-17.788636880223691605
-18.860507260603185387
-19.188982527841858428
-18.946634027390075516
-18.579293979842134377
-18.501427540235283686
-18.895205838031529311
-19.575246572669868783
-20.123032361586240313
-20.257436363126032575
-20.041319292954938192
-19.809937169246836675
-19.970542679732716351
-20.702297345229453640
-21.880213062322525275
-23.387804122320005717
-25.139119639708269460
-26.988134191275605644
-28.819733913338382081
-30.604533471756155905
-32.352071971491227487
-34.020191726310599734
-35.452961654100818123
-36.401492578982413306
-36.865449746670037712
-37.139320159563681045
-37.273696008077592978
-37.200404013052093433
-36.982754349195829491
-36.809968524317753236
-36.850663927457162572
-37.116932891414251117
-37.449343215540579877
-37.619008461512180475
-37.404263749260621807
-36.664625105906168301
-35.462208709898732195
-34.059260896257455897
-32.755701954350854521
-31.748440703919357020
-31.076920687672668464
-30.632674656934682389
-30.238013214106501891
-29.765266258911026398
-29.190641922246641116
-28.533523774598677392
-27.844108538428031352
-27.208171022097815239
-26.717372796988399841
