52.394704296957996803
53.233379600700857281
54.262815511015894288
55.134505463884565302
55.575675082741561539
55.844288525284241587
56.403791070470504110
57.051782073741151180
57.821536631938322159
58.754981969931520780
59.774208727827215171
60.803923131058141394
61.794073178586174322
62.643203670431063301
62.989484821517393698
62.619218012540585505
61.747845465726882708
60.934087009783745259
59.977269262687393336
57.894399884194434946
54.199710338051126257
50.111329390234686798
47.948033509986679235
48.889745296060951318
51.252990616495445408
52.602398757600759893
51.632391054553465892
48.492008528335730944
43.390907895588341603
36.706400037163774641
28.712151437787682084
20.088043533427139664
11.669423245594614968
4.061481093054453595
-3.006795424109412807
-9.463620355962888198
-14.772676365345574823
-18.919755662680245223
-22.705348436253245836
-26.300530434594350027
-29.430463372575019321
-31.561538484841946683
-32.818862309118600251
-33.455138466300013533
-34.034554696191037237
-34.924251307920172849
-35.886105743807377166
-36.370308042981633889
-36.312187914103958519
-35.930880018497617812
-34.984942640195868080
-32.597254028029681194
-28.854360894605633803
-23.777553025580886015
-18.150260090438592897
-12.748595080301527105
-8.191692589131406521
-4.375769891459583505
-0.280421813749313742
5.388429644561654186
12.285755899949549530
19.175235519159798514
24.445999601721865702
27.667506846982490742
29.448003541775079839
31.009239654242662709
33.116852101992947155
35.676095026454106574
37.940890185825310255
39.501530350797196434
40.369936270441002080
40.667679632619979202
40.555487740905391547
40.321689631354274752
40.486735347791267259
41.382689229689788135
42.758878238826383722
43.825272258731331476
43.619838291561904953
41.611573660466234514
38.460566613807770864
35.739727278314035175
34.395372634922068755
34.012398942277769720
33.763542681425064984
32.850730477636574278
30.736758048461013004
27.388398037967306209
23.196619885648999571
18.578906543856987810
13.740448326111987853
8.939598317208407252
4.397211236573753013
0.313294107919148246
-3.212884026413973970
-6.163003972269450514
-8.530571235443972000
-10.494848519996310188
-12.313526199590796750
-14.028941346504893772
-15.418758211137912895
-16.263791713295915997
-16.480180135006548880
-16.211844106239823304
-15.870305113860467827
-15.836022234782149098
-16.261194267312134798
-16.938090686483178615
-17.438543586131004304
-17.490264077641768381
-17.186180345016339288
-16.907533041917929495
-17.108094620149699949
-17.994324469448713444
-19.437479953578133518
-21.290143740913379133
-23.422768197767993570
-25.647565616037809377
-27.818087831702314361
-29.886433784420603388
-31.854591358388518074
-33.680258095604131086
-35.211971684506352176
-36.209115777219381016
-36.683324248420660751
-36.942990496078152773
-37.051609796076149905
-36.951493790793222161
-36.714409351216659161
-36.536121909514690742
-36.588769154199610512
-36.883570349194769733
-37.255569130248943566
-37.467136292696295641
-37.287507454629178483
-36.570217222031544679
-35.377029780719851715
-33.975213546065276660
-32.671958298372032914
-31.669745675843046229
-31.009331046028705714
-30.579031819447891394
-30.195272908845311122
-29.724754668748914810
-29.140680170218786316
-28.463002371123764078
-27.745977224093678615
-27.081959406917349042
-26.569554529995173198
