1740.784642420009049602
1755.587065864535361470
1730.391622466770513711
1665.592509295098807343
1550.060453123766365024
1395.200521249122857625
1385.324607890042443614
1349.169368384186554977
1303.393901224335195366
1257.568939080205609571
1209.517484957007582125
1161.849643011220223343
1124.615971026873239680
1103.744433330390165793
1075.373782314593654519
1020.928962914158887543
951.754930964023060369
949.389863006721157035
999.128134076471383196
1059.514631437561547500
1144.963076629031093034
1267.438652527883050425
1379.126057604815969171
1264.573323536338193662
1234.112730332073624595
1264.250650166019113385
1329.096675713984723188
1454.600128444859137744
1663.207956288291825331
1994.363418527767407795
2410.391226106725753198
3517.481594760275584122
5427.329079495905716612
6911.338800218292817590
7749.060984998843196081
8393.707309463876299560
9006.320682325027519255
9642.599741689966322156
10920.964608914044220001
13492.301326050512216170
15695.547739333658682881
17512.178192671093711397
18988.655887986184097826
20162.891132682718307478
21065.608025606339651858
21721.563727532782650087
22150.244198076703469269
22366.187128244007908506
22379.160405790851655183
22194.336632026668667095
21812.432488991351419827
21229.724387203492369736
20437.791299831642390927
19423.011963051478232956
18165.634514436922472669
16638.582900025154231116
14805.945513717508219997
12623.893978131016410771
10202.496640436676898389
9000.675609948953933781
8526.881597939638595562
8035.499872615951062471
7300.970753690037781780
6287.081786021570223966
4884.514004813818246475
2898.029934740892258560
831.491475593530253718
1.427654094367204696
0.000000000000000000
0.000000000000000000
0.000000000000000000
0.000000000000000000
0.000000000000000000
0.000000000000000000
0.000000000000000000
0.000000000000000000
0.000000000000000000
0.213498258673885083
447.906983094476856877
0.486564569971476957
0.000000000000000000
0.000000000000000000
0.000000000000000000
0.000000000000000000
0.000000000000106226
0.000000004779945821
0.355670584745990448
659.987277484890114465
2192.226699553839807777
3391.773228157984249265
4030.163412868233535846
4565.123651001617872680
5076.849927595739245589
5597.068525990971465944
6151.456639422045554966
6820.363745825621663244
7725.802090855833739624
8693.027632835406620870
9425.084270382501927088
9779.949067768760869512
9816.684465131507749902
9677.083282064555532997
9496.893772352381347446
9345.912006648590249824
9157.849181978725027875
8894.845744509841097170
8528.580908701840598951
8103.366182859017499140
7729.591662469184484507
7482.176434351178613724
7354.310192942047251563
7298.883546946563001256
7233.526872125145928294
7007.674525417982295039
6808.437544801516196458
6634.506843533600658702
6464.586080239798320690
6331.302257789671784849
6245.014734614258486545
6192.952838028810219839
6143.011717054504515545
6088.121450550190274953
6008.234593437055991672
6008.581954097044217633
6152.474141915610744036
6176.599929716242513678
6175.910861235594893515
6194.237335898249511956
6217.712526897601492237
6193.163247646924901346
6075.301905372352848644
5857.761701038083629101
5590.455935772421980801
5315.495102952007982822
5071.493451867399016919
4922.265672769481170690
4867.865577455595484935
4832.597045977200650668
4757.475208266512709088
4615.466621022506842564
4405.431244733330458985
4159.263643693904668908
3929.498077663414733252
3758.606910783566036116
3624.096142147174759884
3536.228351827665392193
3491.472088135027661338
3477.482816213706428243
3463.055096070173476619
2818.632751393531634676
2825.351698771142309852
2800.274730976379942149
2764.810032805352875585
2729.363870274625242018
2686.080317106839174812
2724.962426084646722302
2741.955882891237706644
2739.118544156824555103
2721.759644279543863377
2697.895474820856179576
2675.549138806912651489
2662.735534458935489965
2669.293050905528161820
2708.272626758169735695
2783.452563888431086525
2880.283285913986219384
2969.984897746390288376
3054.480204403224888665
3153.722729536810675199
3286.125839401313442067
3472.930890031245326099
3738.941995244516874664
3667.717265710739411588
3653.526114083653283160
3682.779308437367490114
3746.434042873588168732
3836.875112474831439613
3958.264553956963027304
4123.993504180749368970
4368.965715811350492004
4622.941165025321424764
4863.373210209959324857
5246.770300182839491754
5769.889131065069705073
6327.670665013483812800
6865.687708253640266776
7352.578945990325337334
7674.918535658422115375
7726.650825246261774737
7785.206378328681239509
7863.747433889052445011
7963.102036020260129590
8083.833822058984878822
8226.301094178521452704
8390.675386765469738748
8576.964533588286940358
8785.037239223907818086
9014.645900328190691653
9265.444455924050998874
9536.998311901963461423
9828.783898929599672556
10140.176179346441131202
10470.423420420842376188
10818.609776216284444672
11183.607610950375601533
11564.019659440269606421
11957.685498483893752564
12335.411085511175770080
12450.826461020900751464
12384.118051915087562520
12270.966827066800760804
12172.229366972258503665
12125.017276308228247217
12183.639178212299157167
12420.526429599867697107
12786.500845789158120169
13135.386068537003666279
13462.965766843442906975
13766.308181699854685576
14042.773022373014100594
14290.016106492797916871
14505.994581200458924286
14688.961544120274993475
14837.455893593456494273
14950.292275202114979038
15026.554538454020075733
15065.594595757705974393
15067.037396142761281226
15310.755180265850867727
15516.401356571393989725
15683.904258356875288882
15813.537639768386725336
15905.961939385946607217
15962.270577968694851734
15984.052519266244416940
15973.760795172618600191
15942.874834389336683671
15957.140115024647457176
16146.801454797689075349
16504.144877549653756432
16931.874963895454129670
17377.976858119778626133
17799.426346717369597172
18161.673177296903304523
18433.460847326125076506
18589.512692859527305700
18653.438758328939002240
18670.780840552371955710
18668.662554534672381124
18648.038409283839428099
18599.180471391544415383
18513.850982726751681184
18393.313437830485781888
18257.024126033691572957
18121.002412868187093409
17999.963448093942133710
17899.091872783323196927
17814.649177190251066349
17746.391990633361274377
17702.743713170053524664
17694.969566973311884794
17736.337302979631203925
17757.626510547757789027
17822.417108382258447818
17927.112833592022070661
18068.524916768088587560
18234.906903775059618056
18416.200988399701600429
18604.810151598052470945
18795.798528356644965243
18981.771484195935045136
19158.147922452884813538
19305.689674964542064117
19412.239572289869101951
19509.325252385024214163
19583.713478846766520292
19629.762136605448176851
19650.040232785675470950
19652.645860770255239913
19644.855297147445526207
19628.978847210717503913
19600.131342358225083444
19554.582389844315912342
19489.391011016708944226
19398.905142898431222420
19286.231403104990022257
19164.592444508223707089
19045.140891106901108287
18934.685230134742596420
18836.237687545082735596
18748.003262270762206754
18665.026430719812196912
18583.356547706342098536
18507.435341421805787832
18437.888416888967185514
18377.431162744749599369
18329.649953988158813445
18299.236757243601459777
3693.030051881610688724
