2257.138987794675813348
2255.113167568732478685
2218.325122898077552236
2130.590074398325214133
1970.772710748652116308
1748.046171748104825383
1792.207567421918611217
1787.794588999129700824
1756.980008975752525657
1715.451388367021081649
1666.655772759029332519
1617.719001444582318072
1581.740425126698710301
1565.132310836201440907
1540.158154071927128825
1485.968665021184506259
1421.234648733802487186
1411.472725150112637493
1459.565573657399909280
1509.080615078717528377
1552.365429645236872602
1596.714878652836887341
1628.240041236874276365
1606.871730425201121761
1634.900289749050216415
1690.500506797701063988
1766.832084907234275306
1917.508645211765951899
2191.351680726403174049
2649.267642248400079552
3274.294139270667528763
4490.520151867871391005
6057.375091554421487672
7253.930509280210571887
8198.752548314028899767
9060.755478491359099280
9923.715102925154496916
10887.584962419063231209
12880.280630958392066532
16223.951659991978885955
19257.899529008554964093
21266.381629966286709532
22915.501525638490420533
24223.505173491750610992
25207.120534550987940747
25881.952869106153229950
26262.896698886455851607
26364.451719945547665702
26201.003333538898004917
25787.274721757890802110
25139.017672783971647732
24273.734670202247798443
23211.419980628215853358
21975.906392026638059178
20596.665590182339656167
19112.738839538676984375
17622.000202147111849627
16739.375766402717999881
16612.147436088009271771
15137.976440460264711874
13862.176103695750498446
12599.789642208332224982
11165.490820089211410959
9421.109050292321626330
6856.116171556440349377
3708.436898469013613067
1144.505868894698096483
131.092425107317751554
0.000000000000000000
0.000000000000000000
0.000000000000000000
0.000000000000000000
0.000000000000000000
0.000000000000000000
0.000000000000000000
0.000000000000000000
0.000000000000000000
0.000000000000000000
608.977389667054353595
0.000000000000000000
0.000000000000000000
0.000000000000000000
0.000000000000000000
0.000000000000000000
0.000000000000000000
0.000000000000000000
0.000000000000000047
786.335068463901166069
1961.081484860940918225
2818.938881081413455831
3431.738565434799511422
4018.779322111628516723
4606.040902540957176825
5213.652357351131286123
5834.362805429433137760
6456.006060617876755714
7125.870520967086122255
7785.806657676052964234
8314.460699572526209522
8639.948779671181910089
8800.952263948034669738
8847.941474502158598625
8839.261124274722533301
8819.224104005246772431
8725.790029255351328175
8532.594224206841317937
8219.225657060020239442
7834.613993118781763769
7491.879344888213381637
7267.803406485753839661
7156.980162981119974575
7113.335863080030321726
7055.250009330989996670
6822.715801619260673760
6614.314343265932620852
6429.828253145731650875
6248.837535044443029619
6104.580248198170920659
6007.782263404480545432
5945.901849583551666001
5886.975784433781882399
5824.019390646657484467
5737.046153734304425598
5731.382096498284226982
5870.410909353491661022
5890.796000400903722038
5887.427781959084313712
5903.999741066978458548
5926.507040863520160201
5901.684873317348319688
5784.187189188051888777
5567.592101259433547966
5301.749603668795316480
5028.705542482121018111
4786.978756872705162095
4640.240549739255584427
4588.387622547490536817
4555.642462738950598578
4483.020417596610059263
4343.472221203950539348
4135.778299767306634749
3891.733699032457479916
3663.795175454387845093
3494.365145348026999272
3360.852219167495150032
3273.391091771292394697
3228.341482685618757387
3213.332298978074049955
3197.222804270276355965
3442.571193555487297999
3435.120214410387234238
3398.871733730288269726
3345.503818237647465139
3279.004983065742635517
3189.105538029098624975
3256.896789339145470876
3289.614275231610463379
3291.943765679557145631
3272.318766322156534443
3241.194001340896193142
3207.956836503088652535
3180.903730387203268037
3169.169923167897650274
3185.039680262497768126
3233.480742973577889643
3305.184984429191445088
3380.101935336782389641
3452.121524180888172850
3531.107751942133290868
3622.759709104443572869
3730.540685318597297737
3859.219050862478525232
3883.040260373570617958
3916.397993952507931681
3964.975877240478439489
4039.027749385114930192
4147.993948162299602700
4311.403479439160946640
4552.431704177428400726
4901.487337812216537714
5299.715679782028018963
5761.599601896791682520
6361.105848460319975857
7041.914377409926601104
7744.558796535081455659
8428.962879586888448102
9059.353371424391298206
9474.832358432107866975
9622.672211532271830947
9776.885672796686776564
9956.036856205375443096
10161.753869121950629051
10395.125170463030372048
10656.865267314495213213
10947.295642730878171278
11266.329491734790281043
11613.459235135112976423
11987.744983586411763099
12387.802440859231865034
12811.789294721926125931
13257.389968358924306813
13721.799723786973117967
14201.710497205715000746
14693.299343771281201043
15192.028617910413231584
15685.354410768410161836
16080.209158327032128000
16361.199239571775251534
15736.219664961714443052
15110.717129550092067802
14532.780284578935606987
14053.692906507720181253
13720.041240339385694824
13640.769972695818069042
13814.889381962238985579
14098.107328257898188895
14358.075823553563168389
14591.236937504676461685
14798.208292166849787463
14980.179440140260339831
15138.475016657550440868
15274.378890817457431694
15388.984236099920963170
15483.077799234741178225
15557.067881983248298639
15610.958691775373154087
15644.369047698692156700
15656.590237467044062214
15646.675921000241942238
15613.556225079008072498
15556.167714552148026996
15473.591135354774451116
15365.190435213969976758
15230.764287710928329034
15070.963166191131676896
14888.738982728702467284
14738.752705077951759449
14741.238102455212356290
14948.593197339985636063
15315.190200452499993844
15769.493957763004800654
16261.619483913862495683
16746.182359280541277258
17189.688913234083884163
17569.549686615864629857
17865.563264447704568738
18080.005023000405344646
18229.796207270745071582
18329.223648137231066357
18380.295119695765606593
18384.886491190467495471
18345.063439856796321692
18265.756974750540393870
18166.294617809988267254
18061.696166092573548667
17966.236357546433282550
17885.180471056410169695
17815.219623096003488172
17756.754833036411582725
17718.962451415056420956
17713.881866237174108392
17755.511905695748282596
17769.286789174824662041
17825.342235562096902868
17920.588014920882415026
18052.258724084309505997
18208.956351254342735047
18380.900804058954236098
18560.699977806703827810
18743.557819870828097919
18922.165566297662735451
19091.983217043147305958
19233.774659322683874052
19335.359685422408801969
19428.233837960011442192
19499.131505751389340730
19542.382172732341132360
19560.521151248223759467
19561.601840409999567783
19552.846330523963843007
19536.503288492505816976
19507.616992694700456923
19462.375099484364909586
19397.750060616130213020
19308.008606551473349100
19196.189418353798828321
19075.457149959296657471
18956.912689679706090828
18847.324246741645765724
18749.673595118812954752
18662.132067653092235560
18579.695893665597395739
18498.349619308151886798
18422.456830237817484885
18352.551243581088783685
18291.252648876059538452
18242.068631463444035035
18209.650660564118879847
3504.999453971812727104
