52.070474682311669312
53.048821200404368881
54.348889696185935350
55.516728203412341713
56.250099656468783849
56.706757642584108225
56.880170650039723057
57.156818327832382920
57.770672485426835863
58.701212078090463820
59.782395082036039469
60.900042649552716512
62.000641004326197958
62.943672006311551570
63.245211118362618663
62.631402870203793043
61.467042535485632015
60.666331152892979617
60.351063592273014535
59.768091440999427277
58.240249102113544666
55.484666835952154429
53.109933316479200016
53.919445723785329960
54.837659316249727226
54.149974474941309666
52.040619667525156444
49.091479851969353376
45.271165426138608723
40.212949160550849115
33.245433621109924616
24.653357420913636133
15.394406424200070660
6.375064741213449793
-2.400471866059149306
-10.668174111637654278
-17.771469776044938271
-23.623840038504226868
-28.982884234225849696
-33.994474874593464619
-38.369246741136350920
-41.565665992438425747
-43.705161905748553863
-45.039621621556364062
-46.134440548331667742
-47.359495191336236530
-48.480664984647802385
-48.953308218714539635
-48.719096482484303579
-48.004745381560042006
-46.577714046233779754
-43.571160128356467567
-39.083293056730923354
-33.148379333456148288
-26.563998605183257951
-20.121413364571537841
-14.455778705582673638
-9.480211621963206881
-4.192238083004014015
2.683287147331469669
10.782840805311053600
18.858240367772395985
25.311777671612759377
29.789557391023805621
33.033002785330637607
36.160743318935999469
39.415890767996557997
42.436806913630078952
44.860803626261798627
46.698118015521203006
48.030307297657401477
48.897264742722029496
49.387305610918446064
49.742136561503940584
50.450522033009150391
51.818874639946557181
53.571701163211912444
54.904070354539442178
54.894476080583444855
53.059294469527571891
49.974531161909425236
47.126994122848714142
45.413090765207584809
44.353487321846500890
43.062387440595443877
40.762423689266171323
37.070996894675857902
32.196258024244457374
26.687815987748990665
20.982235516518358054
15.244977341916381874
9.700537582562986927
4.548307829455836782
-0.030917378179026400
-3.958757403982417600
-7.238361351126116006
-9.882526635356100542
-12.085084941726393026
-14.112035199630895477
-16.007724239938113442
-17.547165710964463869
-18.506637974948489500
-18.798685418392778956
-18.566469349035173764
-18.224114229422070821
-18.157397733241111837
-18.525241974381856380
-19.126474664707643569
-19.537569813216350667
-19.487058569849182277
-19.063556506521138090
-18.640128905878327714
-18.664211640188852925
-19.345982334583709417
-20.574506890413488236
-22.229392392131842371
-24.207052202339014002
-26.336105170969005940
-28.473759126874654157
-30.564326362323697595
-32.594244782075804778
-34.502250001217078079
-36.118469007372652868
-37.187306237014411181
-37.710423993321171565
-37.991854250121264158
-38.096041123375925963
-37.970061998096923617
-37.691973250959506458
-37.463136121038928650
-37.458978499145018759
-37.690906578016381445
-37.991269935116577017
-38.118340287229045771
-37.838411842150605935
-37.005821553744851826
-35.688033154849733819
-34.161940722965880468
-32.745519215717592942
-31.649615057070036528
-30.917969255388015881
-30.435475064548427326
-30.010096111160009968
-29.498454979011398791
-28.866584067352903276
-28.133837647954976546
-27.360804871574828212
-26.649594600859416005
-26.106593852703156244
