51.175772753595637710
52.211923586534680908
53.476927142278228189
54.573995887110520187
55.246969630739329205
55.699281645772757088
56.123221809246302882
56.611773241646133670
57.296255885899078919
58.201027179883780605
59.218263328198048612
60.255854762377438760
61.258715248550998922
62.122503207944724579
62.474086444343392088
62.098876403216124231
61.235969489375136732
60.507856810261522185
59.803284614908619687
58.241628619634944641
55.302485418448135590
51.803427554235938146
49.772230977286398002
50.526634898410577534
52.334559111488736960
53.050101430200214736
51.706483913723182866
48.504905866594313579
43.549827057609931558
37.073260179003639792
29.236855888108365775
20.681494680154571597
12.254981502694477058
4.589715184312154861
-2.562549977435082837
-9.115019404736983688
-14.522320106356119140
-18.764842183951628840
-22.639798951822911022
-26.316248843326718543
-29.518091472667322250
-31.710903296410322127
-33.019243071331146666
-33.695446386060780242
-34.303490370525707931
-35.210477613567405797
-36.178449966805033000
-36.657988488688943107
-36.585048173334513422
-36.179608333354849492
-35.201254113621246233
-32.774019591240289628
-28.985678175984304517
-23.858767810640728158
-18.177957751196430536
-12.720582561240235009
-8.106977487042854591
-4.234512380004275656
-0.083795770339264664
5.638551033241213872
12.587309403251992990
19.526344624647123283
24.843623775306213020
28.098713540618234674
29.867276712614739154
31.343873184508652230
33.315736116356788443
35.710217598078060064
37.813219009004939153
39.259028236842283377
40.066653249628188860
40.341826156636756195
40.231069675538634556
40.013283220010436025
40.202667245844196486
41.126979978727405296
42.532466121717050100
43.626939710913433146
43.447071090726439024
41.461022262782449843
38.327831616531369718
35.619144611437093317
34.280202884113549544
33.894684870946406363
33.633819955947387825
32.702278694715886331
30.583133339657393890
27.268703713232838481
23.138662487766112008
18.582355170711736037
13.791275438818900057
9.023487269773994512
4.503681874824081888
0.435294636191770223
-3.080341803833675840
-6.023919178555161125
-8.388544545966283295
-10.353309743191005055
-12.175763418004180494
-13.898020057079747858
-15.297317557319729531
-16.153675578295064952
-16.381928428976834766
-16.124182571577648559
-15.789852393094520266
-15.757416531322633091
-16.177714701770810279
-16.842670180182267359
-17.324955112052975892
-17.354301482477922036
-17.026765586813326081
-16.727538436715349235
-16.914147732450373951
-17.794850397319123658
-19.239700010774015482
-21.098072927357577555
-23.237265617801938333
-25.467673282035832472
-27.642450297136406334
-29.714250812051659523
-31.686176957694613066
-33.517374654588877547
-35.057838125721161759
-36.067827990257114834
-36.558775596155385301
-36.837920147785951031
-36.967258929594606798
-36.887660974511902623
-36.669550412615080859
-36.507571758000381124
-36.573358745057475971
-36.878643741494727237
-37.260050602823696408
-37.482181410321572912
-37.316411237566342152
-36.617535943949121702
-35.447257548445918474
-34.071668450790298266
-32.796422030815506332
-31.822879983210839328
-31.191439000010291238
-30.790632240332683978
-30.437130526958696919
-29.997315723698591228
-29.443172918513027980
-28.792593991596334035
-28.097309912518028341
-27.447292937585984873
-26.939633341993328486
