53.016111139240891248
53.712304717895698047
54.718665687458297953
55.790434043552160404
56.657721823646191694
57.299562612344402623
57.535436564281710048
57.728217842620232148
58.201215181005046873
58.984850541473157648
59.928189923604179512
60.908516722378315933
61.866431498147925083
62.698043402488977449
62.990513637129026847
62.480912292834545951
61.410646093758991526
60.513741108546206249
59.921600593673730373
59.289014281148453733
58.673901935632933657
58.147288501356129586
57.507376319196808367
56.562929928202422047
55.434838977548821504
54.018289145567344178
51.778949021497886918
48.860344722385491423
45.094853945932058537
40.026948371987217001
32.967549901399905821
24.324467583561343531
15.195916079830112722
6.503665098679888956
-1.850786696413251775
-9.760448459338405769
-16.712468864260884516
-22.692313557146633229
-28.445619525469936661
-34.055127335654702847
-39.155229730763949192
-43.135511108266541669
-46.061175436825891438
-48.139304462416873776
-49.899368163039696356
-51.682225322708632120
-53.230568185367644674
-53.982045028962204469
-53.866207093837402908
-53.103604012271290458
-51.461956270100074562
-48.081611452574378518
-43.075405832501814984
-36.500225802573083911
-29.184973436485819320
-21.961937241005358601
-15.518305510337256692
-9.831234339333093430
-3.972677520249078498
3.257226914965087872
11.443035620142723019
19.346309804525418485
25.476966122331219822
29.700632798632483400
33.038427594294603296
36.720804263811942292
40.815834362368434540
44.749457339942921408
47.968771948583309950
50.383541530610955306
52.085344365616947471
53.153098198786352668
53.705166885985534009
54.004629904505151217
54.558199106624073238
55.690976379239316429
57.149437088664370776
58.143326049953913071
57.712137934204321255
55.327613011887791572
51.653452035756259875
48.266777538690291749
46.118460050824353402
44.797928419834619262
43.482088751187177422
41.378776569582385036
37.969470408192108835
33.257417558517460066
27.675393619983879034
21.706936918022819327
15.655228281270581192
9.846997192560280610
4.473253620212545911
-0.370644271051816077
-4.664859686951501772
-8.385505184258818190
-11.461985555522318236
-14.002901993037255579
-16.216372893158990109
-18.121358863928975325
-19.496044533347458128
-20.143158099755510193
-20.019983950883101897
-19.327411339424202197
-18.543728288915588109
-18.117004422298634836
-18.256893026374541478
-18.791829178251532539
-19.299705608164913428
-19.480082149172119443
-19.366504188738929315
-19.262148543788725874
-19.546305401846097993
-20.379355600731400955
-21.628446135292961117
-23.178370235021702683
-24.950296746588094265
-26.808316012138732276
-28.648442169638485666
-30.451891072850344244
-32.236791441707680406
-33.965869074832994556
-35.482513955481238099
-36.530366785451121814
-37.095727482830511690
-37.457603014648327644
-37.653901473589712623
-37.609639860920367482
-37.387369638124596349
-37.180047062120706869
-37.162875129549490794
-37.356464393680084868
-37.611358124929722635
-37.709290555311326898
-37.438117042572343962
-36.663159389934833143
-35.446436042858977089
-34.044394111434371553
-32.748417577408304169
-31.747948720679914913
-31.078584772458441421
-30.632104506003145161
-30.233716496432464282
-29.758884943230043518
-29.185340640832521331
-28.531942071709863740
-27.846869004525444780
-27.213603550536902276
-26.722699338355994314
