1943.476318567143380278
1913.364614641630623737
1860.223321085772340666
1776.347258854425263053
1641.603899916516184021
1457.896979934094133569
1486.107005589097980192
1469.638215282794135419
1429.784923107875783899
1381.354320758978701633
1326.942736147968844307
1272.256350843549853380
1229.233831267438517898
1205.347932936855613661
1177.733049517038352860
1127.561880707687578251
1067.711702160766890302
1052.556416839310031719
1083.502993060579228768
1116.207515620983258486
1163.530593394589232048
1299.082558257188111384
1555.123342095422913189
1355.203298643972175341
1271.864066593050665688
1278.491259330638513347
1332.876230389036891211
1476.116300320253685641
1769.520483170834495468
2295.011655810938009381
2971.552996613869709108
3878.838888495551600499
5105.925538383707134926
6626.073771947118984826
8332.079083289969275938
10128.147692570579238236
11986.608946012456726748
13853.718253427023228141
15622.619735749120081891
17252.552657131247542566
18746.123551795670209685
19843.940023015951737761
20832.976720464899699437
21683.931831331970897736
22352.913317139729770133
22811.785457266887533478
23081.717084187297587050
23213.533262116827245336
23215.546414982094574952
23067.281521635864919517
22787.334967558272182941
22466.738500128562009195
22094.381103231204178883
21683.602668515020923223
21171.615722817288769875
20507.407621487451251596
19649.723094015746028163
18613.518682918023841921
17493.900484820675046649
14949.839861777352780337
12467.386857810392029933
9987.486562359508752706
7420.431019472315711027
4811.143452224171596754
2332.784466532760689006
3155.834345961665803770
1620.936600414214353805
608.665143429724025737
93.506669165654585640
0.000000000000000000
0.000000000000000000
0.000000000000000000
0.000000000000000000
0.000000000000000000
0.000000000000000000
0.000000000000000000
0.053674776059159657
98.554295522772505933
292.878248872600067898
149.764945705185255065
1.567654366648109310
0.000000000000000000
0.000000000000000000
0.000006964145803126
61.219524209847129725
235.796140516918228514
499.658319813402727050
929.100473900335032340
1593.841746215291777844
2481.725319559054696583
3445.539379894198191323
4445.830917089264403330
5414.558314466900810658
6338.669201047799106163
7188.765390688786283135
7924.995297245551228116
8572.976519276546241599
9098.976124547823928879
9447.817545793575845892
9614.860990315755771007
9671.756542237993926392
9660.943785922645474784
9614.585273033406338072
9553.945582138812824269
9409.528246489471712266
9154.761253565431616153
8773.012029762792735710
8314.125247733580181375
7888.049780597467361076
7570.659209680477943039
7360.874341007741350040
7219.053794252665284148
7071.621273712506990705
6799.017694461342216528
6558.334042094367760001
6348.897138586502478574
6150.566003413286125578
5992.579221073695407540
5883.023148817424043955
5808.374673755207368231
5737.268678604931665177
5661.921666250553244026
5562.977405467127937300
5538.211573734994999541
5647.003401041184588394
5645.164244940569915343
5621.915502520137124520
5618.879429028605045460
5623.878906431720679393
5588.020606582066648116
5469.546057444593316177
5262.645889091016215389
5013.585277839687478263
4761.173191024866355292
4540.836906337187429017
4411.403133490538493788
4372.589027210498898057
4354.017401145670191909
4300.997430399212134944
4188.348450225653323287
4014.543541655658827949
3808.327602426588327944
3617.304401722972215794
3479.561834568184622185
3372.866891464282616653
3305.643380699425961211
3273.951639530133434164
3266.254743878782392130
3254.061470417372675001
3061.336586821912078449
3060.063272153628076921
3044.264213360781923257
3025.190898836570795538
3005.884989752090405091
2976.009485566350576846
3033.986051956512710603
3069.340114449928933027
3084.831750422983532189
3085.838650473709549260
3079.192606023471398657
3070.737551566567162808
3065.649711176011805946
3070.595969576581865113
3096.070761068901902036
3146.371886279271620879
3212.503265432613261510
3275.742472215511952527
3331.196897759885814594
3390.589246700596959272
3464.967844692093876802
3563.075444116359449254
3701.895379645180582884
3512.371478743797524658
3366.094489721695481421
3250.403287102162266820
3163.339807325377933012
3107.338597573601873592
3102.344313502163458907
3181.211831946046459052
3402.719946346914184687
3781.102142237136831682
4299.682201248364435742
4933.646913447703809652
5657.261870836763591797
6441.266721084763048566
7250.497563870269004838
8061.400247416271668044
8866.917470329195566592
9656.733295816842655768
10419.627828400654834695
10923.776737438967757043
11386.468093260811656364
11810.758069057281318237
12203.796782478122622706
12571.221803494998312090
12911.198861509976268280
13217.314257877122145146
13490.122574060673287022
13734.848335747305100085
13950.381636595300733461
14124.052997056642198004
14260.031735118684082408
14359.126298335480896640
14435.061868389278970426
14500.393789345725963358
14566.976839782635579468
14638.838970635539226350
14708.856847002562062698
14146.110176476511696819
13582.921300582569529070
13050.550492570346250432
12593.697015495075902436
12245.840828735219474765
12032.314926615244985442
11511.684411217500382918
11492.715705793578308658
11634.256588970218217582
11936.203326011942408513
12378.687635025538838818
12821.566228362029505661
13235.156307845603805617
13626.077408648186974460
13994.718375813083184767
14297.822764527058097883
14498.328206621934441500
14612.080611595129084890
14746.750256704837738653
14975.292852127562582609
15194.609501537062897114
15504.226897230581016629
15814.391701493696018588
15926.679497282830197946
15936.756650650453593698
15930.558190942327200901
15983.151360312198448810
16111.946119422871561255
16320.274000433611945482
16598.525771566135517787
16930.446391066823707661
17303.831783352168713463
17688.968481773084931774
18063.097781894495710731
18403.265011603638413362
18696.194843996741838055
18936.762925514638482127
19116.803660118210245855
19239.955446034040505765
19315.504120607565710088
19348.019502036237099674
19333.520008035200589802
19273.011509106949233683
19169.956299387496983400
19030.175331240963714663
18871.813792226974328514
18707.813224966641428182
18549.961959198619297240
18401.536516791253234260
18257.917735060364066157
18118.142486240409198217
17989.697746070076391334
17883.076539716566912830
17810.952705171970592346
17808.738356300062150694
17836.917148804604948964
17893.043196871465625009
17975.397014958718500566
18074.628820899462880334
18183.245031490529072471
18296.224888018237834331
18411.084831998268782627
18523.006285808260145131
18629.641857829868968111
18714.801859316343325190
18768.574891369185934309
18821.318444906963122776
18861.549028470559278503
18884.600366931070311693
18893.166572086920496076
18894.813121407856669975
18896.115993620267545339
18898.852954237765516154
18897.949577575058356160
18889.233464839344378561
18869.112827980286965612
18831.355047003042272991
18777.767926199801877374
18719.492721043447090778
18665.725431686398223974
18621.633079653252934804
18588.864013232065190095
18564.591772306248458335
18543.034404533224005718
18519.331286386706779012
18496.423615872583468445
18473.735229399342642864
18452.755238934914814308
18436.113256913195073139
18428.100000973408896243
3513.632376178901722596
