52.111887192523496992
53.082061178468606499
54.236566463503763202
55.173516624195990232
55.629907868178364083
55.891866352245877181
56.475562352277847822
57.151589042435588794
57.941273832328192839
58.887650620894760323
59.917173872647289556
60.954665389097115735
61.941863616051477948
62.765093926435028493
63.065433271064378573
62.642227038936056260
61.733431774868726905
60.950042770107259571
60.288839439116571839
59.089717690257501204
56.899472261741848911
54.049922546401845125
51.994204847374831502
52.337969448639825032
53.245791152867191443
53.130548616915419302
51.368901071657099067
48.140730918737347110
43.466993710339110635
37.462537930917278572
30.131202792316400974
21.980032940290570309
13.775446310866712452
6.104591092658367302
-1.306090347377903527
-8.379236547578642558
-14.562861127452180199
-19.814688719094817770
-24.894332204581417045
-29.919915905709189019
-34.552988942146043883
-38.188118456662863309
-40.874184402353250789
-42.788163165284260003
-44.424263886526148326
-46.090195398849317598
-47.502781036446464213
-48.084237418132715902
-47.760656499568057143
-46.761409033485165310
-44.874630352222396823
-41.271027284706917726
-36.101016184401061082
-29.462350619266061358
-22.222922981558326683
-15.245954829561355837
-9.234874398045263888
-4.162520083736438892
0.926305190830163383
7.274412520845373820
14.501533623843812393
21.357250713350907745
26.257978982124029699
28.906499475132420685
30.231568619116586660
31.758204092595320844
34.285016412640828776
37.765738731880333034
41.393366927496828112
44.340042737707335618
46.283989408072613969
47.327291086689200483
47.718365437874041390
47.809959212754762348
48.157319688372979272
49.110744188452940762
50.429923985655932483
51.332341614226265847
50.864533123179569429
48.504626398600862558
44.917949616268856516
41.682424972229028981
39.748663229413210729
38.699961136698419750
37.697324044042176183
35.933733677182743804
32.939198109609009180
28.856805602483149187
24.198053596665516807
19.356097112782293834
14.440231654356125546
9.618671227900648546
5.052346333909440546
0.909440447517823713
-2.721953161765469531
-5.821085093195847548
-8.371087027110831968
-10.537313560812947344
-12.563381526128182486
-14.479626784227491498
-16.054727810592851256
-17.063371182065338871
-17.417742677187277422
-17.259439000291365574
-16.999286839303863417
-17.019165874473401345
-17.475202989743593207
-18.165572281730817394
-18.668033602353773404
-18.713378320938602428
-18.392668398015757703
-18.080872700971667655
-18.224464183501254411
-19.025701473363028526
-20.357273694968114341
-22.078980433514345805
-24.072340239220864078
-26.161400751276175924
-28.209494654064315000
-30.175138186948629482
-32.063978591910768046
-33.836169183407321270
-35.342062743344797582
-36.340593079616098748
-36.838588622839210984
-37.136007414493178658
-37.287256368880719037
-37.226215912301313438
-37.016094457285589669
-36.844215634581303220
-36.877079462046708613
-37.126510474388112470
-37.436038710547791197
-37.582856026445085718
-37.352613733730265722
-36.609988737257310731
-35.416739131676195029
-34.028541852972921333
-32.735466593084254328
-31.725804551959754463
-31.035109159051955885
-30.556883904593007628
-30.119736026340035551
-29.603388225567584868
-28.990059288746806487
-28.303413148589186221
-27.596811402269565860
-26.958720905648249300
-26.483193235015448863
