2292.855678696948871220
2286.398298141581562959
2254.082698368702040170
2166.888024821806084219
1995.906135526169464356
1731.983923358426636696
1770.288595150891296726
1762.782176853339024092
1726.816655223874704461
1677.314344220563270937
1618.491001297013553994
1557.976692132880316422
1508.602014551699767253
1475.379822493627443691
1431.511320545256467085
1363.453280149941292620
1290.542876230681713423
1278.946396842595731869
1337.422969783842972902
1404.934404988832056915
1286.967529168640794524
1311.399717206029663430
1486.245967275033308397
1352.236430123261015979
1323.329154667528655409
1338.792150241441504477
1433.671364515806772033
1545.028185200794268894
1689.917447022999340334
1923.569544944338304049
2399.164755277295171254
3251.293646250192523439
4534.021748003115135361
6178.111699865635273454
8046.712902765530088800
8471.365065169475201401
9026.315112636117191869
10879.015227766079988214
12579.716232406346534844
14100.683876046354271239
15430.748151001524092862
16568.383000877733138623
17517.405791119970672298
18284.510842047970072599
18877.778213588331709616
19305.764993390435847687
19576.845326453552843304
19698.657173836152651347
19677.657354350561945466
19518.805389694185578264
19225.305357117351377383
18798.358790154314192478
18236.916083517637162004
17537.533709752922732150
16694.284785800820827717
15698.921110256178508280
14541.399142486534401542
13211.023602409855811857
11698.447101141671737423
9998.948598945798948989
8118.168073098452623526
7615.608476267497280787
7163.036610810333513655
5094.628741039237866062
3193.685974686644385656
1630.633382355443927736
593.936073559733245020
85.033725857291898365
0.000000000000000000
0.000000000000000000
0.000000000000000000
0.000000000000000000
0.000000000000000000
0.000000000000000000
0.000000000000000000
0.000000000000000000
0.000000000000000000
0.000000000000000000
543.060122637730046335
13.017930673560151433
0.000000000000000000
0.000000000000000000
0.000000000000000000
0.000000000000000000
0.000000000000199395
0.000039241848235669
60.136758281173172236
366.572399714754965316
1012.744432690981284395
2024.783987714816021253
3328.178462984236830380
4773.852359364275798725
4935.618082963069355174
5191.175995946173316042
6416.159223390301121981
7426.986269849436212098
8210.148122687311115442
8769.640276604182872688
9119.350037897389483987
9279.638461123828165000
9275.168780709185739397
9133.395776533838215983
8883.837271087499175337
8557.859114593895355938
8188.941574022564964253
7813.532208449201789335
7473.588273363186090137
7211.789805387707929185
7024.903165925466055342
6937.599638919014068961
6948.497186828380108636
7016.044897124434100988
7061.704506429268803913
6856.628685048553052184
6667.550132162880800024
6490.162488433011276356
6303.901779658222039870
6143.824471692706538306
6024.342035678832871781
5937.892021354874486860
5859.555100306179156178
5791.589424789197437349
5724.773494051888519607
5757.691823300635405758
5926.074318455258435279
5976.905197614322787558
5980.698608363844869018
5979.196246625830099219
5972.020065570124643273
5918.616329687146389915
5778.745990798381171771
5546.040019427826337051
5268.422783471168258984
4987.613017366524218232
4743.131346111582388403
4599.317262458058394259
4555.733944362159490993
4534.578562561594480940
4474.387641089918361104
4346.552617141302107484
4149.499424303514388157
3915.413402245507768384
3697.219787645314681868
3537.610271957887562166
3414.119885984572647430
3336.671167857024101977
3300.612168999445657391
3290.715859822324546258
3267.887088896735804155
3346.235012015612028335
3342.094904886950644141
3308.720012210238564876
3260.590034248599295097
3203.125290666081582458
3128.026313891461995809
3198.612369019353536714
3231.071276523865890340
3230.717573309422277816
3206.657155364329355507
3169.923810418034918257
3130.399688980229257140
3096.810206864681731531
3078.797913425018577982
3088.884481392754423723
3131.625062291087488120
3199.037185826424320112
3273.674095107051925879
3352.485500172388128703
3449.060032527674593439
3597.335319642507784010
3744.587744297471999744
3890.673954237867292250
3994.252209410548402957
4096.576354247696144739
4197.601132973553831107
4286.934910075713560218
4376.405460431237770536
4469.259742835729412036
4567.817631598750267585
4666.697963890848768642
4766.463426541753506172
4867.760567798059128108
4971.314569316822598921
5077.918941714228822093
5433.611755613024797640
5772.063222915320693573
5893.102499618136789650
6020.796672050930283149
6156.030678523283313552
6299.636308846221254498
6452.372501161321451946
6614.909297784313821467
6787.816138790974946460
6971.554718960083846468
7166.476174711619933078
7372.821950337216549087
7590.727352240080108459
7820.226563819269358646
8061.257779925317663583
8313.667139000341194333
8577.210287630281527527
8851.550704345279882546
9136.254324245601310395
9430.780526184611517237
9734.470130914627588936
10046.531665246955526527
10366.027704890720997355
10691.863537880666626734
11022.780598336548791849
11357.356146330661431421
11448.894491049441057839
11521.618269103722923319
11856.615150297198852059
12188.945618493380607106
12516.165035342846749700
12837.050482960166846169
13149.994529134277399862
13453.487349181079480331
13746.147362871839504805
14026.745088971447330550
14294.220114347039270797
14547.691800395168684190
14786.464707906110561453
15010.029725862077611964
15218.061655065424929489
15410.413679714381942176
15587.108907068730331957
15748.329081245125053101
15894.400743667531060055
16025.779517003582441248
16143.033734455011654063
16246.829132326449325774
16337.916519970787703642
16417.124018226393673103
16485.354520931017759722
16543.587588546266488265
16592.883344934638444101
16634.384575611758918967
16669.312595939518359955
16698.952904963058244903
16726.449992310728703160
16918.896500153052329551
17087.452572752677951939
17109.200247646564093884
17131.681792705388943432
17155.879533665585768176
17182.350533300341339782
17211.376628532412723871
17242.957202182085893583
17276.816660619890171802
17312.424451216247689445
17349.024985552168800496
17385.675000370789348381
17421.286418494433746673
17454.666667800804134458
17484.368085979458555812
17509.441146724850113969
17535.390162590683758026
17564.498092639376409352
17602.267319945116469171
17658.585050666799361352
17746.743694827120634727
17785.632898260781075805
17853.665113110822858289
17949.848257495341385948
18073.239855842159158783
18214.061695529606367927
18363.874876471043535275
18516.378467877482762560
18667.521198941954935435
18810.411147957711364143
18940.735295647464226931
19041.763673265464603901
19106.458828864109818824
19166.336510144330532057
19212.334881950417184271
19239.719350079987634672
19249.527293900999211473
19248.040849674136552494
19241.380985253817925695
19231.117273163719801232
19211.701877401836100034
19178.412257690859405557
19127.107567397484672256
19051.045661691907298518
18952.537309934923541732
18844.446539733915415127
18737.842861080524016870
18639.530027916061953874
18552.526682671934395330
18475.073413921854807995
18402.323329152677615639
18330.497011170078621944
18264.212728308229998220
18204.232539414952043444
18153.379656639859604184
18115.445902537019719603
18095.895112649290240370
3734.717845250221216702
