52.893850551455102504
53.600069047082705254
54.616492687606950085
55.668915428444670113
56.482018448206488870
57.077921203710424436
57.334188277547120549
57.584819848486525018
58.114264772634527390
58.942304294844610979
59.920159319475345683
60.926922642919898010
61.898931625069089080
62.728474309063969372
63.017524757041755379
62.531263235123823563
61.525251603217220975
60.724673538948749751
60.217035158903861713
59.512720134134333705
58.626760431792746431
58.062680515309430973
57.455117091037010368
56.403777008304281537
55.099069802237082172
53.649051959977093418
51.511172571120795283
48.635253962839641417
44.777113027279838775
39.534791449173965816
32.234219693474798873
23.324716425957134902
14.268981967467709637
6.074154449906103537
-1.594416060881528097
-8.879519781167573456
-15.401776883930580198
-21.185794809130641170
-26.964638429495238370
-32.775824964201433431
-38.190971312641948998
-42.537219184555340235
-45.829650416430183668
-48.240493200842053056
-50.277184832686259597
-52.267538703679718992
-53.946940643903616319
-54.749292145218561245
-54.602743117557196229
-53.728334476707317435
-51.896346994776337169
-48.252538353064323928
-42.919456533504245499
-35.970217539393985362
-28.259396248343620073
-20.657425684856889347
-13.903424655581034131
-8.036457740833100161
-2.188158403987188194
4.802259514826829445
12.514199023314233727
19.737768185192720694
25.045989462608901022
28.428931728894667685
31.130013810364260962
34.655859657698186993
39.160436207913534190
43.770543061477724223
47.557789194370030827
50.339423868671588025
52.260688600197767073
53.451784197712839841
54.064595607402225141
54.382874117560646710
54.925760212130285254
56.025755520921819652
57.433716739698837728
58.361913791446113464
57.851074023496096288
55.372953012344481749
51.589614535672751572
48.073781744654098702
45.767021155577310765
44.240791981306813341
42.639464418431515469
40.118052169120232975
36.105498777841006586
30.691209609623143706
24.674607526365946342
18.894960616535144027
13.609216529638672455
8.825822979842683935
4.467912068683659754
0.516369583862342552
-3.047511972376469203
-6.237256919191025872
-9.014744478010925377
-11.489245610740084658
-13.836445344905769161
-16.027316592477177437
-17.792497443421552816
-18.893589049187482942
-19.251186404857151047
-19.029714655975624282
-18.669806311780916985
-18.584245459793919508
-18.956975110688290442
-19.607181864620997658
-20.122369132608866948
-20.226969321375975142
-19.987143200906245966
-19.738527495886842189
-19.886857692153284916
-20.609890909681553239
-21.782708409396377647
-23.290150564624127583
-25.047748873663863378
-26.910160632574388728
-28.761699851969865449
-30.571286638170022343
-32.346360645718846172
-34.043169308664460004
-35.505050084989363768
-36.482593504994497380
-36.974188887250761582
-37.272380347690841518
-37.426089373129912019
-37.365972970711368362
-37.154106031921799058
-36.978288140707604725
-37.006330835790038236
-37.251227918807046535
-37.556677815486239069
-37.698688444494109717
-37.460825820641218797
-36.706105792738128457
-35.496660391781347244
-34.091215900525185134
-32.784575984668947513
-31.769537438139138885
-31.084227232725481826
-30.622010033170340648
-30.209097905621376867
-29.721904445723509980
-29.139418401088391875
-28.482037561521792668
-27.799256089647883528
-27.174748214504234056
-26.697511550545641512
