653.452843805263000831
421.225942346129613725
299.336891535512165774
242.298877851618300383
219.038929469168579089
264.558732196611003928
124.628974166500100296
66.051399731107949265
41.673343816086969582
29.982060364695882981
21.955901613206954437
15.989950087715579130
12.945575632390358578
13.322252798482361769
13.015057109449713835
9.310926131640254511
5.012759385949220992
5.275841028242250985
11.668789677992361220
27.248505865758872346
109.637996801844280981
532.936593672254957710
1459.503279046497937088
695.777664549981523123
375.728336823318329607
343.232509664353869994
436.804660705840376522
647.401991169729740250
1024.047454914335958165
1659.544685220143946935
2475.809891970803619188
3562.805906698361013696
5006.871744589613626886
6757.242397050509680412
8672.493203741090837866
10627.257731825522569125
12577.015552302891592262
14455.601355242941281176
16144.906147000736382324
17603.409108576877770247
18839.604462448372942163
20085.288668897675961489
21159.812353696761419997
22046.176761102720774943
22710.879053974771522917
23135.725259055965580046
23353.371298154750547837
23425.346093079111597035
23363.224655566718865884
23143.309466980645083822
22780.236141288976796204
22363.578708343462494668
21868.418545231750613311
21293.773176556234830059
20553.451606511422141921
19572.171509876254276605
18283.970397624438191997
16684.079677057081426028
14857.342585701317148050
12952.692795232478601974
10960.883525298893800937
8816.833630162467670743
6428.649454008173961483
3860.036970997359276225
1327.136366711859636780
2616.929605896180419222
1095.099911075489899304
200.458923273492644057
0.000888858034278516
0.000000000000000020
0.000000000000000000
0.000000000000000000
0.000000000000000000
0.000000000000000000
0.000000000000000000
0.000000000000000000
0.000000000000000000
0.896628336538757731
594.166833086043993717
15.153568740009777827
0.000000000000000000
0.000000000000000000
0.000000000000000000
0.000000000000000000
0.000000000000000000
0.000000002168056278
115.265217042388314894
419.639908808355301062
1070.593584195403082049
1989.326311573437578772
3003.205604048469922418
4065.925678265447913873
5104.276416098484332906
6105.724800969741409062
7040.533151684558106354
7867.504986324486708327
8615.362007158801134210
9248.124433262944876333
9705.642475371891123359
9980.792196688675176119
10146.973689132450090256
10244.490193964054924436
10300.988498594877455616
10330.957390946001396514
10250.005258688375761267
10018.853405597490564105
9608.002151881459212746
9058.831923366147748311
8477.309114797681104392
7933.620048304553165508
7417.095245487730608147
6878.280013351351954043
6234.294001952710459591
6352.800667704789702839
6410.509936291586200241
6414.373464220599089458
6353.060447806517913705
6270.224265974232366716
6187.669764953198864532
6103.796662044205731945
5996.703495340711924655
5868.142696265957056312
5705.349906237744107784
5619.562970673363452079
5678.587334641106281197
5621.539644734893045097
5545.330678182317569735
5494.739380978044209769
5456.078074604475659726
5375.904948591124593804
5208.462646526742901187
4946.815796830012004648
4640.248117348693995154
4330.160860345726177911
4054.432968616138623474
3876.229482043845109729
3795.155049931716803258
3735.424453576116320619
3638.221613646656351193
3476.575163090864862170
3249.022320172679428651
2986.682214858385123080
2740.910023072929107002
2552.724899661103791004
2398.173507701066682785
2286.437355499808290915
2213.681614102227740659
2168.292597237579684588
2120.744633450512537820
2714.543564435977259564
2548.240053457614067156
2438.531311264741361811
2379.068977024350260763
2367.737611508827740181
2409.461013098391049425
2339.186202712353860989
2309.796233716101141908
2284.668129825844516745
2250.081401099293998413
2209.117233914192638622
2166.018566287489647948
2121.843463720325871691
2082.238764751820781385
2073.653327948781679879
2112.069734116027120763
2178.813998243035257474
2217.965157352348796849
2222.805776918020001176
2238.537222504764486075
2307.797298708472681028
2562.529678017957849079
3104.665872094248243229
2567.180605074323921144
2287.603980544686237408
2170.584926835782880516
2142.123124525543971686
2175.582332625375784119
2291.873815746998388931
2544.114448266691852041
3017.809248388050946232
3738.810137690556530288
4680.787029501401775633
5792.931481288762370241
7016.906261606678526732
8291.924623261113083572
9556.133502789840349578
10766.807417785827055923
11905.430535336143293534
12954.917033329737023450
13900.733409809416116332
14700.418177101810215390
15385.842266471090624691
15967.097036776282038772
16459.211809558659297181
16875.035552488152461592
17217.919946074471226893
17484.532115586396685103
17677.506727352018060628
17802.741550166367233032
17857.032586496581643587
17822.504471677588298917
17698.519323881053423975
17479.700415081457322231
17174.151986403066985076
16788.077950039049028419
16326.655585404236262548
15786.983273448020554497
15155.930199711074237712
14417.769470339160761796
13593.657176842603803379
12727.871561518117232481
11885.968388706021869439
11129.615241099589184159
10522.953854997625967371
9597.022866650018841028
9344.199019967367348727
9432.113073972808706458
9930.140482967868592823
10501.570974752532492857
11028.866086823300065589
11536.627520302135962993
12035.393005286345214699
12525.946378802429535426
12942.578924279401690001
13228.709379027764953207
13407.769250316549005220
13570.455223659229886835
14263.898731157094516675
14218.944598200054315384
14751.370367007913955604
15205.654567629842858878
15377.739052142887885566
15411.597892666914049187
15391.547789448255571187
15391.382391103008558275
15535.236086915418127319
15828.450953727257001447
16317.694098018038857845
16926.964211468050052645
17616.713797585514839739
18334.432887426904926542
19039.360438864903699141
19694.649343610035430174
20277.628994858874648344
20777.488306426101189572
21182.413997078409011010
21494.994482975293067284
21724.868126735720579745
21876.856398694602830801
21946.418077600119431736
21934.180163597982755164
21843.142487598808656912
21678.532359535769501235
21458.515963146532158135
21195.090633542637078790
20898.413787925575888949
20568.922640854656492593
20198.266342957249435131
19782.227804575948539423
19326.338181591370812384
18840.298900458488787990
18337.256438590800826205
18564.915964413950860035
18775.288386837859434308
18970.423689944949728670
19154.136306332777166972
19322.605586500911158510
19474.160028179823711980
19609.437410918417299399
19731.031152380521234591
19837.999049849535367684
19930.970918685998185538
19994.653085033114621183
20019.620124684497568524
20039.125704262060025940
20040.970859279019350652
20020.052934293547878042
19979.091876314520050073
19926.049032362912839744
19867.867779473181144567
19806.395969664816220757
19736.196938622546440456
19652.942341458470764337
19553.126452896663977299
19430.661868427800072823
19288.411791678685403895
19139.520123017595324200
18995.130856792453414528
18861.992119138983980520
18742.870299353780865204
18635.428869276820478262
18533.842536265943635954
18433.058601613305654610
18336.413710792890924495
18243.705951595544320298
18157.359509298614284489
18081.368312731647165492
18021.516527024577953853
2540.955501560449192766
