53.029619773960291695
53.778735640015000286
54.848666837893858883
55.993967602910288406
56.928704171524827871
57.589522594526940225
57.768157655974327724
57.863218684673007886
58.249344074183206033
58.972120737953190428
59.877985743968608290
60.840879386455675615
61.802560983885342694
62.657843764986822066
62.982911889160199337
62.509139492407662431
61.486734036798836200
60.674301462529385276
60.155644853329974353
59.399829993592838662
58.405689218895943782
57.778553015601097798
57.500873753493692675
56.919489993935897587
55.794266767669732587
54.173759043744922792
51.731728446189293891
48.526278676469672746
44.336600930307525914
38.839831592839090035
31.510337987897457879
22.765649988318457986
13.806981227446897265
5.548133630402929839
-2.269160990311604564
-9.683978470991917220
-16.246730985634883382
-21.952026374767001471
-27.535970965600029103
-33.060563207398132590
-38.129355607302045428
-42.098509546195401754
-45.005877184741734709
-47.041698477579473092
-48.729398432800479668
-50.412852078299323466
-51.844710746436419413
-52.477744002999145323
-52.260470826586754356
-51.435262179742124999
-49.793609070286947826
-46.500505239584128958
-41.692801677831539564
-35.448557466908710012
-28.611825872191047893
-22.019660576498438331
-16.348047422624489400
-11.540702877575512275
-6.608904793122434285
-0.265597546771459747
7.175719625560844861
14.573078626091074739
20.516949725124305814
24.950854848030729727
28.980136352079512108
33.872305703387439735
39.552332257461500831
45.105635385063408194
49.660917264220273637
52.974370616106511989
55.163278516967551468
56.401127677792317172
56.885714915312576068
56.929069254246087439
57.055385700492024625
57.572853212267801837
58.203488898232308202
58.286060404353463582
57.248993290615430851
54.775825361211474274
51.247744313008411154
47.918569248274081929
45.675325681574605596
44.148796012242030429
42.534531484171026250
40.018520331141075985
36.049136344966115075
30.725961419322231905
24.833553585147029708
19.166952470042105006
13.949755918605063698
9.180771390370409790
4.785547302104959044
0.753756489790873729
-2.918749159882679578
-6.224698146294116441
-9.101738470830753158
-11.638481215953333958
-14.000534525246450812
-16.161743464613721244
-17.865773607664664269
-18.892100605480095510
-19.178895904353396418
-18.904314086527222116
-18.517267335165229269
-18.433323861671965460
-18.834493910727019284
-19.534348072717477862
-20.112257998123197922
-20.283432768896091147
-20.105317737954010227
-19.906690357910747480
-20.088956034614625423
-20.828057176777008408
-21.999428470299278615
-23.489983955785419312
-25.218472232454359983
-27.043316974000504160
-28.852727701842297847
-30.619291399002122489
-32.353378940227855765
-34.012914925257518917
-35.441618010221191071
-36.389916221782868888
-36.856462250262779889
-37.134565368155392662
-37.273757352598920534
-37.205025515139595882
-36.990975755970566752
-36.820230966223334690
-36.861045670089595205
-37.125564241903305174
-37.454893655740534086
-37.621062084766663247
-37.403403486947752299
-36.662109186937982486
-35.459303926448114908
-34.056553973103575572
-32.752767014619564634
-31.744000192778457858
-31.069360190452812276
-30.620644814827926439
-30.220848214912166441
-29.743067272766950282
-29.164102909123528207
-28.503696581881342809
-27.812208166135121701
-27.175444313189700551
-26.685035380115323278
