3010.144302881247313053
2950.252039886651346023
2868.668139621493082814
2762.958514361137986270
2628.056374610689999827
2457.240857308152499172
2540.130214559059822932
2584.342763506553637853
2595.990313226535363356
2582.974676162458308681
2553.210529407899230137
2513.814683612776207156
2470.885967224435262324
2429.433954505220754072
2393.049700878196290432
2363.162551191970123909
2338.584524007195341255
2316.257525193939272867
2292.394926449424929160
2263.274730982684559422
2225.858721192361372232
2178.612902444845531136
2122.834971216568646923
2146.281932867697832990
2180.985838816130126361
2248.548257268677389220
2378.309557762129315961
2605.351441477793741797
2965.760958746461255942
3489.230076151514822413
4191.059051927394648374
5067.459658758640216547
6097.322775591830577468
7249.040434654541968484
8487.819785909778147470
9780.581356183904063073
11098.442001862935285317
12417.471969845450075809
13718.501136606797444983
14986.596295150862715673
16210.458913706446764991
16707.590929360532754799
17144.167351595548097976
17513.866664091074198950
17811.925869504855654668
18035.014957203682570253
18181.123394945960171754
18249.425513668382336618
18240.143727402853983222
18154.477501200904953294
17994.583733324947388610
17763.548585912049020408
17465.331358020372135798
17104.824339405771752354
16687.923565621993475361
16221.678931074582578731
15714.448848322595949867
15176.049864985234307824
14617.862939261471183272
12942.832176126134072547
11275.813808628376136767
9635.665661483481017058
8046.140696818264586909
6536.320967178277896892
5139.959857040355927893
3892.757120049569039111
2852.215562026375209825
2040.911981005400775757
1458.542768402424599117
1080.052390267599776053
863.061391810492750665
760.243583143264004320
729.663520816906157052
739.271284183496845799
767.039837415634565332
799.316728044665410380
828.837321699719495882
853.021170596267438668
872.685716489260471462
813.781352567703720524
759.680687192114191930
719.472074242701069124
706.301725687773114259
737.991594293491971257
837.068077240916636583
1028.573587090104638264
1334.481790360005788898
1766.015224202871650050
2318.251492683834840136
2970.174445512931470148
3689.560721623689460102
4439.772869115895446157
5185.948429154552286491
5898.660428934039373416
6555.272729861723746581
7139.831834373345373024
7642.323967354901469662
8057.650343142883684777
8384.748233721202268498
8625.868727919889352052
8785.886227491844692850
8871.623538569712764001
8891.342604210674835485
8854.334505959614034509
8770.571486885102785891
8650.408284007100519375
8504.218928791828147951
8342.010713363917602692
8173.053041741062770598
8005.586895374782216095
7846.614199000949156471
7701.729928172705513134
7575.007950497983983951
7443.121195270858152071
7332.978327354277098493
7244.372384576401600498
7176.031646545756302658
7125.845973732411948731
7091.107678240796303726
7068.721043692403327441
7055.382732392199613969
7047.740789574149857799
7042.539202278770972043
7036.743636638480893453
7027.637994468296710693
7012.890337817065301351
6990.651859345784941979
6959.597362908994000463
6918.944791581679055525
6868.462956183678215893
6808.463909384253383905
6739.766052216557909560
6663.621188249144324800
6581.611072277504717931
6495.534150422052334761
6407.290149329839550774
6318.770856755528257054
6231.764112835902778897
6147.865961393620636954
6068.408534554515426862
5994.416132936124085973
5926.594775745403239853
5865.353649459871121508
5810.848007017491909210
5763.028044476121067419
5721.677884301663652877
5686.445117344924256031
5656.851754763562894368
5632.307826089984700957
1858.809045417910283504
1950.658902609459801170
2046.597839964884542496
2146.454984100459569163
2249.983038182715972653
2356.850966298739876947
2466.638747130348292558
2578.833835922042908351
2692.829470221972314903
2807.924870347150317684
2923.327300472392835218
3038.155881013535235979
3151.447006935731224075
3262.161243848236154008
3369.191653818749728089
3471.373649046728587564
3567.496670932382130559
3656.318217669832847605
3736.580961439109614730
3807.033848656780264719
3866.458121388967356324
3913.699062022586986132
3947.703930132023288024
4040.365402606518273387
4118.112501546223938931
4180.407143191448994912
4227.003389467136912572
4258.002224718314209895
4273.900743598008375557
4275.631307983356236946
4264.586470492526132148
4242.626304414535297838
4212.066119414565037005
4175.644197898061065644
4136.470876911833329359
4097.961806559254910098
4063.759316274077718845
4037.646259765490867721
4023.456766119314579555
4024.987851632126421464
4045.915092365457894630
4089.714651810085797479
4159.592987263956274546
4258.424866885261508287
4388.699486195679128286
4552.474153492638833995
4751.334719301423319848
4986.361823838781674567
5258.102072500872054661
5566.543393170975832618
5911.094069367973133922
6290.565268183800981205
6703.157295552009600215
7146.450304358673747629
7617.400763578012629296
8112.345643974158519995
8627.016976134540527710
9156.570125667058164254
9695.629717857258583535
10238.357466497893256019
10778.545983517127751838
11309.741670248897207784
11825.397712558424245799
12319.054806792486488121
12784.542553964001854183
13216.186791892758265021
13612.416146352077703341
13969.477568375465125428
14284.515346263375249691
14555.618578343046465307
14781.805535441362735583
14962.945465337348650792
15099.629719376780485618
15193.010852588966372423
15244.631238043610210298
15256.261645957758446457
15229.766125821108289529
15167.003860082117171260
15069.771948202880594181
15225.175345034924248466
15349.268664230976355611
15443.481448874003035598
15509.294185846370965010
15548.322480069815355819
15562.411862976574411732
15553.730684278376429575
15524.846741938643390313
15478.774250938795375987
15418.980896476201451151
15349.349806486421584850
15274.097442912197948317
15197.654399773056866252
15124.520667210977990180
15059.109265049908572109
15005.592103540100652026
14967.759931230326401419
14948.905064280808801414
14951.732097508236620342
14978.298628384960466065
15029.985554620287075522
15107.494844765620655380
15210.871740911530650919
15339.547952991906640818
15492.402335773693266674
15667.835629428620450199
15863.855951551293401280
16078.171792440853096195
16308.289251309564861003
16551.610182892924058251
16805.527861620099429274
17067.516769737190770684
17335.213258613970538136
17606.484151690532598877
17651.494522496348508867
17696.825239033798425226
17741.428747960108012194
17784.599614787177415565
17825.947473911463021068
17865.360340951585385483
17902.961018610883911606
17939.059261164125928190
17974.102171369951975066
18008.625029096871003276
18043.204447708147199592
18078.415433438636682695
18114.793621208107651910
18152.803665048075345112
18192.814476148487301543
18235.081721018370444654
18279.737708451059006620
18326.788509082714881515
18376.117867229615512770
18427.497183757459424669
18480.600600016659882385
18535.023998294513148721
18590.306585330268717371
18645.953662584586709272
18701.459205804490920855
18756.327006801642710343
18810.089336069118871819
18862.322365853764495114
18912.657900406524277059
18960.791273868744610809
19006.485536305364803411
19049.572252456979185808
19089.949356405344587984
19127.576539524834515760
19162.468278521308093332
19194.657784569884825032
5378.496118673115233833
