51.614109754920811213
52.918715545551876289
54.383241127850354246
55.667921678692003695
56.610323083901796792
57.253495359968781031
57.171623699850471212
57.210072855171397066
57.756566505171150538
58.713337693018416985
59.842837107982091993
61.004176303045689167
62.147297899325025128
63.133316364987472014
63.452188338902438147
62.804123191097204426
61.554925341748180756
60.654740568552760749
60.244903204031572841
59.706051086103762771
58.944034651974980932
58.403912343249345440
57.840459622046367372
56.777698646762850387
55.477491722989888956
53.979664215790648996
51.776543064407022143
48.860244184628470521
44.994076110597745810
39.860944527964363715
32.974809221138315252
24.649959257535556389
15.740303030423547170
7.012943183538354219
-1.628642503801614794
-9.959486012828875801
-17.315548612536588280
-23.577591636978723955
-29.460207192441060897
-35.064925977967504878
-40.061744429940546297
-43.874623719691754786
-46.597197904315891037
-48.459635916571897951
-50.010514241673689639
-51.606647113142742000
-53.003856351027451410
-53.650177283072025602
-53.482800567545950798
-52.727094840543514920
-51.152589586598480764
-47.898063442408954415
-43.070818709581516259
-36.717432273562877754
-29.650728862131444430
-22.680087478087727959
-16.462092358334075470
-10.935718024056058084
-5.130364997439357921
2.190103717749593670
10.617660780727305792
18.863344168675524770
25.318561936307077076
29.701667515436611211
32.948522180758715194
36.371889308719005385
40.308925823606330141
44.457609459355609260
48.244418854152257836
51.257579932445906934
53.334628553757767122
54.517878631317643112
55.003864762454526272
55.148262657407059351
55.526121077563090012
56.502088840425699345
57.837357558779302735
58.733073292408334964
58.202321895426990750
55.702586770025135365
51.921570157245270138
48.467370986514907827
46.292969317156234865
44.957026225102339367
43.591914340554495766
41.392706176737874557
37.913247866748633896
33.272827582400537949
27.911335674895298098
22.171350334919253555
16.183548162880754262
10.201300312102802081
4.489417208255105152
-0.696806205720008620
-5.210672217496949088
-8.999337365857513760
-12.033838508618714513
-14.480850559903444719
-16.593634392050034876
-18.417713250756492016
-19.742351647086252342
-20.369795720822423846
-20.248098734415179933
-19.562205255526976089
-18.769895668082540396
-18.297289185334534523
-18.335154127964358395
-18.701583437997385317
-18.977773609499251961
-18.883120926100673387
-18.486396094402380186
-18.135089329502079636
-18.251360611061784311
-19.026107661414812355
-20.338178046560983603
-22.065046334469343492
-24.105496987621904736
-26.291612127066116500
-28.483261775834250784
-30.625736211108005591
-32.704075212570501208
-34.652916276235828263
-36.296618700918941158
-37.374876345998757188
-37.888458045314962419
-38.144710102661122164
-38.213959354891130715
-38.050639465645815562
-37.741473120071475478
-37.496555653249231455
-37.496927829116486919
-37.752953110455450769
-38.087889826847742825
-38.245021903895349169
-37.975172409556080311
-37.123714929500692961
-35.761027696197686510
-34.178828164501226183
-32.715601129681829207
-31.599247544700915569
-30.879775451194177549
-30.435113537205495504
-30.055973685330229728
-29.577491697420214223
-28.945252762742995856
-28.161904048402163880
-27.276727692027463945
-26.387707182319104504
-25.605600521376118195
