2243.744585387393271958
2234.371920485563350667
2189.087746105141832231
2093.043510534765573539
1926.637242899127159035
1699.999614859446410264
1723.887912772391246108
1702.000600638130890729
1655.517011395179679312
1599.157141170705472177
1535.586973420244930821
1471.351341098796410733
1419.225988152310037549
1385.705199674365758256
1343.618287555217193585
1272.597488781209449371
1190.720640446420475200
1162.615940549834022022
1191.817430134389724117
1224.511593172735501867
1254.540740989892356083
1249.066984187241587279
1425.129619163593815756
1249.707801809797274473
1260.945887808379211492
1312.329733877061016756
1368.544000755777005907
1462.107290285300223331
1615.704458080583435731
1867.607443012420162631
2285.918168712734768633
3656.757034965400634974
5618.101865270929920371
6944.362328883498776122
7579.574987035058256879
8092.253197802344402589
8610.771077902400065796
9289.268081390886436566
11424.988134692319363239
13599.794198160321684554
15447.164664981990426895
16995.180865263926534681
18271.167921794240101008
19298.843529222060169559
20098.185918635786947561
20685.584929081811424112
21073.944489994853938697
21272.684813499228766887
21287.702599308431672398
21121.322946570384374354
20772.205809560040506767
20235.168193258934479672
19500.826497481601109030
18555.130248294928605901
17378.643514069222874241
15945.770892575977995875
14223.931317137537917006
12174.623999848630774068
9882.975127373321811319
8739.609754671266273363
8325.416406543992707157
7898.800899945254968770
7237.415863293434085790
6295.777568344059545780
4825.853066424909229681
2451.907100585711305030
686.512509758747569322
1.120592667363999650
0.000000000000000000
0.000000000000000000
0.000000000000000000
0.000000000000000000
0.000000000000000000
0.000000000000000000
0.000000000000000000
0.000000000000000000
0.000000000000000000
0.000000000000000000
538.439448699178456081
0.924872973110286711
0.000000000000000000
0.000000000000000000
0.000000000000000000
0.000000000000000000
0.000000000000000000
0.000000000000004083
0.001105963817786198
437.435767184079793424
2009.597539006605984468
3644.136638031006896199
4300.026458152367013099
4748.634863917855909676
5176.246625783152921940
5623.979140902447397821
6102.093005442554385809
6649.521305491401108156
7378.872803992780063709
8200.088654969771596370
8877.990773320598236751
9260.519750491388549563
9365.261162201441038633
9288.577965981279703556
9148.515825071737708640
9022.258013364405996981
8854.451394270397941000
8611.014018393028891296
8264.023706903844868066
7857.076900082314750762
7499.864579982679970271
7266.953082157923745399
7151.380026314939641452
7105.912240876726173155
7048.072698658106673975
6817.738783682131725072
6612.338826614740355581
6431.181981476041983115
6253.545013267798822199
6112.509956915405382460
6018.793888488943593984
5959.941100882733735489
5904.126578919494022557
5844.496874270544140018
5761.157646291067067068
5759.328653129277881817
5902.204313652105156507
5926.605423618202621583
5927.232086742571482318
5947.697009232360869646
5974.017376636616972974
5952.981153864465341030
5839.259074093796698435
5626.401702581539211678
5364.204858813922328409
5094.690010616177460179
4856.386142937094518857
4712.988052969493764977
4664.413858330082803150
4634.852498084563194425
4565.244418431893791421
4428.502063121142782620
4223.449444065951865923
3982.000353119300143589
3756.779786417633658857
3590.386330085678764590
3460.424930936135751836
3377.179726369894979143
3337.056299678889899951
3327.584166416730568017
3317.394806971848538524
3623.184437270168473333
3611.203021946943408693
3569.696705486754126468
3511.356557905226054572
3441.102688206699895090
3349.292594528151312261
3404.925230321113303944
3427.028735329186929448
3419.751899000244065974
3390.994116284608026035
3350.759216982486577763
3308.102459215171165852
3271.152686138460012444
3249.131525646591853729
3254.623629109232297196
3292.748483575450336502
3353.858298690157425881
3417.451430826776231697
3477.811810674642401864
3546.523398110503421776
3632.318549954013633396
3749.152772270556852163
3869.742913005785339919
3904.998259351097203762
3938.213055178821377922
3984.733430222780043550
4047.305755800977294712
4122.754438647551978647
4215.295062604692247987
4336.340629139662269154
4504.689052507849737594
4626.851612099075282458
4759.764760314244085748
5066.674112971858448873
5525.580335650910456025
6018.203023808274338080
6498.212673430610266223
6919.812553242370995576
7061.791682369197587832
7152.628479430549305107
7256.720328599388267321
7375.416736872053661500
7509.621189281116130587
7660.079380922012205701
7827.382322968340304215
8011.975289147338116891
8214.170858125840823050
8434.163592909364524530
8672.043720002640839084
8927.807205591869205819
9201.359882148039105232
9492.513744491789111635
9800.974210006081193569
10126.318000881552507053
10467.962335733316649566
10825.127258157213873346
11196.792465815487958025
11581.374881521078350488
11955.929836558763781795
12088.201890503820322920
12048.507013904361883760
11971.809413971906906227
11916.931529261186369695
11919.359996079641859978
12050.629124292981941835
12406.852011942288299906
12799.707245020283153281
13181.004255701045622118
13548.292607027549820486
13899.439668248847738141
14232.556430324815664790
14546.006090521188525599
14838.397361107421602355
15108.566057806521712337
15355.549861566778417910
15578.560937660169656738
15776.960325412135716761
15950.237069792072361452
16097.994273608339426573
16219.943786466506935540
16315.911111552792135626
16385.852089214036823250
16429.882633143082784954
16448.321806303833000129
16441.746516728504502680
16411.053300828549254220
16357.528890667295854655
16283.394956456495492603
16205.012405713801854290
16246.563278247584094061
16507.041526158736814978
16857.630448988827993162
17240.371576878380437847
17615.371954688089317642
17951.199969649180275155
18220.525974096461141016
18395.810065132201998495
18485.072960972698638216
18521.898156265368015738
18532.236324481149495114
18521.063551953237038106
18483.699555200291797519
18413.493786441467818804
18310.094803706695529399
18190.980432480213494273
18071.228550862597330706
17965.146260423029161757
17877.726554666205629474
17805.105713617456785869
17746.954974077903898433
17711.681008398019912420
17710.615530386250611627
17757.161706323244288797
17777.680260153334529605
17840.572236617485032184
17942.521529740221012617
18080.633638199953566073
18243.457682017429760890
18421.215415323942579562
18606.553601562474796083
18794.734383102175343083
18978.515529267679085024
19153.423599585126794409
19300.300808719093765831
19407.036417984589206753
19505.127393941653281217
19581.331874102084839251
19629.969470290536264656
19653.538218166246224428
19660.042999943339964375
19656.660599806298705516
19645.602329867895605275
19621.882687786332098767
19581.660792109458270716
19521.879630086565157399
19436.775485894675512100
19329.357954777817212744
19212.775021646564709954
19098.128991372970631346
18992.208438463901984505
18898.040072727068036329
18813.873687637180410093
18734.821814726554293884
18657.014659624019259354
18584.967528813616809202
18519.340137565686745802
18462.819238028794643469
18418.893237654818221927
18392.102669055919250241
3442.467152226844063989
