170.945249913230924221
44.483279643100274825
21.111051595784442014
16.781959837923505319
15.716758835724812471
15.292167797474196078
15.077682225512100800
14.949576001670244807
14.863133227974737238
14.803993375559103995
14.766726399887510013
14.742516686692377803
14.725451487041087972
14.713030860705549330
14.703290916964215640
14.693720023326394042
14.686296215764688355
14.681651674507758543
14.678200064694491900
14.672725201670107964
14.665247946581205341
14.660044900209918239
14.656399887978810881
14.633560518781601800
14.605595951484735551
14.587271287932516373
14.571699981381687650
14.558229913840182945
14.546740386536018974
14.538759802659907194
14.535567792908768325
14.500856587693929711
14.499174742553398332
