52.204387973368035603
53.126159716990677850
54.382722387917013407
55.692204598848853436
56.800371411536659139
57.571429487114862411
57.469751468819218587
57.380102785469617288
57.813956315312523770
58.712070452546527122
59.822868588072637408
60.975827302540544395
62.098716978290006807
63.056507116449125760
63.371962557843922070
62.767333424709264023
61.582485615442116966
60.705426044747014203
60.236503897606567648
59.544379954325776794
58.575702188412904547
57.887360571029908840
57.297767009275112571
56.493005839360023401
55.414954878951355965
53.958316868821157186
51.711756180644030678
48.764829548280673066
44.950693616390196894
39.967386804689965629
33.216715704730916059
24.843261379043354964
15.695077589952020958
6.691711171695828853
-2.135574881923332669
-10.523967086687775918
-17.828110737484280435
-23.969247000861628294
-29.702397864580717624
-35.158888435033674114
-40.025488632421257762
-43.732134857081234713
-46.371389214963841141
-48.168768644016523695
-49.667139312127829953
-51.218138036282965686
-52.573864260582581664
-53.180594069205994856
-52.975974139196551960
-52.188102109457275901
-50.591366541610511831
-47.331145502576930539
-42.522381275689667746
-36.219265281476992868
-29.240762664994605302
-22.399152572054958910
-16.348785282531451912
-11.019585767840311519
-5.424098205358120595
1.698224750488321888
9.969300503305447592
18.131470882907564146
24.602194576740970433
29.111168492630127957
32.578499978420126126
36.263541656092911580
40.420426715229552883
44.676415338476829220
48.449565981117132196
51.382899623670653000
53.381176249083893026
54.524023726496153586
55.009639466662264340
55.171770816351056510
55.552197462991244947
56.482658681404956269
57.710197266361916490
58.468234655270578060
57.856512013505664527
55.395330274827045969
51.728730741221340850
48.386495232368332609
46.280673215591832559
44.973498908796756268
43.634005465123522072
41.478356907556474198
38.010856584449413731
33.272451837891253490
27.723912390579783960
21.834911634933973801
15.842712491168015276
10.000689383873634597
4.488830263030621381
-0.528682584596026572
-4.947728874831852863
-8.708142561316719821
-11.750544192070748295
-14.212210936875521838
-16.328605234713393202
-18.140226941428750251
-19.441623110616433223
-20.046913017820429559
-19.918021138916060409
-19.250853522758347935
-18.507711929154993413
-18.112384778566365640
-18.249014271329428993
-18.728009765512126705
-19.123284011979819752
-19.146442553717577084
-18.856287442533187004
-18.588105746320479739
-18.752351106383912338
-19.532929197662213028
-20.809109329303907998
-22.465535360697231226
-24.411882070040405779
-26.491642389699222804
-28.574571688169214667
-30.613722339306661979
-32.600248838856202838
-34.473926213564766385
-36.063218303484973148
-37.109928647959236514
-37.613966069856587637
-37.878924083888989571
-37.969504436620582055
-37.833656679437126513
-37.551524061979193903
-37.327626798347978365
-37.340061665736072882
-37.600293909765639455
-37.936864912463192923
-38.100823402811613505
-37.850037316761472539
-37.032664767703806774
-35.715424178119633325
-34.180559365234614688
-32.754825897449620697
-31.657058405727582340
-30.934852394948279652
-30.471736230665442235
-30.070386872290100655
-29.580652272388022084
-28.961744128556119904
-28.226099893314085421
-27.427614336981662291
-26.663630638921915761
-26.039904347627327752
