52.981404346454631593
53.688233586750179427
54.705487666953473536
55.800758580420556143
56.725694862295327425
57.440432800925151469
57.679720885282939946
57.826711482956412169
58.251871247742137427
59.002006720447674581
59.925597446099224896
60.895546268315250416
61.850103150125889329
62.684676958391406743
62.984111332498521563
62.483889663457198083
61.427721181967505970
60.556171965511403243
59.983840336848700758
59.323902931168021269
58.598892028780156238
57.811008234767705005
56.952444335962773891
56.245685826451200739
55.391804384432042241
54.081657576502834672
51.851128940604453987
48.906282646908977085
45.104122970392225511
40.001983405652040915
32.917790561549253425
24.259967093009692007
15.128452136825700336
6.445724990388029596
-1.887949573590518071
-9.767938501930217399
-16.686192680488431961
-22.635725343870177539
-28.368553581487589099
-33.969339858249497865
-39.070736428908560356
-43.059246492980179255
-45.997143442354683884
-48.089231885289848378
-49.863376978074910539
-51.659378323969235680
-53.219276610263648308
-53.980364236266069611
-53.872050380050296781
-53.114899445325647775
-51.476764733374665184
-48.098218159326506793
-43.092392691555289730
-36.516527679494743097
-29.199916488167417583
-21.975250611432755932
-15.530087685548238596
-9.841846229468416141
-3.982547951211756754
3.247806652260436522
11.433861119595150058
19.336643971650346430
25.464595165061950865
29.681770494750821854
33.010083137658568830
36.687104536716987013
40.796780283024617120
44.780853969127974779
48.075569607964439456
50.553615245606835060
52.292441804142214323
53.375518726294586713
53.924422817524089169
54.200083708372488900
54.700151946133502179
55.729928280001843177
57.003819542862515846
57.731147721135300799
57.137979385078068617
54.907792015817875608
51.502071862178468109
48.303924326992927263
46.256751694722083812
44.978250241243785013
43.660207615694247352
41.515024563951385517
38.037854629595670986
33.264944336262374236
27.651394386417422311
21.677583501270447641
15.632730748879822613
9.832677211939198969
4.464551474922473062
-0.375362609903532984
-4.665759492421983623
-8.382942228298333021
-11.457375689158311616
-13.998334445414684524
-16.213906783750132945
-18.122510386690379391
-19.501482162359877748
-20.152522513001599691
-20.031797410525882697
-19.339103814960083128
-18.551852444994210600
-18.117716623182843705
-18.246707363097641519
-18.768497031595927638
-19.262928053692917274
-19.431791753827667435
-19.310660748664645325
-19.204152895623053610
-19.492131652370403572
-20.334512314202697780
-21.597019899526458175
-23.162454759906950130
-24.949899071964068753
-26.821605561810940799
-28.672159157959356435
-30.481765180648949354
-32.267890714025270427
-33.992939381340249838
-35.500513138836538474
-36.535351525525129546
-37.085880257636233637
-37.433796619579425169
-37.619402766728057941
-37.569191350964104004
-37.346163877123728980
-37.142905558128518351
-37.133658497520855235
-37.337617626427856976
-37.603559275763188907
-37.711303702432701357
-37.447033787459929499
-36.675182179067519428
-35.458089740019943292
-34.053643182219445862
-32.755109339734190144
-31.753436869441486579
-31.084821579369418032
-30.640640402849726343
-30.245020998479958507
-29.772221614230659270
-29.199081654088331561
-28.544034349164462583
-27.855324468816206718
-27.216949428461134630
-26.720220317440578128
