101.474106366583399108
102.229829895688084207
103.124859455527868590
103.811239495540974076
104.007604038019906056
103.901332518056278786
103.632466952532865889
103.390699322932022142
103.378367399525103565
103.632091661694474283
104.027602091700430265
104.481342914002539146
104.976760582127042198
105.412110800429189794
105.318645039671679342
104.419827372765055884
103.071225332704386801
102.190766451668565651
101.878917755018406410
101.462261118350028255
100.769437843716758607
100.158518484147975869
99.354015687553157932
97.943263730855790072
96.262895665596374783
94.586281278216091550
92.730123784693205380
91.051100115844292304
89.711341720119008869
88.744366484371724368
87.712418750575963600
86.479164092742607295
85.243460117229290063
84.225904871141977992
82.964910456404226125
81.463466108066683091
80.258701717708277101
79.403130526104860110
78.154148084643878747
76.408520015857405383
74.513601881243189951
73.077162426139636864
72.048131451202053199
71.246752754430886512
70.180216407555150226
68.550782897739210853
66.662924890300729430
65.126820164500713872
64.055663041580487516
63.259165137598216688
62.982547026853012540
64.083228661956354699
66.438861331896561069
69.983226891744862996
73.880589546749149576
77.291941441389298006
79.521078356896310879
80.581485716542061937
81.396361444275839858
83.165268873196907862
85.465007759013758459
87.023432834560537685
86.293641616695509811
83.119034637332305238
78.650135483042845408
74.530670129615856467
71.540226690183487790
69.845287799858851940
69.204177077242093219
69.271014553593460050
69.699710749640701124
70.227418032215240373
70.745753087442324158
71.362311860260092544
72.464552236385571860
74.269802769712839563
76.406881035839916194
77.939240395035454867
77.739143523319938822
75.175882244356927231
70.971295255553144443
66.871676456586186532
64.011842145038372109
62.154940005246714918
60.667192494732830710
58.999844958106564263
56.936105436333036778
54.708057018911233627
52.675693930777072183
50.918215849446539778
49.213933365877323922
47.480063527299535053
45.719748579912163677
44.011525063552028314
42.396698886560557185
40.875206378017139741
39.459484336921292424
37.991199556795805847
36.242710451803475280
34.206536625667297358
32.140760919080094027
30.297700197110998488
28.789549788601220826
27.496010838422819234
26.027079648254471067
24.026147684486090839
21.372064859091381095
18.314568568390996006
15.336377696893976008
12.775879005138961020
10.613913175040750048
8.542935895219045506
6.170404460633449162
3.324756011585236593
0.136455620448714399
-3.272339592400896890
-6.809558010809666939
-10.323498978767304379
-13.695211987596451308
-16.894092579801224474
-19.930487254232787109
-22.764174973806973412
-25.243449291354522757
-27.129956938970508418
-28.443871724246776012
-29.508986123620559283
-30.408822043535053581
-31.107563555491822171
-31.698139736123494004
-32.393310128726568564
-33.373354360732548685
-34.644696187266276866
-36.023861810246444293
-37.245133843694873121
-38.048706691705831417
-38.268421969920609627
-37.962976019739187450
-37.412972495144003915
-36.946964673150489489
-36.784553796054353825
-36.969324492152964012
-37.374688607437349219
-37.788590137022595172
-38.044858057940473373
-38.088891663590857206
-37.923966635178601337
-37.600618360624650904
-37.218700262717106853
-36.891627209789589870
