382.835045359681316768
301.650477716993691502
237.572083678895523917
184.300817697726586175
123.944331959334959947
67.943518388349090742
25.081324117972101817
1.996631126953052560
0.102405157726590895
0.015480472176983602
0.000605184678879340
28.313867392598815798
71.795469763704375055
124.936633388189051175
142.488831226548768427
95.924448940003671282
16.982266123802688185
0.063674358627675565
46.188676342641898032
90.755217075920512571
118.674759272790751652
180.396640698869873631
266.467258760372544657
350.479312712028274746
448.633734134224368972
565.216565253329804364
664.154923060519536193
826.199006279840318712
1179.935311063369454132
1813.322602837816702959
2639.383869867175235413
3738.867739536238786968
5192.138469256036842125
6946.950240584650600795
8863.627058835470961640
10819.842389392120821867
12774.017651854161158553
14662.103452328392449999
16367.019665047251692158
17847.280697687030624365
19110.643884813140175538
20387.619337748721591197
21495.508027532556297956
22414.920574666801257990
23109.779599318677355768
23559.331070488075056346
23793.931269753120432142
23873.241151045625883853
23807.436563965817185817
23572.034968470383319072
23181.708987947175046429
22726.843136759787739720
22183.761025882024114253
21553.196102908059401670
20751.069868507645878708
19704.674459034125902690
18351.030453678020421648
16688.632635440586454934
14805.603272636475594481
12853.755228625128438580
10825.830502445116508170
8657.473058616851631086
6255.804643796228447172
3681.173684397732813522
1142.977870352990976244
2681.942992352916917298
1136.808626657404602156
218.120661290702003043
0.000000000000000282
0.000000000000000000
0.000000000000000000
0.000000000000000000
0.000000000000000000
0.000000000000000000
0.000000000000000000
0.000000000000000000
0.000000000000000000
0.000000000000000000
0.000533874126564316
0.000945979996626373
0.000000000000000000
0.000000000000000000
0.000000000000000000
0.000000000000000000
0.000000000227043115
1.976681529745816457
137.687349448865319346
573.584079603060786212
1337.327406635898569220
2387.037975714718413656
3549.912498581062664016
4777.552252038059123151
5994.928796717609657208
7187.893601579668029444
8325.310471943030279363
9365.010063991434435593
10335.373725114599437802
11200.741521306174035999
11901.956973759095490095
12433.467234673147686408
12870.606996156378954765
13255.753403215720027220
13618.617574701200283016
13975.656982638816771214
14244.321449327515438199
14387.007420025023748167
14375.756829973339335993
14253.467558581514822436
14127.793455109092974453
14070.943868961157932063
14074.587461341468952014
14091.729689968628008501
14041.831733004728448577
13884.741185384120399249
13705.984409963451980730
13510.978352819278370589
13286.243580173304508207
13072.748019113079863018
12889.163597158236370888
12730.506614337320570485
12571.446364136394549860
12410.384580919244399411
12231.284958178186570876
12142.127918553196650464
12207.433306994835220394
12163.116212816381448647
12102.883067858441791032
12068.463009909120955854
12043.517181284132675501
11972.543151723002665676
11808.366649262459759484
11543.249113923237018753
11226.240039532553055324
10899.018868869095967966
10600.038681599029587233
10393.029234561228804523
10277.939317003132600803
10179.096682047189460718
10037.812718002314795740
9827.669745292556399363
9548.571684411150272354
9234.016544098671147367
8938.629447072496986948
8707.037156439271711861
8518.309193583263549954
8383.164380918800816289
8297.262907643393191393
8246.613066246311063878
8198.500751092240534490
203.740943107668243783
139.863582912125480107
77.732623718988193673
34.373599392557814269
15.520866859467549403
11.928291576282509467
14.834213261029335129
22.471162879507442511
27.712608354075815242
17.711474992789344896
0.006982508695207334
0.000000000000000000
0.000000000000000000
0.000000000000000000
0.000000000000000000
0.000000000000000000
0.000000000000000000
0.000000000000001985
0.000000000000000000
0.000000000000000003
0.000000000000036421
0.000000000000318488
0.000000000000067558
0.000000000000119039
0.000000000000027790
0.000000000000000030
0.000000000000000020
27.944925672255404692
154.477975210556991215
429.707809519369561713
933.693778157531596662
1686.655562848853833202
2658.558587883514974237
3797.565086675808288419
5046.226242168094358931
6345.401700937296482152
7634.811533371776022250
8872.795285790243724477
10041.239509621524121030
11122.856215568737752619
12102.441198521646583686
12936.531898655766781303
13655.549563996903088992
14267.943623695635324111
14787.008203408893677988
15223.885965896779453033
15580.400646809992394992
15851.974894824834336760
16040.307901648822735297
16150.759774426196599961
16180.111834980889398139
16110.970217599104216788
15943.474486744342357269
15673.345957315150371869
15310.060488050605272292
14861.502134242327883840
14334.800474099884013413
13729.196829829645139398
13033.731421104734181426
12234.624158763714149245
11354.456029714967371547
10438.178531560957708280
9550.996907718343209126
8752.805586467864486622
8103.948966852720332099
7082.625475254149932880
6768.737541337387483509
6794.847532516130740987
7235.838976228316823835
7763.533173414917655464
8247.607755980250658467
8712.876181939625894302
9170.079504354214805062
9620.194789030274478137
9997.693791789792157942
10246.155499043221425381
10389.143568069974207901
10516.799859591485073906
10741.025792378248297609
11167.908524538066558307
11759.045613781612701132
12262.738464033378477325
12486.048386983577074716
12572.875083075090515194
12607.433649220034567406
12663.727228680992993759
12881.291743511297681835
13330.142795202147681266
13962.324697868200019002
14728.943193385852282518
15590.197445297737431247
16491.893943921415484510
17391.802366444073413732
18251.778412577765266178
19048.042630132997146575
19769.021126744206412695
20402.637328027387411566
20951.733304189168848097
21426.720613858986325795
21833.632588579745060997
22169.408283243399637286
22436.244663168956321897
22638.679109544038510649
22783.370932931386050768
22889.783382714205799857
22971.047051713318069233
23038.316363876667310251
23092.977510023389186244
23127.734007835391821573
23139.662264791953930398
23135.824248285447538365
23127.561413707651809091
23129.604474211118940730
23150.567242594428535085
23182.074735781883646268
23224.992108055612334283
23281.557274652954220073
23346.035874393146514194
23414.563372939461260103
23485.442548513583460590
23558.931702912843320519
23631.837414764773711795
23702.610866586703195935
23753.802804060891503468
23773.805054689797543688
23793.714982633056933992
23799.173372400320658926
23782.998700443167763297
23746.086344961517170304
23694.966507600845943671
23635.586694611243729014
23569.215559082633262733
23490.224463571023079567
23394.437444473722280236
23278.690561928357055876
23137.209721644860110246
22972.987281818539486267
22799.110336235913564451
22626.673403678993054200
22462.691480264311394421
22310.802490440120891435
22170.296513997094734805
22037.643048412930511404
21910.345691072205227101
21793.878218153149646241
21689.100667177928698948
21598.011614148814260261
21522.815935936207097257
21466.924184331375727197
4848.254836212860027445
