44.293137108282650161
47.178449886095037868
50.086653379468302205
52.801254863080842483
55.828988568085080146
58.156962042369556798
56.404441897845742915
54.635510640940466942
54.560820538256422196
55.526671130303867585
56.875299927277382039
58.240307290940421581
59.489514224328971181
60.501694198899670596
60.831879165222943584
60.233996296594398245
59.082545678155469204
58.306822372808369437
58.019190846787665805
57.527418570664067943
56.554923341964510541
55.407112104709796085
54.433857488040075623
53.979476151740570344
53.464057469624421515
52.279254807870287891
49.925845626988319736
46.484674643478527400
41.867861891722142786
36.081918534507224194
29.004282095169003242
21.059723317394428932
13.046425725117899219
5.661254405345431451
-1.259803828965914363
-7.574332637890279329
-12.716471924143633032
-16.670907591007249948
-20.251406300207975164
-23.646779336002055061
-26.598880247091386764
-28.587325820113875352
-29.746307573217109166
-30.333664462804250661
-30.915346014810268116
-31.857607897751364590
-32.919556864198995072
-33.547444221306108147
-33.672105129657126099
-33.508073973157053160
-32.809445459437057480
-30.694775852907241642
-27.246189820181626828
-22.479987856351840492
-17.173418403014153455
-12.094580365827710011
-7.852350387343165039
-4.330635692208204546
-0.495934219684244226
4.957000531508214181
11.688622397385870499
18.460932573967767212
23.666634314261671079
26.931896675033073052
28.991374314391009648
30.943501863922051598
33.052483865829543674
35.140091609556662888
36.913962926083115690
38.227333394880361084
39.016504148755956294
39.269811056093601564
39.063864197988038995
38.626297992268035841
38.408278206474022909
38.647687795149892054
39.007735432118010976
38.839796988323826099
37.946631055911240082
36.464820679840897810
34.380709351176903965
32.498686654512397354
31.625141585341395967
31.442490527615376550
31.249111726437007519
30.386131955362799317
28.486409181440166094
25.626790672401597249
22.080827865247840691
17.996595432600059894
13.402266806282256084
8.568048242054288721
3.833039564468066374
-0.481295725397274055
-4.195760024036246705
-7.254829290449976043
-9.643804515792709253
-11.549080258305792768
-13.241513721599176279
-14.777686114179630295
-15.948785936563297128
-16.548432014379557131
-16.505518673356448289
-15.977392417818293779
-15.390275390747319761
-15.141074997551982051
-15.400185379568426924
-15.978323786502926396
-16.461297520060554689
-16.576660880776159956
-16.389660574776485191
-16.219743824448187297
-16.446224001790369584
-17.240189190715057066
-18.507708373106822819
-20.175445428126749903
-22.175336515241099278
-24.346511872339078764
-26.540725410864638434
-28.692584868287610789
-30.781167644558536267
-32.742224254015184215
-34.406760645795088749
-35.522190598562531250
-36.093498078456036637
-36.427725809251683131
-36.592436947210330800
-36.537907306211820924
-36.344778542193864723
-36.215918198138695061
-36.327177473301105692
-36.689302451200546784
-37.132605659607349935
-37.411689068593375396
-37.287953633023334987
-36.610841670579361562
-35.444395074176782146
-34.064384200176846207
-32.789407467880437252
-31.831002585926796655
-31.232459647454334117
-30.878480720853531238
-30.582493610939366135
-30.221000735325901587
-29.802811168574919520
-29.413560648712746115
-29.182346156174048701
-29.222564490335059872
-29.528246999649923055
