53.132969388854519366
53.778854805979037224
54.716694091590078131
55.688829963979117110
56.422513749408494732
56.971487947088782278
57.253800566807306893
57.559267474234474093
58.129042134247946194
58.975109945182722981
59.957003408453566351
60.965660156044179985
61.947493680694421414
62.799693403242486056
63.122062310817000252
62.674900665886575268
61.699761884382070320
60.878917756548872831
60.300025241284210153
59.415294422225890969
58.130377282953041629
56.981336053747483561
56.160239556309235809
55.582978766067263621
54.865713558554205065
53.693799815409448684
51.597133338000709557
48.642046948849610999
44.658614662277599905
39.343270772541870883
32.135445687603237275
23.436443272101030288
14.524324922627897649
6.369760813313320114
-1.303110867040984999
-8.589092941122515867
-15.089399995794622100
-20.832295860333260862
-26.567040528848167469
-32.348393153610516038
-37.757716364267224662
-42.122536687700375069
-45.452387162814943622
-47.912286647326283173
-50.003366748825328614
-52.048887845450082068
-53.781375101123813920
-54.633194685652341605
-54.531887967991025334
-53.698464375966892703
-51.903445602709297191
-48.292810496201184378
-42.988992194727956075
-36.064294524276448328
-28.371406931945472252
-20.777564268902494860
-14.017627623066147180
-8.126609983308441088
-2.234776712848315583
4.814679392418128145
12.591139482694160279
19.870895532517494075
25.212922122211409715
28.596567785160829089
31.264139001037449361
34.742449612797400960
39.230724694673284603
43.873554122759685470
47.687030138263253320
50.449641688668435791
52.310547181237325276
53.413050330195602555
53.918760403407588910
54.116178449379276572
54.522956309983101164
55.460530731151550299
56.657483511111763619
57.328817230467080890
56.674380577387381663
54.342703613606516910
50.819000137684128049
47.516045602537502646
45.370905970209008728
43.973883536761462665
42.474162127475182160
40.020205034173585545
36.042344471173180409
30.681446828644112657
24.796802243215552153
19.180974722601462190
14.016052381864483323
9.283226987059890689
4.911032078268533496
0.895593438656305807
-2.765033008326213348
-6.066261965458380701
-8.951086719707461725
-11.512668996771594720
-13.917308274976448956
-16.134568203991818791
-17.899925536554803784
-18.983060674761645714
-19.313173364294698331
-19.062033775681243242
-18.675459370491353184
-18.568955405684107518
-18.926809973384592922
-19.566665879121956095
-20.073579410288061808
-20.169988827420809230
-19.921683166167781565
-19.665792365955383048
-19.810412602524309023
-20.534895329635219241
-21.714129657352543745
-23.231235754281385653
-24.999463525861074231
-26.871494664355964233
-28.730462512551810050
-30.544948198783117732
-32.322493796970320545
-34.019317768041446470
-35.478392252633796033
-36.450116460568153798
-36.933572545277797872
-37.222759842203288372
-37.368028033087909989
-37.301180080057633859
-37.085512855100375873
-36.910172496495533778
-36.943835432614037018
-37.199094637580969902
-37.517639304436613656
-37.672232852993715824
-37.442994801534212002
-36.690733991480499299
-35.477794669325248833
-34.065508618352168924
-32.752290952831799586
-31.733768250644800446
-31.048939597602952745
-30.589911187966549733
-30.180294730345906373
-29.693874224401213269
-29.108000562910035569
-28.442739929084268624
-27.748506321047841539
-27.110866437752804359
-26.620990493845852143
