52.537174053993666689
53.400283498436124319
54.573956191418929507
55.783315048650685242
56.751410497234907382
57.429111007144619805
57.585543911909631731
57.691191570680153688
58.127607452572995328
58.920036257031839000
59.898062068947446335
60.922561604061705509
61.923129736697688941
62.786254232551854670
63.094012387797299368
62.598573673536449746
61.576414400249063874
60.801925302866379752
60.361779398468165425
59.690586025446165763
58.659003782398357885
57.656864057436216342
56.758651219089443885
55.972664338925632421
55.090458584711996082
53.850119077680474788
51.782461133894649663
48.917453928402323982
44.978122792581984868
39.517122498562329724
31.984137041526636835
22.981072419898865178
13.811214307668123524
5.396122388013864679
-2.508987790022231934
-9.923290751716038471
-16.397227112422626760
-21.954569816155924400
-27.380986364984039483
-32.791186462358979270
-37.827724983326135089
-41.862766027915910172
-44.927382101728426278
-47.188579029409794430
-49.137816342430795657
-51.084478585180590926
-52.748113274569902842
-53.551792373518566137
-53.418603499672968837
-52.570106100615248579
-50.781914576297879194
-47.208662946464045262
-41.983396992444255602
-35.188508464659378205
-27.682609949218004886
-20.329882881902221925
-13.848050800754037937
-8.238085778600861886
-2.582997957437243031
4.321244580740710717
12.071288329399806116
19.433165388850170530
24.910622608317481763
28.390234425568991128
31.023570926006868831
34.328693149478823443
38.603469245948957678
43.089995993562354215
46.818407122855433045
49.551533735960333615
51.427908222985735165
52.581923913146397354
53.166587079187905829
53.461982053889272493
53.976809638613843845
55.021868829566642489
56.315256823950164744
57.073404150481962915
56.500418696548138087
54.272434297115609070
50.937643713736406426
47.839649829676659465
45.844464563156947179
44.528033784703609399
43.041762934739779212
40.590156489710437882
36.762835501746650380
31.804814709010429397
26.375616423779320030
20.975391938630764344
15.689982043353950303
10.567576416629577807
5.643787230732584703
1.020563968318413117
-3.203445138457709618
-6.940156585477012641
-10.085682090797149613
-12.731204853165820623
-15.075727819020357856
-17.136768867749651690
-18.696360784796354437
-19.560464234953883533
-19.682129648568945868
-19.246213250084394986
-18.703895750542528731
-18.471277664207320868
-18.730720779933449194
-19.296896993389736963
-19.751736340766058220
-19.814858811350632095
-19.549652975275421340
-19.291175879039258234
-19.445824479000464180
-20.191936610325399215
-21.404170615437351444
-22.965627528081427045
-24.788915454512789438
-26.725067381910776021
-28.654739283654976134
-30.543545084383481480
-32.395744652268547270
-34.164019719417979104
-35.687771023677782978
-36.714305569433577148
-37.240657343124496492
-37.560043548725275286
-37.723136276158186320
-37.662905380502593289
-37.444419533191251048
-37.258874026806154234
-37.276818964380652233
-37.512092839389595156
-37.806734283061928181
-37.933041142728143313
-37.670386298610765152
-36.879469218654605811
-35.624045888824639405
-34.168563813402784035
-32.815393239585716856
-31.763382451168752141
-31.052451218789997256
-30.572448030741043112
-30.141843540155207393
-29.627833882770801210
-29.001582927009394552
-28.278885576792674783
-27.508787845652136639
-26.778645685630294793
-26.183825553208919246
