1869.983013992942915138
1858.150802184978601872
1822.780245031592812666
1753.116062069476356555
1626.025659471740937079
1406.306180131604833150
1404.373261604845993133
1380.107294085500143410
1344.956779402591564576
1311.493003826100903098
1281.093549827995502710
1251.563157256677186524
1203.895294497660188426
1109.541478194098772292
1020.792985343025520706
981.846308192760830025
951.216914312952781074
950.397046562387004087
995.311803477684065911
1029.354588000451258267
1008.812237494303758467
1013.334312744568137532
1031.333300808568310458
1053.426197324749637119
1073.536911420596197786
1116.279746921753485367
1209.794382300527786356
1323.681386739000117814
1474.616306013912435446
1713.734392527625459479
2171.021693036756460060
2983.907772680034668156
4220.147832883948467497
5822.158589287406357471
7656.917691707582889649
8249.584171403303116676
8645.970791750407443033
10482.373170393206237350
12170.371618390901858220
13681.513997221194586018
15004.389528855635944637
16137.484262494972426794
17084.751757969563186634
17853.068973579658631934
18450.694236549101333367
18886.318980124666268239
19168.375503003455378348
19304.459696922011062270
19300.869594907380815130
19162.276861402009672020
18891.464003142322326312
18489.085565930748998653
17953.438426216009247582
17280.342033528311731061
16463.078258658937556902
15492.589348207075090613
14358.044127966162704979
13048.021818134418936097
11552.543402167866588570
9866.368886546375506441
7994.756452449470998545
7510.849102854991542699
7065.198552328940422740
4999.548952131123769504
3104.045444112702625716
1551.081771428445335914
529.770115129096325290
62.526058766558286095
0.000000000000000000
0.000000000000000000
0.000000000000000000
0.000000000000000000
0.000000000000000000
0.000000000000000000
0.000000000000000000
0.000000000000000000
0.000000000000000000
0.000000000000000000
0.000000000000000000
0.000000000000000000
0.000000000000000000
0.000000000000000000
0.000000000000000000
0.000000000000000000
0.000000000000000000
0.000000000000000000
52.904291853243563537
355.599920496183699470
999.540134219953074535
2007.197409145815981901
3302.922042520342074567
4744.530303387829917483
4913.469795589050590934
5262.668308773003445822
6481.770836572827647615
7489.860961625640811690
8274.587596935121837305
8839.474492055796872592
9197.778872427388705546
9369.150977087758292328
9377.507161258405176341
9249.556319601359064109
9014.092562952348089311
8701.780411921316044754
8345.377512802007913706
7980.401176951388151792
7645.859628488930866297
7384.632322854085032304
7234.672076777244910772
7168.890414547478030727
7182.797123511560130282
7239.327126672859776590
7257.916574829620913079
7062.811431521766280639
6870.025150675703116576
6680.384013933386086137
6475.068874976362167217
6289.568036007748560223
6138.071185395077009161
6013.970266525906481547
5897.124046895332867280
5805.303036982985759096
5764.942649917325070419
5887.323271262070193188
6131.339447533341626695
6274.193614453720329038
6321.418770838266027567
6287.752524480732972734
6197.581914779431826901
6058.713773691242749919
5857.631631411455600755
5588.832530785404742346
5292.249870440910854086
5005.932355832062057743
4765.721440401928703068
4631.231338205349857162
4598.417232854398207564
4587.328187388798141910
4535.562644246188028774
4414.199072092178539606
4221.588314180508859863
3990.042252596023899969
3772.823750608644786553
3613.032674392235549021
3488.538685497233473143
3409.472042503905868216
3371.357573940548263636
3359.252173802020024596
3334.958960664400365204
3211.599565299774440064
3197.840362822327278991
3166.019377022774733632
3132.394461702865100960
3104.108336884793516219
3077.674723234824341489
3124.632480173120256950
3145.215318378040592506
3143.237758534531167243
3127.245277919149430090
3109.714855587220426969
3103.803955505567955697
3122.755094609087336721
3175.590792461514411116
3251.284145987914598663
3334.711915759646217339
3422.607575146546878386
3504.297136749621131457
3576.145135774207574286
3651.133642064260584448
3739.432345871247889590
3827.806625523589445947
3916.195533871334646392
4014.381144955920717621
4112.616606597244754084
4207.026046141356346197
4295.287782201827212702
4386.246063888374010276
4481.984052120737032965
4582.772994987235506414
4684.965417200034607959
4789.043495388883457053
4895.558848876939919137
5005.137194935699881171
5118.470428469992839382
5450.337855546306855103
5818.565219038566283416
5947.849413804266077932
6084.105943103571917163
6228.135659215777195641
6380.694373964028272894
6542.473806708416304900
6714.085789475291676354
6896.050520962326118024
7088.789135682804044336
7292.620399211551557528
7507.760918907488303375
7734.327911964807753975
7972.343326968677502009
8221.737990374300352414
8482.354459267522543087
8753.947410839664371451
9036.180686875166429672
9328.620528998622830841
9630.725066876102573588
9941.830724113313408452
10261.136835317320219474
10587.690354449679944082
10920.372998103319332586
11257.893411885510431603
11598.786015733585372800
11694.101440900725719985
11771.730392709512670990
12111.886710438002410228
12448.797942670922566322
12779.988615851136273704
13104.228064083437857335
13419.853124945753734210
13725.313712779667184805
14019.209154747701177257
14300.318098907071544090
14567.620529405490742647
14820.311639107512746705
15057.807691612279086257
15279.744209615302679595
15485.966999977023078827
15676.516781766280473676
15851.608560789481998654
16011.607349302308648475
16157.002267810008561355
16288.381372286612531752
16406.409625857912033098
16511.812204580488469219
16605.364746361439756583
16687.891211938698688755
16760.268767394409223925
16823.437647651739098364
16878.412550655135419220
16926.291077673577092355
16968.254438410229340661
17005.556352058662014315
17040.550175066971860360
17239.501787435638107127
17404.117403561867831741
17435.744404760651377728
17468.877180417286581360
17504.353646024097542977
17542.755603284342214465
17584.393316166275326395
17629.297737700100697111
17677.227906941163382726
17727.691296917757426854
17779.974387229685817147
17833.180881588639749680
17886.275554701325745555
17938.132402949257084401
17987.586243575078697177
18033.481677181200211635
18075.740524532247945899
18122.762770180590450764
18179.761590220979996957
18255.250168125683558173
18361.942765606785542332
18408.854614584852242842
18482.241881973583076615
18579.642315830333245685
18699.246542461482022190
18830.798412070300400956
18965.767312089425104205
19097.989384270917071262
19223.492989141625002958
19334.545599596716783708
19423.886376946291420609
19475.241169136697862996
19493.765702078682807041
19509.194486290689383168
19522.480089927830704255
19533.421239743875048589
19540.288810798210761277
19542.972129196085006697
19543.479474789579398930
19542.211119710354978452
19533.342897973780054599
19511.215763105581572745
19470.806336985271627782
19404.821354940115270438
19315.175978353461687220
19214.478204778930376051
19113.667155935701885028
19019.551499324461474316
18935.281452419822016964
18859.311032253139273962
18787.041861991165205836
18714.947483726660721004
18647.873675517297670012
18586.760645232410752214
18534.541903424935298972
18495.055049734382919269
18473.722467910683917580
3401.350989948978167376
