51.491676429299609197
52.718307144767607042
54.238198737252318438
55.799094537718438858
57.219239969408533852
58.177380874072660788
57.805552542106873659
57.389635781016238525
57.675965679919023898
58.568536663249773255
59.734097204830888472
60.948323410522917243
62.123388874977820251
63.118734999912305739
63.436604337394101094
62.785130853091636993
61.528444572016326219
60.615428162492449360
60.197586000852616905
59.679753630465889103
58.995882726463023005
58.589528553105715503
58.113434261421311078
56.968081183962439695
55.542447143920043118
53.978297264603853023
51.765436270773776073
48.858819354200420548
44.982791485964199296
39.799153010569924049
32.830852055301448900
24.420479194920034161
15.455649223207572618
6.725940126991218904
-1.860434950118133202
-10.087137572779141692
-17.305474921756513140
-23.413324040320532049
-29.141084633118481406
-34.603060148195567081
-39.478228882183344695
-43.195761936347366827
-45.851375705414199047
-47.675240345035064138
-49.215002250625246916
-50.826582552240921586
-52.265553032991590499
-52.980533863857004917
-52.909952043317957759
-52.280580071023706523
-50.862806638454145514
-47.794845133279693528
-43.181022534864240470
-37.061528120668981501
-30.238514227769115905
-23.505883189100813979
-17.500062641832101917
-12.136259838020464485
-6.418722462200065593
0.911815068282209040
9.463991839430491382
17.953798649432286538
24.759827163481361367
29.562316177581266174
33.224027688045680407
36.947965846084457553
40.966883559132952541
44.964781279168391848
48.475224756163498796
51.235190365495554943
53.173669926100188832
54.342203654279018110
54.895224571846114259
55.127356229924288300
55.549450198224178621
56.470185580981080875
57.630436176214914212
58.296922180866147301
57.648310560331651686
55.253959766995791369
51.701302114221476813
48.441883052382820551
46.367712815223114831
45.054282689581924615
43.671855388415423249
41.442127712074835699
37.928696672636732501
33.253269121250269791
27.861137279575160619
22.103874545791455830
16.118438999331260675
10.157961372746001416
4.481813660635395991
-0.662151237663948677
-5.134252082548698581
-8.887058205489836382
-11.895076627989396911
-14.326584534577534669
-16.434841585115066209
-18.264132696698482050
-19.601682027508672945
-20.247375399786108119
-20.147083735023784357
-19.484208092749781827
-18.715965039453408281
-18.268996399529157770
-18.335420000770966453
-18.734770449395000469
-19.048570699409708595
-18.994012051973072630
-18.634201611309947566
-18.308177250413621096
-18.429920335719543800
-19.186842767065172666
-20.461564231314980589
-22.140977369443419320
-24.134596266966354960
-26.282731232901539897
-28.449367994813997029
-30.580108947471387637
-32.657751320003058026
-34.613515820201769202
-36.268254627962789982
-37.358723842630467971
-37.883601863120929920
-38.148999082034038111
-38.224715197586931481
-38.065162405467845019
-37.757352025979969312
-37.511825478802450107
-37.510128196834045866
-37.763134934625099959
-38.094599707285567547
-38.248273757577408105
-37.975398580323883380
-37.121679532599102913
-35.757686389173102270
-34.175132195789956313
-32.712268190606096141
-31.596552737413105660
-30.877443654743672141
-30.432408228228325697
-30.052066615866635857
-29.572156977194879346
-28.939857232487554484
-28.160562798663988815
-27.287344448954058862
-26.422392910204564487
-25.679754591239031924
