53.010317844312929481
53.714444673026839894
54.741150089712519389
55.830172577731019601
56.702412744854385096
57.335875426682626710
57.556662561497176966
57.732671002824773154
58.193614255483431918
58.970796024119323420
59.911457755540112657
60.890245020084819316
61.844810620210353136
62.670965895953990810
62.966637047036392971
62.490506497600883051
61.496892600991898803
60.716798671442901991
60.224532458911220090
59.494158541697757414
58.476444636973461400
57.587759306228868184
56.745625637701223809
56.097130944281481391
55.186706709410621841
53.824327868671581143
51.654070867307019910
48.743288851001786099
44.851897337421007705
39.525920679372546829
32.077112701580546172
23.066671756771597757
14.008964333698827431
5.866448849129383802
-1.742840976235044081
-8.979536555642681606
-15.468243124377721642
-21.229337451278865956
-26.987586735580805453
-32.773534813115588804
-38.156623055674288025
-42.466283498565672971
-45.721852092530241407
-48.099604078550839859
-50.109901263173128427
-52.082329059753249112
-53.753182982434651649
-54.556708293309384317
-54.421032987324025498
-53.566903380424975012
-51.764029982694637511
-48.157234360665285067
-42.867590247869230780
-35.965964060278167835
-28.303669725784175171
-20.746806162920819361
-14.029508448816585542
-8.186405536797849436
-2.346922697570619221
4.649013370171161341
12.379228850828951636
19.635602769677490187
24.998671190228890282
28.466523970402647592
31.272426532986230541
34.875930421180896701
39.383848475609994466
43.940973292574881270
47.673107735703041499
50.420445003071847623
52.324266142169364002
53.505993063305453461
54.109307765423267256
54.409105990022510468
54.911765029265097837
55.928047824835033452
57.175940421459984009
57.866944660886503016
57.226230513166228775
54.930529851386125983
51.435178102530670685
48.125408921769320614
45.940323782733571534
44.481124995520673338
42.910507312763343180
40.391871534563421164
36.353315825571741016
30.867185012023441004
24.720783952289195895
18.793726742962093113
13.404368788959743597
8.588298715836685915
4.257489894906598238
0.367469932218938311
-3.123401586415269549
-6.244029983043560605
-8.964295720875071538
-11.396006124691211880
-13.714216685862879785
-15.888074212061439994
-17.646434784693440179
-18.749651367320552708
-19.117565113818784539
-18.914036182815209486
-18.578950798796086019
-18.523851801325974975
-18.930760201267958109
-19.616277122958479140
-20.164962760167782108
-20.298535685705019205
-20.081316461981543853
-19.848290242277471407
-20.005459487870666635
-20.731104195639659338
-21.900608503040587038
-23.398957229357279175
-25.142018277593933817
-26.985240159854868125
-28.814239930651297072
-30.599600692065621388
-32.350454706031825935
-34.024405612347095484
-35.465638046205469891
-36.425235571155326397
-36.902011739138458779
-37.188889976379300606
-37.334936107571422781
-37.270738227792833186
-37.058326127610655476
-36.885566510305807242
-36.920249733175069196
-37.174948218788642862
-37.492362463304800713
-37.647015420258014728
-37.420869365388909955
-36.675799521971043760
-35.473791282919762580
-34.074471208804084199
-32.774048490363725250
-31.766474881750866643
-31.090247446036300971
-30.638193861030799781
-30.235381882271269660
-29.757014649428526809
-29.181213283521060475
-28.527951205824592762
-27.846732628424888389
-27.221644932557467200
-26.742338141555080711
