719.569266360576989427
502.053395034071797909
374.813616857955707928
306.105611566078323449
272.651648789526234395
305.050052376862481651
141.309396451844349940
46.774160668552106301
3.819391354584403597
0.218840995069773392
0.052203257378808474
0.006190569170053541
0.000558885173513601
0.002488972342051898
0.005811624117343052
0.000898712507290103
0.000000170380530460
0.000000125225017673
0.000248326076483349
0.622196445829427236
85.718095264097257768
529.339941509375307760
1488.635080324095952164
698.557861484702357302
377.514341168527039372
347.687702962345838387
441.179927913026176611
640.617862569973112841
991.682967773222912911
1591.016951521183500518
2371.951197668208806135
3437.882074954883137252
4884.182324817691551289
6661.269256247536759474
8622.835224172229573014
10636.266172877072676783
12650.097282429673214210
14592.676630658852445777
16342.167743425905428012
17854.924443086922110524
19138.529687569578527473
20424.690506183313118527
21533.187146014319296228
22447.668649346815072931
23135.239560106499993708
23578.106539506206900114
23809.097234663579001790
23889.758048795327340486
23831.593355986238748301
23610.850111293115332955
23242.228199283454159740
22815.442409411651169648
22305.653975801869819406
21711.895866791619482683
20947.898496687510487391
19938.190614496073976625
18616.503742112472536974
16977.718091198283218546
15106.485647481345949927
13152.042029077816550853
11106.300874960787041346
8906.473597441872698255
6464.269304377132357331
3848.228994135118682607
1279.423165117186727002
2556.967631592794077733
1030.366653177576154121
153.800380403293587506
0.000000000000000024
0.000000000000000000
0.000000000000000000
0.000000000000000000
0.000000000000000000
0.000000000000000000
0.000000000000000000
0.000000000000000000
0.000000000000000000
2.002455017522692504
564.602569299162041716
10.578288381783309546
0.000000000000000000
0.000000000000000000
0.000000000000000000
0.000000000000010526
0.000000952138799432
1.084659383506829666
48.429856649488876030
401.986950455261080606
1082.689981412835777519
2041.746035152416197889
3101.362343022102322720
4209.911327974973573873
5290.802940440298698377
6329.619293963759446342
7295.782665346670000872
8147.958012972623691894
8915.149211643594753696
9561.896314226903996314
10028.645586258544426528
10308.819212739450449590
10476.259310878856922500
10571.622847886630552239
10622.836633394001182751
10644.611640410912514199
10552.732133117580815451
10308.033848207584014744
9881.075828886774615967
9313.246698259315962787
8710.476055632121642702
8142.866613714005325164
7599.615688143072475214
7031.109090939849011193
6354.354317354975137278
6491.070793162864902115
6564.015721039984782692
6580.455557598697851063
6529.529934306600807759
6455.414056253790477058
6380.415126421753484465
6303.361982793304377992
6202.676429940014713793
6080.317973372765663953
5923.620994996860645188
5843.831535234860893979
5908.702100511977732822
5857.268955828774778638
5786.339188859042224067
5740.587490227394482645
5706.241812339653733943
5629.806915465149359079
5465.503228292168387270
5206.399907280522711517
4901.807580160811085079
4593.175997399962398049
4318.446873767035867786
4140.852324708505875606
4060.071705376094541862
4000.403804891746858630
3903.118718696190171613
3741.338474506374950579
3513.715258990699567221
3251.518859789129692217
3006.304140341428592365
2819.347630990107973048
2666.997840529089899064
2558.708463690340977337
2490.787570818475614942
2451.454686319174925302
2410.399076243542367592
2710.351855465326025296
2553.010498202546386892
2440.229413642271083518
2373.874372458937159536
2356.478382305362629268
2390.336382471810338757
2305.737315437625056802
2254.729260202467685303
2218.250472154611088627
2188.087374281906704709
2151.299710566619523888
2111.094395663242266892
2067.951355595055247250
2027.187027440732435934
2017.681141799719625851
2057.024085533312700136
2124.888365370598421578
2162.297474598946337210
2161.619826364376876882
2166.635084326821015566
2235.615071653024187981
2500.489359052415693441
3060.022504057234073116
2500.442524709374538361
2213.786676980098491185
2091.853406486140102061
2056.880355331261398533
2077.294429130851767695
2172.029191643352987739
2396.489828017670333793
2842.967611061109892034
3545.295518257408730278
4482.514428835904254811
5604.531231452897372947
6850.130650227300975530
8154.253073622357078420
9450.962632993829174666
10694.326864841737915413
11863.677571469597751275
12940.737318933568531065
13910.509957213487723493
14730.565180029583643773
15433.115456799247112940
16028.722073013923363760
16532.855294842869625427
16958.673705903918744298
17309.690947565683018183
17582.629875842489127535
17780.111380001653742511
17908.009833812728174962
17963.150106273445999250
17927.712313283362163929
17801.059157112158573000
17577.758997575241664890
17265.789792324885638664
16871.150660679486463778
16398.734274521262705093
15845.320168694877793314
15197.549297389545245096
14439.758307022977533052
13593.679111239311168902
12704.844296613116966910
11840.851073845293285558
11066.150718844201037427
10447.736078643116343301
9511.685790865078161005
9264.930856708409919520
9375.246992117148693069
9916.210885298205539584
10495.664998136715439614
11030.333738988747427356
11544.752340471286515822
12049.398314948803090374
12545.003178072760420037
12965.814944514851958957
13255.221591301251464756
13436.639312959221570054
13601.332472066145783174
14272.981498082612233702
14247.100145165688445559
14782.706629678203171352
15235.970936187341067125
15406.244313176999639836
15437.558808331194086350
15414.297358641228129272
15411.117324010776428622
15500.678405800681503024
15825.363747528388557839
16331.382711151425610296
16964.951352014690201031
17682.799002362833562074
18428.554741879914217861
19159.029680353422008920
19836.056214793294202536
20436.416238079662434757
20949.267577276517840801
21363.071796973254095064
21680.859677595210087020
21912.757882358160713920
22064.027626885930658318
22130.478303721032716567
22113.010071626267745160
22014.830290601734304801
21841.321659787983662682
21610.764330192832858302
21335.219535891614214052
21024.864819999336759793
20680.119208874853939051
20292.580573448347422527
19857.946950421675865073
19381.629759943207318429
18873.193853770462737884
18345.687583623697719304
18587.557186264220945304
18810.127051257964922115
19015.671584038300352404
19208.345891501117876032
19384.708135818669688888
19543.450721826535300352
19685.520396665611770004
19813.740446041018003598
19927.311881761688709958
20026.927003519489517203
20097.287209606132819317
20128.916533366984367603
20154.997364067468879512
20163.242117317560769152
20148.458934977079479722
20113.293162344874872360
20065.654391366308118450
20012.457362747118168045
19955.541138535863865400
19889.476895419371430762
19809.960134997851127991
19713.519596687176090200
19594.105691164826566819
19454.625300616698950762
19308.273256003270944348
19166.246775478059134912
19035.353463804352941224
18918.436189776897663251
18813.262408615650201682
18714.148135243176511722
18616.225537090864236234
18523.049603891264268896
18434.615630608546780422
18353.450292063407687237
18283.422165495070657926
18229.733740204825153342
2617.862923240955751680
