62.181588563208748610
62.810572001263267339
63.580938179679165501
64.152025643804819310
64.261314318552109626
64.156609804834104693
64.067363442743086921
64.097316305285374938
64.383164899458435571
64.938862797339908184
65.630709889204254637
66.369630457964944981
67.134701240764385943
67.819795553816661027
67.951010794149055982
67.245159575353255832
66.048860667512215628
65.268137321777842885
64.989283300931063536
64.528533696037101208
63.729150647746067193
63.038005247848502677
62.413400182156010487
61.680669477257993094
61.030117900318956004
60.537692680869568562
59.938422953897813272
59.569448759470404298
59.594982638005930653
60.058773528193086122
60.537191778151054677
60.910334397177905430
61.394403214351413567
62.225481563959846198
62.950537854127205151
63.568038504856176019
64.594247062636540591
66.047071078889885598
67.142058773811726269
67.732895961770879012
68.125909466792506919
68.890759760602861661
69.940684386932588268
71.061516318749966103
71.725962866593420131
71.600534749384763700
70.952324266646741080
70.354111109926179779
69.886323896842924341
69.337293658962352083
68.946733821919451657
69.580190139545180728
71.129360425289320347
73.541074947550356455
75.990377455457434053
77.650876631050806509
77.845687527208554002
76.615066046268452737
74.912576801221007372
73.966663901936215098
73.378076154410365461
71.892502599632621241
67.975734159071407703
61.482487806326048485
53.580280237267032817
45.941757308110283020
39.383714722934001884
34.105751021903955689
29.888469531852308592
26.400508873525382114
23.308175249711524657
20.362843979452918575
17.474762119379363412
14.777176023231675117
12.694209303758185570
11.497786661734608060
10.900669825247007338
10.092844648183984191
8.105174897448705451
4.410961374243441924
-0.313582208664229256
-4.465079906492803730
-7.046838277352662772
-8.393071596442666760
-9.200698259262196643
-10.059821814083989011
-11.215398244647161619
-12.455401096304058228
-13.434725558964771608
-14.085635567981796612
-14.638927149527802385
-15.184815486127519080
-15.726370505961142499
-16.190363307926503467
-16.540120185368010652
-16.779836146708447586
-16.900845281549578658
-17.065011347113937745
-17.503376224538584438
-18.226798912586815504
-18.980668499350088041
-19.516363182857588754
-19.725759769272457333
-19.733795031806550924
-19.935911269112096988
-20.695247041314246417
-22.140921183070361167
-24.032982229169164157
-25.900636952216586906
-27.419621348812938777
-28.624814241584346064
-29.839304582273626920
-31.467861454215523054
-33.687335951237599829
-36.363584733744829691
-39.362895819519252427
-42.577220569695811037
-45.838110961161618206
-49.011473417647948736
-52.054121928395716168
-54.966434473532871152
-57.700487074478218119
-60.098689489586433865
-61.918210393647314049
-63.175811888531370641
-64.192677521380147709
-65.050323778770689387
-65.711384033352004508
-66.267580803808641576
-66.930729084037068333
-67.880364893677807459
-69.122323898507488593
-70.472666037034372266
-71.665304758006129759
-72.440144747934652969
-72.630805584247525530
-72.295822752858725835
-71.715698938420672448
-71.218950720660416209
-71.025218070860233865
-71.178219458247269813
-71.551626325225612391
-71.933812358047845237
-72.159266016315200432
-72.174347336426308175
-71.983657877144850090
-71.639424119653426715
-71.243378382027543694
-70.910528687040880413
