51.675786229784662851
52.848448588166860418
54.296419914645412064
55.690679369357233952
56.849942396901106179
57.653313816279613491
57.432758347766565521
57.270964145350689023
57.719127935117256811
58.661937205612133539
59.809674450677327684
60.988660169183006587
62.140858438578341350
63.130884273403523821
63.452113025810902514
62.806259061727452320
61.562931801403969700
60.675869292238843400
60.279264051617573728
59.725417947964700716
58.874278145103225768
58.154687450611099564
57.460466743140337087
56.513087312363602166
55.370098973108568430
53.942244516915991426
51.751485039885679384
48.853365135043461009
45.047270706343439883
39.979792576158700967
33.089702168876556243
24.712060082048154186
15.761694394913547512
7.040678842050539288
-1.543698680821790958
-9.780768291031833428
-17.027976778036219230
-23.187678188915128885
-28.992199652091812823
-34.554930822685605563
-39.551120846090441319
-43.403656672726071974
-46.199841555138135618
-48.159837068718644559
-49.820288742055652165
-51.525767788737624642
-53.020804061765090864
-53.743946520507847708
-53.625214362022262549
-52.885408418901533878
-51.292285104936183870
-47.985815654705760380
-43.077618870758755065
-36.621780849556245130
-29.441641776371341166
-22.359421363264431193
-16.045439947066569175
-10.450971584981857632
-4.613144905865766532
2.704496557014607561
11.105288709050910256
19.324032056412136171
25.786035233785810306
30.242842878438665366
33.632232307221727297
37.186979567790501733
41.078591323876565866
44.871211623882572894
48.052363716117213244
50.464874503693806673
52.159998625544318429
53.215955822256972851
53.755116388543683570
54.042689648894850052
54.586402495062145590
55.711936918825699649
57.166161505961753164
58.159080279973437655
57.730291987015505129
55.351428555390839392
51.685768302433729104
48.309497630283971148
46.171613386108248278
44.857909260092071690
43.539313650318035798
41.422319940325337484
38.023273118474065768
33.415220804538307675
28.029326063785532597
22.233815037423255490
16.191338719121887380
10.174851780101363374
4.453979286339546206
-0.720272411397161250
-5.208759018403611663
-8.965922482235640700
-11.968276461385784160
-14.385806555842975740
-16.473166011432624600
-18.275907264244665384
-19.582692737942437589
-20.195377622820501529
-20.062717655364735947
-19.372251102083964724
-18.586737701103288600
-18.139513668992435669
-18.229573184069238323
-18.681527994219663924
-19.077141495570458574
-19.125567883188239193
-18.871615300514690716
-18.628215117993079275
-18.784381693566047034
-19.516073843999492965
-20.714789745208065597
-22.291691278016969591
-24.183732393448053699
-26.251513692088451535
-28.368220773385985467
-30.478928673398627325
-32.559906255966382105
-34.533618466613177134
-36.212645595054766545
-37.327401283835683898
-37.872581047470589510
-38.152461300992968063
-38.236636050997560687
-38.080342971635957383
-37.771916175744706834
-37.523313816245945418
-37.517335619154948745
-37.765823502946318513
-38.093186680255769261
-38.243557741912411529
-37.968352564235146929
-37.113312684139089015
-35.748958945044705615
-34.166899782569771560
-32.705232674824117112
-31.591204644016556813
-30.873993912925982386
-30.430721218164194397
-30.051618549113754852
-29.572050250123822934
-28.938920129479640764
-28.157552868047957872
-27.281247210236415413
-26.412742315445825625
-25.666774766503749561
