604.752108454418362271
585.122464519112327253
552.052139221641709810
520.759914429097648281
495.707653902141487379
512.462799152422917359
390.555676270171716169
314.978404550298023423
270.133891931887831106
242.785509697856753064
219.440996901829180388
198.011365696823446569
187.212906513385775042
194.315203771063693239
196.584790497284757294
174.266522978224941198
136.351146213738076085
137.948703547278228143
194.718946926107150830
313.901576759242004755
636.919496522805957284
1445.833220051289117691
2906.734537638873462129
1625.572720865074643370
968.477124534233212216
773.169697410729895637
810.690958640312715033
1011.802090352746176904
1403.401692145042488846
2079.440289994342492719
2966.148708163076207711
4149.771338785658372217
5706.068249224194914859
7571.805189253778735292
9595.233547866720982711
11644.398460976526621380
13671.742488462283290573
15610.750715686683179229
17344.662715629485319369
18834.136542357326106867
20090.098724548210157081
21346.667436204978002934
22425.252537581807700917
23310.324176407575578196
23969.138924199640314328
24383.545827865331375506
24585.687198380226618610
24636.273380439924949314
24545.950992326397681609
24290.176264377401821548
23882.977981009487848496
23413.528832247266109334
22856.559482030519575346
22210.843532508642965695
21390.082087432081607403
20319.109534164868819062
18932.383872684302332345
17225.984038056580175180
15286.203695000986044761
13264.223923872134037083
11153.977655572660296457
8894.552185941234711208
6399.087028663688215602
3736.642655846752859361
1127.451559955069342323
2588.424030797087652900
1035.282900467900844887
145.864777195694415468
0.000000000000000000
0.000000000000000000
0.000000000000000000
0.000000000000000000
0.000000000000000000
0.000000000000000000
0.000000000000000000
0.000000000000000000
0.000000000000000000
0.000000000000000000
0.000000000000000000
0.000000000000000000
0.000000000000000000
0.000000000000000000
0.000000000000000000
0.000000000000000000
0.000000000000000000
0.000000000000000000
13.269858850094880864
312.158682184083431821
975.270383333548124938
1940.057573628680074762
3022.357344703315447987
4166.767060717896129063
5294.034060036284245143
6387.643130112175640534
7415.251787557887837465
8334.005346188447219902
9171.631107946033807821
9891.624175285258388612
10433.629753719729706063
10790.510687684181903023
11035.727609407322233892
11209.627146154307411052
11339.824269934395488235
11440.682488414629915496
11427.611555808121920563
11261.061192657309220522
10911.218909046077897074
10419.166431840161749278
9890.706706353377740015
9396.165171371287215152
8925.409632586248335429
8429.889095751568675041
7827.894336809753440320
7973.606992100432762527
8059.200330270822632883
8091.977568499733024510
8060.659406697815029474
8008.714874015709028754
7957.629504277983869542
7905.451302257106362958
7829.958775469462125329
7732.623951572343685257
7600.406427399735548533
7544.210318535351689206
7631.407928744576565805
7600.581146672097020200
7547.989100772618257906
7517.733803516954139923
7495.559659119370735425
7427.692428352546812675
7268.351112338670645840
7010.905410969830882095
6705.248790934820135590
6393.613239355139739928
6114.743058472710799833
5932.463095918706130760
5846.647435879554905114
5781.388480620472364535
5677.559571295085333986
5507.985267780361937184
5271.375060519651924551
4999.555844637164227606
4745.109897355143402820
4550.557288435025839135
4393.265136257051381108
4283.066822707848587015
4215.761113879655567871
4178.309370424636654207
4139.087007118713700038
753.475585011362227306
731.442606104065134787
693.061542473621443605
668.145842907171640945
675.746878828701369457
721.149527254451868430
683.178576180832124010
666.092781478928031902
652.042553722951424788
632.212060224006677345
606.992746947637442645
580.298961387555777947
557.814265805829563760
549.168016361162585781
569.699879518658235611
625.252819343667965768
700.847154367799362262
770.285323823518979225
835.230183568544930495
943.363950958277087011
1187.161158263985726080
1703.271304948181295913
2595.727393906153338321
1734.283895606605710782
1238.468012330058627413
1009.262071433961295952
932.519752618392431032
945.761038830586244330
1056.703806410582046738
1319.123608617569288981
1821.068359591283069676
2586.147337407606755733
3581.707689269114325725
4749.504573535335111956
6025.054235845504990721
7343.657836857932124985
8641.672546994885124150
9876.188581191281627980
11029.519704122398252366
12085.904090595990055590
13032.280015207334145089
13827.585459796178838587
14504.924220196318856324
15075.256843907192887855
15554.045711579237831756
15954.131960879547477816
16278.513615692530947854
16523.308522259154415224
16690.523636682559299516
16785.466720799744507531
16804.477637718133337330
16729.341565743230603402
16559.109028969443897950
16288.156311954380726092
15924.425770426960298209
15474.099790991436748300
14942.523613866551386309
14327.227922236535960110
13615.884326718309239368
12794.054807087579320068
11884.751699214772088453
10934.709670148391523981
10012.465712223591253860
9182.868181734276731731
8512.496627487569639925
7491.445251026443656883
7193.289712761657028750
7261.847967252670969174
7776.003059515126551560
8322.538977804808382643
8824.099978247149920207
9305.296694890348589979
9776.676581862335297046
10239.034412433957186295
10626.673459348598044016
10883.025752106173968059
11031.537323953783925390
11162.262584936634084443
11387.039081996043023537
11811.905567748855901300
12398.417445197968845605
12894.840757470876269508
13108.235800785651008482
13182.547531738960969960
13202.067478450622729724
13240.567923206450359430
13347.121492688116632053
13673.171749577342779958
14207.302911881542968331
14885.516920700916671194
15659.758741654868572368
16470.784420684394717682
17273.356050223450438352
18027.682430728393228492
18709.180825324521720177
19305.843781503186619375
19805.169265876447752817
20209.420285706390131963
20528.160665103379869834
20766.289847472067776835
20919.405641889836260816
20988.263325043670192827
20975.932698315315064974
20887.635116689532878809
20741.466606624333508080
20549.288861336262925761
20321.081187347099330509
20057.101658317933470244
19748.909793110306054587
19392.413421671168180183
18993.555977235708269291
18562.717998871208692435
18113.922096141144720605
18359.301410553940513637
18587.928158337083004881
18802.128979447636083933
19005.777066197319072671
19194.938616800336603774
19367.730341859994950937
19524.554341814317012904
19667.791047420992981642
19796.313336641302157659
19910.567749531794106588
19995.032866780333279166
20039.979669701406237436
20078.280078741918259766
20097.263897156124585308
20091.334575319109717384
20062.793974624622933334
20019.354139089336968027
19967.932011785891518230
19910.586841400006960612
19842.313881068483169656
19759.376063459720171522
19658.881708965713187354
19535.204126472548523452
19391.378602835771744139
19240.432233491588704055
19093.253942059865948977
18956.416063058924919460
18832.787586634538456565
18720.530483076388918562
18614.702207172002090374
18511.336483495109860087
18414.725731973936490249
18325.133805466492049163
18244.703162643218092853
18176.368448008419363759
18124.358417591345641995
4499.180356443853270321
