52.930368187501784405
53.668527743310342260
54.714371586832150740
55.809218647006204606
56.676816652876425451
57.303083068225490138
57.524805453278403888
57.707978406880954481
58.175069160880198638
58.955326781457436880
59.897165041215366443
60.877701870955064578
61.837916936561192927
62.676135351138995588
62.988551915344835663
62.530710424242570866
61.558769883507203247
60.809940325471245615
60.342380021081382324
59.569397591650599111
58.330956307927763760
57.017974351412725298
55.859654197228834960
55.100892590488207645
54.439144814210060019
53.297446410220018720
50.989416689418547435
47.521768192499010297
42.865812487246927276
37.126078882784810276
30.225122390752872548
22.554225813935985911
14.795356793038962451
7.470352437053293215
0.242348493451231661
-6.863481944870642337
-13.323109438081019107
-19.091399984205793317
-24.893641346539197912
-30.787919570669401992
-36.362317345520068557
-40.939835356446963033
-44.512105450509920956
-47.218515113073181055
-49.533669941776764745
-51.757939491164336232
-53.606533853011768542
-54.500447395509723947
-54.361580399615093029
-53.410837024602557221
-51.424254574214785407
-47.559351733993906919
-41.956691882806040894
-34.713612312751877198
-26.714015029265510748
-18.859672596903095609
-11.917580861016205063
-5.945092980712047392
-0.080718485551130925
6.832683238573537210
14.355744358034513652
21.224691472046430363
25.916312225502935007
28.311505457535730557
29.640294744950750783
31.690018948685263922
35.300064446404405771
40.238554696013267176
45.291730352861662823
49.280324302448349272
51.905578099084522137
53.382749684622694986
54.012508581202979485
54.178550436870466456
54.457441884883849070
55.209712351718650325
56.193309893767121821
56.639080377818629586
55.722489029080861656
53.063767948269969565
49.200552286755737441
45.595424426547282337
43.196949456313575411
41.596502669781983741
39.943651310199356885
37.415547131964842720
33.599364440928837894
28.824522385052461004
23.771939760496167082
18.840810512121066722
14.026271026912496609
9.369678166037147093
4.944509834040616170
0.874678775856182256
-2.764025693424031260
-5.942394353055675538
-8.622856466217371008
-10.944745579189770979
-13.126376023634065859
-15.178165391953086782
-16.856817267224698753
-17.933370721963513006
-18.323502309387151854
-18.177498718076492423
-17.918041923109456093
-17.940143857820771700
-18.412371114591337573
-19.142147024628911822
-19.710098839307931939
-19.840281843689012931
-19.605912416840567403
-19.355653759579809048
-19.509552519346414101
-20.254798847483868940
-21.467383496234845097
-23.025814509769475080
-24.836357360012584650
-26.745433473503794630
-28.632242380009074623
-30.464014486630389911
-32.249022174454694323
-33.945541459686523922
-35.399221562830007315
-36.363191885486571664
-36.838894419632424615
-37.122061011786286144
-37.264062567957239480
-37.197028324993425485
-36.983963596704995780
-36.813293421984951692
-36.852863571715317903
-37.114684314472356164
-37.440350129411513080
-37.603024727708827868
-37.383455638249813546
-36.642811468453089674
-35.443036807439000313
-34.044194677897849033
-32.742972045148633242
-31.733460774561649487
-31.053846745022497089
-30.596341846446080126
-30.185390446146470822
-29.695890037839092201
-29.106240060259608526
-28.437460346938905786
-27.740956543461095407
-27.103428091039688752
-26.617198442081530629
