2937.814079611740453402
2937.814079611740453402
406.702160320880523159
262.349565339059495273
216.722812590829278179
198.376312331640747288
194.398661407806059742
176.142244418280995433
173.232268665680123831
171.618665676670445919
170.590458277392940545
169.906541290169457170
169.439480248511017635
169.116764587109997819
168.894983166652082218
168.744008693762225448
168.642811008756893898
168.575352669169376441
168.528238752037907489
168.493976694995126309
168.471149972614000490
168.450876241082880824
168.440259563934773723
168.432450053794980249
168.423396885525704647
168.418945146676577451
168.414902906998548815
168.412454669162286791
168.410108727447180854
