624.632497446521597340
521.011169701423000333
437.932259295244648456
373.482081038298190379
323.166710749413084613
295.142746659029853618
194.386673310510076362
118.242499227915047300
64.405248899907647342
30.045691258149389569
10.595884558151574595
2.472315894910556366
0.759479960618795080
0.655172089178614692
0.636819600967710286
0.234164421678129453
0.114986065016426525
0.357943253186464028
25.007169637578588350
105.329261016643158655
256.133715716256006090
519.814456539764591980
924.895156927966922922
693.427854228325713848
610.946644681087946083
666.251996552195350887
849.250302864136529024
1188.677974676349549554
1720.730372829266570989
2477.874034145778296079
3413.944855481262493413
4529.876062582472513895
5826.088186180735647213
7262.966255963930052530
8776.081026841378843528
10309.966704149890574627
11838.733754712868176284
13330.311043330206302926
14735.867545630248059751
16034.341174399611190893
17223.716975735238520429
18037.000151707132317824
18749.472242753785394598
19349.498664943497715285
19820.585230781307473080
20152.692613556195283309
20354.764512246729282197
20447.066401303098245990
20433.657639333203405840
20307.402915284001210239
20075.540812856852426194
19772.142242466496099951
19392.180946282765944488
18939.396529803820158122
18388.822101262747310102
17720.502625305711262627
16919.343229757290828275
15993.063061947039386723
14981.514878401558235055
13190.699317367367257248
11381.326335249255862436
9541.437904232558139483
7652.635161406163206266
5751.862237429207198147
3927.489048648458265234
3415.075565496788840392
1998.402902668948627252
945.930991164179317821
281.076546982430329535
0.162255626388820184
0.000000000000000003
0.000000000000000000
0.000000000000000000
0.000000000000000000
0.000000000000000000
0.000000000000000000
0.000000000000000000
1.915886979131828038
225.596627834516425537
3.487884916979861583
0.000000000000000000
0.000000000000000000
0.000000000000000000
0.000000000000000000
0.000000000000000036
72.411649372638009936
309.874768939156410852
718.177371880292071182
1300.839226774266080611
2028.607059486475236554
2815.803742234289074986
3630.275736202405823860
4429.338450296176233678
5197.745166234254611481
5914.575033731647636159
6555.783475190156423196
7129.086090054232954571
7615.989325111309881322
7989.073977176298285485
8245.106982724893896375
8416.655808706957031973
8522.943203169277694542
8578.320724145722124376
8591.879123756638364284
8530.642050277005182579
8381.443864332200973877
8135.765678463291806111
7815.817350478699154337
7471.612824150811320578
7137.716817367670955718
6813.801728584003285505
6482.624375192582192540
6112.264353880214002857
6048.085235159823241702
5968.278838475228440075
5876.525073635424632812
5768.027594925456469355
5660.990022652817970084
5563.789904633292280778
5474.435660554529022193
5382.021852305200809496
5285.672704334599075082
5178.266849035950144753
5105.850540338375139982
5095.885087321107675962
5035.027383553351683076
4963.444591532632330200
4899.185222684451218811
4835.501487198446739058
4748.927112499705799564
4619.652389821163524175
4444.875835172683764540
4246.224134832535128226
4042.205068216449490137
3849.960669486591996247
3697.480328667871617654
3585.433607942446087691
3482.111661412432113138
3363.094106079199718806
3217.724156462443716009
3046.476811244624514075
2864.047102001260554971
2694.077923753012328234
2555.993294726448766596
2441.400284183901931101
2355.847515889287933533
2298.753981092545927822
2265.335134170513811114
2241.905585339333811135
3112.638526419111713039
3022.815127559807024227
2936.025224174788490927
2871.867419483700814453
2844.036483200836755714
2841.467439744131297630
2793.750239451781453681
2752.987838786620613973
2709.212525054931120394
2659.779531029836107336
2610.380527157954475115
2564.047149350608378882
2518.361408066206422518
2475.754967659882368025
2464.186269704012829607
2500.938978117222177389
2566.040251706311664748
2600.526917491522453929
2611.028826016854509362
2659.518998159038801532
2763.157316004832409817
2916.045796140115271555
3140.421404209907905170
2914.812572553220888949
2771.172684061287327495
2700.394746798986034264
2718.586865487718114309
2821.621356405905771680
3022.820636410972838348
3339.463570103910569742
3876.099345786190042418
4605.691679772786301328
5450.896248322114843177
6367.656906219173833961
7343.578803472208164749
8359.615969084261450917
9365.174694079869368579
10337.994165602414796012
11300.953433760152620380
12249.331305419800628442
13162.551229819267973653
13701.689270453251083381
14169.883018681537578232
14580.455853982244661893
14958.566786215842512320
15321.914678551496763248
15659.746560533614683663
15944.182616149779278203
16173.365609007840248523
16363.002563482597906841
16505.435835218682768755
16549.705956534016877413
16506.891382226967834868
16374.273145289946114644
16196.188985487731770263
16011.561156327290518675
15855.637492217210819945
15732.764056187550522736
15602.858004254750994733
14948.582527252790896455
14248.717025300378736574
13578.818137282170937397
13047.864520073419043911
12701.322145907748563332
12527.038554964699869743
10696.125877519352798117
10523.894113944284981699
10496.694769864043337293
10651.792112288181670010
11013.140728354539533029
11534.838463051557482686
12034.898691531039730762
12523.745933273468835978
13002.184922412156083738
13404.553682029601986869
13674.343558883763762424
13835.082044540531569510
13978.037154417712372378
14377.828387448269495508
14585.204145020883515826
15114.358845300825123559
15555.364817454157673637
15712.866946261668999796
15730.972582263702861383
15694.144933802941523027
15729.627208399975643260
15945.052141772315735579
16295.880742279106925707
16715.581951894295343664
17164.911307838734501274
17668.575379536781838397
18184.717766490677604452
18695.274376227371249115
19161.622120012507366482
19567.783053690411179559
19915.749184811971645104
20178.401791193147801096
20371.319986178972612834
20528.321250339744437952
20657.159755896605929593
20723.293811568775709020
20711.856954003982536960
20616.049660635031614220
20437.074486778317805147
20230.850056355091510341
20028.487508048056042753
19855.472269222078466555
19698.017233264421520289
19506.473077985450800043
19250.278359116047795396
18942.441612224673008313
18616.240984401338209864
18322.211261756565363612
18421.846154211951215984
18537.832243533681321424
18669.714465402295900276
18826.039905766327137826
18984.200749549181637121
19132.602713823205704102
19271.569043516698002350
19411.771654845317243598
19550.330820689658139599
19692.034612435127201024
19773.623325515403848840
19755.994224891412159195
19780.995572515341336839
19794.680810847854445456
19772.285083255701465532
19721.640376144598121755
19672.766816288589325268
19651.696326476725516841
19663.306102926944731735
19681.786766029825230362
19685.936520725612353999
19656.956505470141564729
19562.833496851930249250
19407.170541228711954318
19235.502286558948981110
19084.238013176396634663
18972.084928873584431130
18903.189418989899422741
18863.083758981665596366
18825.507119223970221356
18769.477819184019608656
18709.754383302159112645
18643.438230768577341223
18575.332577010660315864
18514.448850718588801101
18478.225894961735320976
2190.900699148960484308
