52.356462981236056464
53.525031041240794139
54.969284914992414315
56.321794612852272621
57.242721581022188104
57.774980047276891071
57.944767266645399673
58.048360441901408535
58.416618818002746139
59.120124063896241751
60.020810314660621998
61.003456087401680463
62.015397343527759233
62.921279966195378108
63.226050767883933190
62.637789432844805049
61.508877940603966294
60.764296709284664644
60.518036178113717938
60.113744437237052409
59.401636804991888141
58.777536103939389989
58.048514474858279755
56.830545267600868442
55.171954803222639896
52.974674048831573714
49.747135558770850139
45.606645165379035234
40.570503203595720265
34.674049892030481601
27.693813308620448765
19.905362114749650004
11.932398427008607200
4.310272727168481310
-3.216850731750952264
-10.514036998704085590
-16.958951197227321472
-22.444833499197642368
-27.682715177904071879
-32.762804597511006932
-37.341033936698124762
-40.827417949335966796
-43.303106542521362599
-44.987578963263445075
-46.420343750117581294
-47.950517915871813557
-49.327491049593106709
-49.994194685672454170
-49.884200606564036207
-49.220906520165868869
-47.773625404504173275
-44.682679174818844103
-40.058539515848480050
-33.952276895608264340
-27.182069686647935214
-20.562972459673204639
-14.757156953720368620
-9.709064080882484404
-4.453834275204656024
2.238318517360909254
9.953262266728103214
17.399711612073389233
22.978120130445319091
26.439813772084903576
28.794379181917236110
31.483466877257768601
35.019732738972919606
39.261429667296141588
43.674564284891602028
47.708606555456611886
50.950112451359728993
53.206241052916624312
54.533030771169109130
55.242913454028439446
55.930694826535898301
57.010192355614123016
58.303426524863368741
59.081575305330005676
58.430352709197222794
55.833932864132094664
51.917766669677263280
48.195190426298609054
45.559346280509032567
43.571191549220117167
41.442845958301120390
38.530334705181786603
34.596054615357587636
29.932492913032035631
25.029005488744019203
20.134554020947348363
15.205374219396958324
10.320318021903148065
5.615106446998538559
1.268614474049542196
-2.607258999616078654
-5.966831802918761696
-8.771626611472669310
-11.169327574189338748
-13.389066049595498953
-15.449602602985351041
-17.112249373523297891
-18.150998020616043505
-18.485993136581726048
-18.275219921658731437
-17.951129422573501415
-17.916973771842663155
-18.344133446481635019
-19.035971317464259300
-19.564828801225246480
-19.648082494220773242
-19.359484434121782215
-19.057179240564096290
-19.176503432555875861
-19.920058530163942123
-21.174377895106943015
-22.820979760743625775
-24.761282115725407493
-26.830583120022083676
-28.893320091556290663
-30.900478831582347539
-32.843284405072779464
-34.662405722939524821
-36.187605781021318307
-37.163073485704217092
-37.593032185970798764
-37.787201189523273115
-37.817201743360215005
-37.637702572320336003
-37.334628843809070986
-37.116285677935763943
-37.160998363569717640
-37.475602074370158334
-37.879186118220388835
-38.110462905609324480
-37.915580244050943293
-37.135472061360928819
-35.836658869762516133
-34.307892021355428369
-32.885808223013043516
-31.797681710991923865
-31.094073297528382227
-30.654460203366113547
-30.271803966691095411
-29.783838361008292850
-29.138746351958161540
-28.341485096400504062
-27.443167167025762865
-26.543032812071601256
-25.752502048684220881
