2987.709637900871712191
2987.709637900871712191
397.137411820634270043
299.367390697958171586
250.959194502883406130
196.589337520786614277
169.624190409012385317
169.155148251368984802
168.998513245823204443
168.911222517848841562
168.868860849351250408
168.848059731267539973
168.837242754360971730
168.831426472594728239
168.827325265971239787
168.822547628194229219
168.816032364736429372
168.808219901774748450
168.800401697637710186
168.761773348429926500
168.727969690870025943
168.648155936468526761
168.646604841777246975
168.646604841778639639
