52.130121941527434615
53.064964835553212197
54.207569418307222975
55.142193251812514632
55.597552961017086659
55.855905747517041959
56.440211489216068230
57.115449975926949833
57.901007515188396724
58.840629113793625038
59.862392646410903296
60.891395012804387932
61.865419813032261231
62.661288846275354558
62.916537902096450807
62.435703639301948442
61.476886423913015278
60.703329578792981636
60.330891978541203002
59.930090382470552868
59.385593770440102901
58.683754813695173880
57.265640435320108281
55.727809023708324787
54.650039576449486844
53.380271440872881783
51.198127843841653828
48.035881654437076804
43.712260030568110381
38.107332328918019471
31.000665759577529457
22.890496614108798212
14.695774405209860447
7.062217463967144226
-0.356684822903190479
-7.588686898127349423
-14.152968004468164054
-20.024973410310565214
-25.929333274732186965
-31.909030183437835149
-37.533113925995991167
-42.111895146394033418
-45.635465208625703326
-48.251239536747249304
-50.446824390495294210
-52.536378533587992479
-54.247230339982110081
-55.009879661395217454
-54.753062687553210708
-53.702171881847704071
-51.635812418493173936
-47.712587498016347354
-42.073118399525412769
-34.814298753498121641
-26.819682932217318694
-18.991298509037875419
-12.096974113468434098
-6.194311785499138523
-0.418948246359349241
6.395464893925804972
13.827703261230936960
20.642448675341199760
25.355647151474300927
27.895571459443772255
29.532589655774756920
32.040694739551838666
36.112034849779547585
41.195372300443636959
45.933599750644788173
49.528137804360198970
51.950397082246837499
53.406210726412183476
54.133194701200778809
54.469831560832375317
54.967614912884187106
55.978657263304597791
57.266588000096959377
58.052921511279379274
57.385877446339662811
54.743756952101762181
50.794256641624656368
47.113970728185677217
44.644361726745160013
42.948624961676415523
41.152033617183604974
38.411271787309715364
34.310964132444780716
29.227088833638646292
23.930267965197771218
18.886225547450948170
14.093573910875420552
9.551698627054463486
5.278367720826338427
1.346978564024823299
-2.204807032796196609
-5.370839472900996725
-8.119870265884486571
-10.580925357762026806
-12.948894989816665202
-15.204277741910800614
-17.074838677808770626
-18.309487403461957911
-18.811361285021803269
-18.727559946137830593
-18.484779565973497029
-18.486632184812151536
-18.912754405816315284
-19.582529416812860745
-20.087793648347656017
-20.161021546069719079
-19.879257211937101602
-19.590135907043418229
-19.709774459527125146
-20.421673080265520639
-21.600512101091453587
-23.125860516866453054
-24.906145230959623404
-26.789774444202066661
-28.656960068015621346
-30.474884008705430460
-32.251452082174580482
-33.945305716559971643
-35.403415732571886565
-36.379822813720693375
-36.874678424953742706
-37.180430386584191638
-37.345025850679746782
-37.297670537246915501
-37.098160274611245768
-36.931355008403841111
-36.962616691009770875
-37.204413522739116615
-37.502622321447688591
-37.637779856280701551
-37.398798689888565150
-36.652365953014168554
-35.460243588222510880
-34.076402860684993357
-32.788769030524804293
-31.784374709710277784
-31.099046175489434063
-30.627952690196366348
-30.202013011922076657
-29.702869916664440098
-29.113404848042193862
-28.456172869282966076
-27.781301147851820588
-27.171933570118255830
-26.716007687547687510
