51.827905904389439229
53.243171349972250539
54.649109849988121823
55.854220683343228870
56.793886218059775217
57.519552131510991444
57.597470089852912167
57.711855606325002555
58.194750578790298334
58.957002920874245433
59.818343520621553466
60.698884973230697426
61.655032766575601499
62.700202314564016604
63.291376527501306271
62.875166125812945950
61.734489321046865484
60.804092461837520034
60.248428293602771078
59.561836641786428004
58.709864196511468037
57.991241917306247444
57.283100218686350047
56.438635626777056586
55.400060748788824583
53.995811714432548456
51.779316664121310509
48.871435158031871993
45.069456302451484930
39.974121082649887171
33.005901099899688234
24.525156985506470164
15.499476008297975227
6.773259474328185092
-1.736686398750634908
-9.842685244230708008
-16.944464314155197826
-22.985413139241842373
-28.720416831970709381
-34.264127107922831783
-39.280482807670722423
-43.178020607722089608
-46.031682355391779993
-48.052552348679114402
-49.771116096851358179
-51.527930326127119542
-53.064957447887707076
-53.819110214741442633
-53.719357070410580945
-52.985821760831072424
-51.385851156487348135
-48.059261415055999578
-43.117856412287068224
-36.616459086542647583
-29.380088893664435545
-22.234237148457907551
-15.855082864961474343
-10.203670800485298287
-4.332012512871273202
2.976949284459948331
11.308657457542068414
19.395957638149269542
25.693437455409792847
30.008753751463643766
33.332917178798595614
36.918669257090073188
40.913769220083679556
44.831655053641867426
48.117434266757442174
50.596976400763253423
52.325247484366087747
53.388741996273097357
53.913650124557221943
54.162680492205680594
54.632448398897764719
55.624110685571594104
56.848438338281710003
57.529923748406673667
56.921205577170724155
54.714732937268763635
51.380315794335558621
48.261070921988647342
46.269493741668355824
45.017794482572838888
43.693969738860829466
41.521928284719990643
38.053637344371480822
33.395562823229681726
27.988538540877613059
22.194474877776258381
16.166189327085106697
10.167607295955889413
4.461922365403495405
-0.702085001248889284
-5.184207212747281801
-8.936821891775338145
-11.934700297871529528
-14.346797694495961650
-16.427552221870001858
-18.223203751703863418
-19.524081233030074145
-20.134610148596664203
-20.006524782102758309
-19.329521380522692198
-18.565756033163154370
-18.143560785466490870
-18.253159760008031753
-18.710523604197646819
-19.094011810874860657
-19.117438189963365858
-18.837381814909122113
-18.581667925936699248
-18.751480241224726342
-19.526088953584576302
-20.787724329781667620
-22.426822921191899241
-24.354536435730267385
-26.411084494443969106
-28.466050502425787272
-30.482871702185832419
-32.470750252303218986
-34.382680301315645011
-36.045074461755007178
-37.183403523638787647
-37.776568937862009534
-38.111463861209301740
-38.243762878452116638
-38.118720655759545934
-37.816841727005225948
-37.543582723784595601
-37.478989769086922479
-37.640713600632125235
-37.871010457391093951
-37.942338361132897262
-37.636679999132297780
-36.819034936690798077
-35.555416291485357760
-34.107638706419777463
-32.772050922018934216
-31.742364611879338554
-31.056563016608777161
-30.603782707239588490
-30.198835271629832278
-29.699578008034848153
-29.062675653575013257
-28.288087061825137880
-27.414688144266563086
-26.533699575202547294
-25.760973121050426471
