170.945249913230924221
52.255265843703000428
28.385368222426919260
24.033750012820995323
23.110220398945124032
22.685723555787415506
22.581686001558818333
22.410012529139791582
22.389542613558489847
22.313437118723143726
22.309496564312418343
22.306531811504591190
22.303518716364589380
22.300393957468767070
22.297105653391287916
22.293630821262624409
22.289968308683299369
22.286145437749691922
22.282219944863431493
22.278272472932030723
22.268287008512750447
22.233508261514948856
22.220367539617182473
22.207782882547729031
