2009.016373818718648181
1997.155917400828911923
1951.460380134312572409
1863.380834077339386567
1717.846907514669510419
1526.726856331075623530
1525.272531650230803280
1488.833548225351023575
1435.877208105396903193
1378.157423903667449849
1315.800879297963319914
1253.652292095772509128
1203.711396074533922729
1172.790891109951189719
1135.032356213349203244
1070.853540075971068291
997.020781868689482508
976.063975154483273400
1010.130304700864826373
1044.190101080484737395
1070.067462488225146444
1057.825236587006429545
1040.365465671328820463
1102.892380913375973250
1150.895121941254046760
1193.440796616665693364
1247.462577609278014279
1350.097867437856166362
1527.310025429309234823
1824.263052119362782832
2298.239645331551400886
3649.060500689124182827
5423.074991380859501078
6484.324736084781761747
7131.929744562108680839
7691.047676583187239885
8255.019934175514208619
9109.097521670564674423
11509.242782403860474005
13714.684064947552542435
15564.661362824963362073
17099.020675401956395945
18352.476910646611941047
19354.093259212848352036
20127.836412654167361325
20693.088001796462776838
21064.931755844729195815
21254.261406383619032567
21267.814163384511630284
21108.163125251354358625
20773.638422549072856782
20258.163209550526516978
19550.920320603316213237
18635.876904692584503209
17491.037058774476463441
16087.579600074977861368
14388.848138692739667022
12350.707289691992627922
10018.047843840251516667
8652.992802740900515346
8179.989759728880926559
7725.323080715707874333
7037.587288460978015792
6082.485052473259202088
4774.885551667213803739
2683.291486293737307278
745.546690782283349108
1.010432688268697587
0.000000000000000000
0.000000000000000000
0.000000000000000000
0.000000000000000000
0.000000000000000000
0.000000000000000000
0.000000000000000000
0.000000000000000000
0.000000000000000000
0.000000000000000000
0.000000000000000033
0.000000000000000111
0.000000000000000001
0.000000000000000000
0.000000000000000000
0.000000000000000000
0.000000000000000000
0.000000000000000000
0.000000000000000000
365.856157100136726967
1921.213113717938995251
3531.928974560907136038
4169.136796723442785151
4618.754265401444172312
5049.250245291767896560
5498.340859732112221536
5979.273200288463158358
6542.658397749000869226
7308.948106541924971680
8167.221626090304198442
8860.153287533914408414
9234.293185135289604659
9312.040970261068650871
9199.189063112398798694
9024.263951462047771201
8870.257269147212355165
8682.604658852933425806
8425.218650521412200760
8068.682046603199523815
7655.763624508350403630
7295.782379828116063436
7063.190438148610155622
6951.004569143879962212
6911.954589998291339725
6863.456760078106526635
6628.225758067413153185
6420.453045582464255858
6239.086111727966454055
6062.941899592286972620
5924.577053145648278587
5834.198518498807061405
5778.897225043153412116
5726.477558367506389914
5669.779702652223932091
5588.681138868526431907
5588.137686225362813275
5731.216450333088687330
5755.057715382566129847
5754.475232828797743423
5773.329874656376887287
5797.940320758919369837
5775.349081787696377432
5660.374863797006582899
5446.610182068428002822
5183.814245973057040828
4913.935384977159628761
4675.421932229142839788
4531.911757302642399736
4483.304125610787195910
4453.802876899574584968
4384.391247722126536246
4248.027103526219434571
4043.547768790478130541
3802.815990903090096253
3578.330926022596031544
3412.523653759419175913
3282.868568577251608076
3199.610724697507066594
3159.270308081134317035
3149.632622517744039214
3139.632206025044979469
3599.153998968170071748
3585.096104919126446475
3544.045588253636651643
3491.460247279212580906
3433.854198562110923376
3362.211623665841671027
3402.132684219014663540
3415.160008273510811705
3403.729651292208927771
3373.942652948270733759
3334.343066757699489244
3293.010842835285529873
3257.644632723506674665
3237.623163615181056230
3246.034162754793214845
3288.174253550964749593
3353.718490371325060551
3421.115680430540578527
3484.007073147761275322
3553.281516172717147128
3635.263761793364210462
3737.492908170100690768
3853.886669345704376610
3855.150494050817087555
3873.953398809014743165
3912.798421948374652857
3972.560693048077610001
4052.005286365128540638
4156.859159729554448859
4299.888626674263832683
4502.689995764650120691
4681.789981350042580743
4900.619048231903434498
5303.385531662450375734
5808.192681217925382953
6331.179646306011818524
6829.140563939173262042
7235.070942188980552601
7336.936420420735885273
7419.799837035004202335
7517.642704592873997171
7631.512373744676551723
7762.166359543535691046
7910.197320836863582372
8076.042541920689473045
8259.999469067655809340
8462.244980985578877153
8682.855572072880022461
8921.825487639400307671
9179.079930767327823560
9454.480765970183711033
9747.822670760502660414
10058.818427987989707617
10387.072995061722394894
10732.047106983090998256
11093.012421118241036311
11468.999959384344037971
11858.520937314684488229
12243.916161094721246627
12411.534584214437927585
12373.817579853339339024
12286.847507917416805867
12215.623377739531861152
12196.691674087271167082
12279.726102047285166918
12573.128185020248565706
12966.846457236169953831
13348.879785305083714775
13716.494716433548092027
14067.497096357757982332
14399.973574856780032860
14712.302915524300260586
15003.148896405182313174
15271.437559584597693174
15516.323971388794234372
15737.153840971759564127
15933.424977388815023005
16104.753001990235134144
16250.845207386588299414
16371.486014633954255260
16466.537021025971625932
16535.953931263884442160
16579.821475041320809396
16598.405525828424288193
16592.218973281807848252
16562.094799694161338266
16509.264380325214006007
16435.794952690823265584
16357.420880665285949362
16404.271608146118524019
16671.629275777948350878
17026.884009806730318815
17412.282520209246285958
17786.736719150179851567
18117.514559938030288322
18375.641969116699328879
18533.205855241700191982
18602.177493009090539999
18620.302076304706133669
18614.663760423281928524
18590.244523461347853299
18541.586126751280971803
18461.049038719131203834
18347.863560106052318588
18219.691549769810080761
18092.100583875359006925
17979.766700285839760909
17887.920925698595965514
17812.838635829459235538
17754.253425616388994968
17720.574348592552269110
17723.081757777272287058
17775.067202927493781317
17793.410928741104726214
17855.685081445659307064
17958.356524491176969605
18098.233926117874943884
18263.517797450804209802
18444.059644224853400374
18632.155091303717199480
18822.770465713303565281
19008.450876340604736470
19184.605457390280207619
19332.070056303593446501
19438.817176147367717931
19536.455987137695046840
19611.922064005299034761
19659.710136466859694337
19682.469128783071937505
19688.314454499963176204
19684.484958285349421203
19673.203289201661391417
19649.448965263094578404
19609.312622802357509499
19549.663390916164644295
19464.691391292009939207
19357.411988318948715460
19241.028469539545767475
19126.717099227469589096
19021.321061264836316695
18927.872382953275518958
18844.564657340859412216
18766.403795016853109701
18689.400197389237291645
18617.991973636013426585
18552.858152797125512734
18496.819456046057894127
18453.577076145717001054
18427.860182206091849366
3232.501816561539271788
