50.330569196424903566
52.004498120020912211
53.663003986447229465
54.754749415827589587
55.082864601525216131
55.051968656906865363
55.856818330408671613
56.597089380770079003
57.181993708875680227
57.803589215875149421
58.517262910803950149
59.282056152978725549
60.090165328047348225
60.841440510291199928
61.065990047941653529
60.483607849919749810
59.439408901511171734
58.830086753757804274
58.697301555454231448
58.127054244819007067
56.145912355702158436
52.968538255888489630
50.740208507290859075
51.723046555568004123
53.296603653244922327
53.491940657406814807
51.851870594275560222
48.612794153450906265
43.709153360758946860
37.201356163846085678
29.197178245091592430
20.393528320855111247
11.715500004620878371
3.845011529521713101
-3.446610267469907285
-10.069952201904698086
-15.484644162856881167
-19.678818079922393736
-23.458262905785005614
-27.000883154055998148
-30.039560381609163642
-32.048951529076106226
-33.162754507631944989
-33.642438727044890356
-34.061025971868957640
-34.794480637072098261
-35.613423846667501493
-35.976619612749203725
-35.827661606537361649
-35.393412622105017817
-34.439278984672426986
-32.093618368257779139
-28.446446204375206435
-23.519738052195691580
-18.094003963012312397
-12.938120325484533168
-8.659313923284628345
-5.137508006469829525
-1.332728014666599847
4.070116085117888360
10.746512334377854359
17.479601799803958784
22.681172423208806777
25.963358412779854234
28.015405628792251491
30.074162698240371583
32.750556091428279615
35.825757514758265643
38.523699100349602986
40.422762213990523605
41.543204125248024638
42.025283795879659010
42.041503745544673620
41.881947861770726149
42.057509732946414260
42.875215282151742713
44.043937306134438359
44.776745701983600156
44.338894290533716003
42.466206818073459317
39.610270593285264340
37.082481331184965256
35.791546763167303880
35.356652317858845436
34.971794576737664784
33.845447197100355652
31.467575477788329863
27.879818680329947256
23.539103448143009700
18.867906800984854954
14.039213991001872728
9.277930728891050194
4.781413096697860965
0.734969210040247845
-2.770766651600467867
-5.722000463397648673
-8.113821174056681684
-10.124878791167418512
-12.010616452508486418
-13.809875523472214809
-15.295691938643585672
-16.242982587340009104
-16.560543778574640328
-16.383626608842064343
-16.114432816289195216
-16.124736542531593386
-16.560330916790860556
-17.210923537356563884
-17.650760023638554230
-17.615652632140495371
-17.212756270076340570
-16.842895620457795758
-16.980139453435072028
-17.842968512609729714
-19.300131176770378261
-21.190763507499184470
-23.370064723361053893
-25.639302955732205191
-27.846407889068643726
-29.941936298610755784
-31.929548811733354796
-33.771623854139420473
-35.323296941346484346
-36.349299439102651377
-36.861968870254258945
-37.165800769498844147
-37.318657151307036202
-37.256673841094141153
-37.043898821195227811
-36.867259016282218909
-36.892428548713439795
-37.131059099590345340
-37.427929256031518435
-37.562957719570533754
-37.325203210969846168
-36.581825139015563764
-35.394438307314885606
-34.015564318000599542
-32.730581120814406404
-31.723794022792844771
-31.029154035527028554
-30.541446584054142477
-30.092605262035533542
-29.565980361934805387
-28.946398644861972116
-28.258967216585176629
-27.557605135574249289
-26.930786824258404977
-26.472433664842299095
