52.518240466334340510
53.341462785895004117
54.452768215488696057
55.536828728281093959
56.322316865382404671
56.882192396936538614
57.146949113900618045
57.442531799349019650
58.019483414999150739
58.887659273454488584
59.900849564872771680
60.941765944445890568
61.945392995491076249
62.796840920926499052
63.094580636757541470
62.610117434197512409
61.615951080510626525
60.844664771330243980
60.356712657779709730
59.554285107331459415
58.197462099562812909
56.617206264461330534
55.325536561511128752
55.004693190106848988
54.719861678456794607
53.758283384184117892
51.632336724755987234
48.401706908718288958
43.916691211706137210
38.092449706249411179
30.750474180013512182
22.325098987380400217
13.621921905411880971
5.327673926785649883
-2.722911612868401221
-10.364077380076395229
-16.983122382568097919
-22.503544290526917848
-27.674027572131109309
-32.621920423331630445
-37.034990732038806982
-40.347307103025400465
-42.655956894011296754
-44.189614764779065581
-45.492446382864756060
-46.915775233635969244
-48.210123155068373535
-48.819016317196314958
-48.675972178989837857
-48.003235317079656852
-46.567375238834358697
-43.504081735152198007
-38.917357189953321495
-32.850414666891538218
-26.112908977788748643
-19.511329018283021242
-13.699149767197184246
-8.610552107230944330
-3.266039046277938951
3.585863372926155535
11.558065968447550631
19.377411738814174669
25.414113366674087047
29.273192226101855340
31.702206120791800004
34.054285105294525238
37.070536371809282628
40.655051276369704283
44.046092752015994165
46.679011177182957226
48.478707340269721726
49.572176852727551477
50.135240057522935331
50.462169054562963311
51.072199837637015207
52.290598020698553228
53.854474249189735247
54.966676695652807894
54.707830921576885430
52.609335440859808841
49.280117329462541420
46.209338775860800297
44.295856541850838539
43.077203330928739433
41.680156054672721666
39.348335928081667134
35.755349256918520950
31.149452935000113030
26.051551875767501087
20.817114461189021313
15.524121349787321833
10.333490713330149902
5.414272869577303027
0.946263221909589447
-2.973383943688475028
-6.318929206530128795
-9.071970625953838407
-11.398588093677176403
-13.544338613339732547
-15.542214461941398440
-17.164421359200844108
-18.190563231553880996
-18.539560290038309631
-18.361596772407324352
-18.077526715113947375
-18.079863835384287540
-18.534646382387450103
-19.247188154821003536
-19.796726643105898802
-19.906648935683961099
-19.649883704871854206
-19.374930420217708615
-19.502325056424069771
-20.221664436189826120
-21.413898451571242276
-22.963893059532551888
-24.783409072863662459
-26.721630943261345692
-28.657037796601173341
-30.553001416159872861
-32.411952273396195778
-34.185825338106042182
-35.714585090290199787
-36.746652968011972007
-37.279532038754553014
-37.605998366145627188
-37.776015031610825190
-37.721701492601653172
-37.506640723938915016
-37.319958873407188094
-37.330567557597419182
-37.552374746619761936
-37.829821523210398482
-37.939488725859234819
-37.665452293955297591
-36.871431135797365641
-35.620758838433232540
-34.174014409862820685
-32.828253052101956655
-31.778168014543723530
-31.062422116340712819
-30.572787572122365418
-30.131706000222607145
-29.610490585248442130
-28.983106077617776464
-28.266400674605392851
-27.508807314141904499
-26.795737123697108473
-26.220082545924981332
