1079.030276784445277372
1038.945989076150681285
984.019326635774518763
920.581747121585522109
846.194643670799109714
786.650226986901543569
670.043819341330163297
575.899626709357562504
501.259767818262787387
440.187999561248034297
382.000053812516682683
325.523956267573055356
279.473984230183475574
249.584182399668918606
209.237328150088558232
130.014123918318972528
7.060829888923536579
0.025049268739332796
88.394766946709566469
128.233171830713359896
130.039036728464566295
161.549163364476697780
207.528519246113660301
270.979777487941248637
332.190167566519448883
413.222194552577775539
506.316890010986810466
643.349849737840713715
839.526318622538042291
1119.554443959053060098
1476.610434360467706938
2604.293490216885402333
4387.101120540045485541
5706.047850359695985389
6399.264333734687170363
6963.533260318138673028
7527.795788202796757105
8183.948424920376055525
10016.893078165563565562
12186.808608175739209400
14022.587372832662367728
15556.552454640919677331
16822.388755039217357989
17848.610501246759667993
18658.683545259220409207
19271.305118953190685716
19700.570643205239321105
19956.046312326205224963
20042.831431789680209477
19961.618354472120699938
19708.710817111728829332
19275.979609887057449669
18650.650134366063866764
17814.952612916982616298
16745.505629728104395326
15412.618948168874339899
13779.494951811573628220
11803.087325924385368126
9558.520778167872776976
8439.966818991100808489
8054.571375175670254976
7652.775050188562090625
7012.804871796741281287
6090.051655218527230318
4629.713642594611883396
2248.199566387548202329
548.436219384887181150
0.341532342567112013
0.000000000000000000
0.000000000000000000
0.000000000000000000
0.000000000000000000
0.000000000000000000
0.000000000000000000
0.000000000000000000
0.000000000000000000
0.000000000000000000
0.000000000000000000
0.001592773367221156
0.000008888643237159
0.000000000000000000
0.000000000000000000
0.000000000000000000
0.000000000000000000
0.000000000000004426
0.000000000010174518
0.654369141132784771
502.243826400877708238
1994.924847185782937231
3590.610342581657732808
4244.991394768311693042
4667.688418315909075318
5057.519703311280864000
5458.188202616177477466
5892.830801412424989394
6467.467320704108715290
7400.489186682535546424
8485.267980380369408522
9334.224710618180324673
9794.761805402400568710
9876.698410148757830029
9663.777629951053313562
9313.424995609582765610
9008.656452416464162525
8765.556850129156373441
8520.590240607702071429
8207.587132082993775839
7848.102687215406149335
7542.024026088233767950
7359.652937652489526954
7291.751153763006186637
7289.737992038019001484
7270.469993573667125020
7061.497920402176532662
6873.056338913253966894
6705.216698069154517725
6538.051989295280691294
6405.431703731011111813
6318.804264851310108497
6266.428807557455911592
6217.160650746334795258
6164.716533842946773802
6089.537340102668167674
6096.656937284094055940
6248.577379982628372090
6281.878738393475032353
6290.295073655227497511
6316.716019261341898527
6346.885539231705479324
6327.673925631465863262
6213.952064133619387576
5999.469509488531912211
5734.216356927685410483
5460.498703657522128196
5217.150757251924915181
5068.112163167685139342
5013.468048587308658171
4977.483916746536124265
4901.132906653288955567
4757.378316496160550741
4545.156383490450934914
4296.577091475759516470
4064.529507427160297084
3891.884005859913941094
3756.443555427299543226
3668.553170736468018731
3624.519714470813596563
3611.646338413750527252
3598.308590730644482392
3894.439105474510597560
3860.293561472744386265
3809.528523202598535136
3766.642758777737981291
3746.493818656413168355
3748.513829221372361644
3716.418126178443344543
3691.034188790061762120
3662.399879507082914643
3626.178205735222491057
3584.575060124765514047
3542.230319094662263524
3504.928459607661807240
3481.217710248227376724
3483.444676030613209150
3511.841394620610572019
3541.513415245347914606
3614.736926097789364576
3705.232823783402636764
3772.977998684263639007
3831.064264204185292328
3874.221654703034346312
3911.006534743632983009
3948.169102730585109384
3997.800726010985272296
4062.531058557139203913
4147.586617856856719300
4249.547145836480012804
4368.212755628750528558
4508.995032936659299594
4698.266857932677339704
4864.215616701265389565
5039.215301175013337343
5372.763288720395394193
5856.246498077798605664
6378.694159500093519455
6890.096834032088736421
7352.397452315383816313
7577.375574906403016939
7700.356171978709426185
7835.991158239859942114
7986.117710472818544076
8151.488557433100140770
8332.719787333770000259
8530.296195551274649915
8744.581307162201483152
8975.831388841728767147
9224.210805126607738202
9489.805831272331488435
9772.634032922391270404
10072.646562656511378009
10389.721209330591591424
10723.644759633563808165
11074.084180508873032522
11440.547284561236665468
11822.334852435711582075
12218.486106154601657181
12627.465201584311216720
13027.123498026068773470
13183.633271207378129475
13162.937519660707039293
13102.110100753483493463
13061.118111471707379678
13076.804225324391154572
13223.527625447857644758
13600.764612782626500120
14010.449814636453083949
14406.636412933534302283
14786.737208699025359238
15148.542147895575908478
15490.176935758761828765
15810.122553355395211838
16107.212784921457568998
16380.612959812604458421
16629.784545520247775130
16854.440547524431167403
17054.496572754793305648
17230.022230362232221523
17381.197447833957994590
17508.278248367951164255
17611.576405670410167659
17691.456908878473768709
17748.356062404902331764
17782.821067623499402544
17795.568967821509431815
17787.559638070681103272
17760.095385562501178356
17715.697608840862812940
17670.007986692940903595
17724.296767193660343764
17979.260372187494795071
18314.659531388635514304
18672.447942735267133685
19014.660797310618363554
19311.047014658874104498
19528.937931126209150534
19631.263057931304501835
19646.126351835933746770
19630.849188564152427716
19613.494357381056033773
19600.573451599637337495
19588.503989282900874969
19564.262058488500770181
19512.162562145193078322
19438.675746082888508681
19360.813218284631147981
19295.886042794856621185
19249.800299000173254171
19218.137238107257871889
19199.560860350818984443
19201.607550981803797185
19235.051106661274388898
19313.038919909999094671
19347.070669807428203057
19420.576029329808079638
19530.591005355465313187
19674.670550712358817691
19841.840866726681269938
20022.775415085052372888
20210.498271023963752668
20400.552253160698455758
20585.880668030567903770
20762.115702062110358384
20910.167018229203677038
21017.960767206484888447
21116.905698449907504255
21193.715435476537095383
21242.613474470996152377
21265.961875437093112851
21271.633282229446194833
21266.720871052217262331
21253.418325808706867974
21226.785664540399011457
21183.069630165973649127
21119.325012374025391182
21029.898098431993275881
20917.880343868204363389
20796.468960162408620818
20676.799666421407891903
20565.707681370717182290
20466.306161793418141315
20376.982537854913971387
20293.027864064188179327
20210.755965612737782067
20134.816471544130763505
20065.908106922084698454
20006.636327764903398929
19960.308618276816559955
19931.264341295969643397
2071.080924286047775240
