8731.499843847754164017
8036.333586407061375212
6288.545277103842636279
7822.715792124352446990
8071.418071372210761183
7142.203676645273844770
7213.683610932333976962
7377.339818520988046657
6989.533585271859919885
6901.036828867593612813
6855.875211449763810378
6508.554951390595306293
6524.744483196774126554
6389.753276954629654938
5630.650827117584412917
6068.944562920163662056
6022.628404506627703086
5726.764732428053321200
5732.453359575208196475
5573.771980500630888855
5427.712051333325689484
5312.735404753537295619
5153.723583825349123799
5003.613906552622211166
4852.342422272067778977
4690.475712285544432234
4418.122281901721180475
4431.935766502342630702
4194.292953274261890328
4551.357428298892955354
4516.486209883904848539
4956.743024970493934234
6480.080351939033789677
8131.509263767742595519
10390.414826795906265033
12479.248563651575750555
14434.702321206206761417
16318.871852227983254124
17975.681679286110011162
19292.098966449797444511
20254.641289247891108971
20999.556043343021883629
21450.543202302604186116
21644.441953819969057804
21608.799998184054857120
21366.718951191360247321
20950.764957834839151474
20412.909367260774160968
19825.203610721087898128
19268.950618744398525450
18802.924803535337559879
18433.917170959779468831
18116.726158235629554838
17797.735839823904825607
17436.853677593509928556
17014.178481664126593387
16512.600274100179376546
15901.500535182607563911
15130.274867537707905285
14127.108249430330033647
12777.164049737382811145
10926.325332509251893498
8426.579035572911379859
5515.610675538988289190
3522.397833109213024727
2301.560109997575182206
1871.853496035803800623
1618.971787872623963267
1535.015609116619998531
1588.524909422952759996
1691.953107692360845249
1792.549487750395428520
1885.739851548555861882
1970.070483557672105235
2041.486612552102769769
2095.962611063725944405
2130.901885312543072359
2144.135331942743505351
2133.798268180434206442
2099.521509898786916892
2042.593239709291765394
1964.351289542776385133
1866.168659329323190832
1752.096213538564825285
1623.529614508669055795
1481.262538664941303068
1358.600070376265193772
1393.096478486803789565
1701.244484500410862893
2312.318756817182020313
3446.726736473367509461
4902.080306620069677592
6252.524171019517780223
7285.648619793443685921
7949.377469774929522828
8293.665900727932239533
8418.572618805686943233
8416.750154293773448444
8341.154820982468663715
8202.080680940871388884
8000.662766599994029093
7754.015516770226895460
7489.780311834232634283
7222.079242364820856892
6943.778787517403543461
6642.609712492111611937
6312.070197472876316169
5963.039779594653737149
5629.206821982174915320
5349.723411043328269443
5137.532366962544074340
4972.281500244152084633
4828.602983240309185931
4697.210411550560820615
4578.980277615865816188
4476.362003204696520697
4391.136794344668487611
4323.763457422474857594
4273.493603990290466754
4238.376232925676049490
4215.458155143767726258
4201.018310800073777500
4191.426455008124321466
4182.753220501524083375
4171.586843885590496939
4155.609074480021263298
4132.260213271952125069
4099.841860643853578949
4057.317878752562592126
4004.821868730261940073
3942.837700651326031220
3872.337758667134949064
3797.668404924151673185
3723.586282466796092194
3651.765589953333346784
3590.105995234556758078
3546.742430706770392135
3515.293002299697491253
3509.064058954972097126
3539.031519420368113060
3567.026915609525076434
3652.472050784673683665
3799.815104194751256728
3841.614637570646664244
4077.357297514548463369
4551.416671064452202700
4403.243883211333013605
3822.787310503872959089
6568.183540453568639350
6324.197610578237799928
5750.365500920586782740
5784.292298484186176211
5820.169812696078224690
5857.785272873778012581
5896.845838928387820488
5936.982031487234962697
5977.750556016679183813
6018.636901903295438387
6059.050195971116409055
6098.322782087802806927
6135.699541877166666382
6170.333698329578510311
6201.273470002868634765
6227.449442534942136263
6247.657487817341461778
6260.538716043182830617
6264.560340859685311443
6258.000058470387557463
6238.943724619964086742
6205.300868364567577373
6154.859178180833623628
6085.371846428813114471
5994.699297912658948917
5880.996318969895582995
5742.942162602679673000
5579.986941456905697123
5392.586738402384071378
5182.381223840508027934
4952.268881263093135203
4706.347752643478088430
4449.706435101181341452
4188.087339379331751843
4150.370626839884607762
4386.309989292733007460
4570.865513051636298769
4712.993788503669748025
4823.602438224968864233
4914.913455114809949009
4999.804233487889177923
5091.241474314720107941
4907.441417787074897205
4713.237933360262104543
4570.607545639290947292
4476.889883187290251954
4429.381357173815558781
4425.563874337411107263
4463.282016398979976657
4540.879100725983334996
4657.311976228079402063
4812.236499498643752304
5006.064525448321546719
5239.975298682827087760
5515.868194925443276588
5836.248035369279932638
6204.026144175471017661
6622.231964877238169720
7093.619175203216400405
7620.163129423685859365
8202.448009667534279288
8838.970974246209152625
9525.429640110534819541
10254.101269281645727460
11013.511205118893485633
11788.591934236963425064
12531.421786868000708637
13217.167166043125689612
13867.027349423235136783
14468.171584084944697679
15011.608897837675613118
15475.452157404994068202
15871.374577152299025329
16206.880487471953529166
16486.345685712527483702
16714.996165464301157044
16898.082691810352116590
17040.292653337899537291
17145.371864122498664074
17215.919126058252004441
17253.310203157161595300
17257.735758502825774485
17228.336146650104637956
17163.463628259840334067
17061.078759614490991225
16919.307392184244235978
16737.119323912487743655
16515.054454145833005896
16255.839439637315081200
15964.714560197757236892
15649.323759148190220003
15319.145522990520476014
14984.584159524227288784
14655.937551699842515518
14342.500690095930622192
14051.931135622155125020
13789.961269548226482584
13560.374848508736249642
13365.199461658532527508
13204.983928950225163135
13079.104452752248107572
12986.057869855634635314
12923.697534186117991339
12889.437277902812638786
12880.389761656433620374
12893.498485436546616256
12925.609045063658413710
12973.555408243992133066
13034.221545013975628535
13104.616243308479170082
13181.931063305011775810
13263.605687800623854855
13347.375330590524754371
13431.298289114132785471
13513.768872890934289899
13593.505710608587833121
13669.533474721843958832
13741.159269364781721379
13807.940184454782865942
13869.657883210484214942
13926.284537236577307340
13977.948482742818669067
14024.898568939757751650
14067.459083863142950577
14105.987825477584920009
14140.828848410861610319
14172.273668617584917229
14200.513420306842817809
14225.613662146402930375
14247.488377247493190225
14265.886828250440885313
14280.397287688525466365
14290.457995540389674716
14295.390583235588565003
14294.440764227938416298
14286.829733859853149625
14271.825294405265594833
14248.793516173111129319
14217.277696723886037944
14177.044059455050955876
14128.128421660916501423
14070.864113797013487783
14005.878640476235887036
13934.081269758949929383
13856.623182311126583954
13774.853136586058099056
13690.280178450913808774
13604.533389349253411638
13519.344355826715400326
21156.470789888098806841
6130.064707980467574089
