53.035474739664962840
53.735864144521265473
54.761817678004177878
55.858409681417882098
56.746211730638805193
57.391383771467737063
57.604970816093299391
57.762684867646569842
58.207281824825670924
58.974251172063141269
59.910097006536020103
60.888045977975714607
61.845271260821931492
62.676541509910123295
62.975292259456118416
62.494049931797853503
61.482723978945713839
60.671136712458178408
60.136363421738330715
59.379922373414508741
58.406192956601607591
57.607274979391966951
56.835361873853173620
56.261088086844559086
55.458390848148319208
54.060934268007123649
51.825852127121770252
48.932485754664917010
45.158881154438475392
39.978777095307577838
32.628083306787218021
23.680128106411117983
14.460791759532767742
5.947946184361256883
-2.060087995642376768
-9.603060457738706646
-16.272259861839160067
-22.094159112328597416
-27.810016778660923364
-33.474433466886779343
-38.687058406970749047
-42.806955210221616426
-45.876971447117398384
-48.089479293392116688
-49.964820676728578519
-51.838313233164853955
-53.449255519795570990
-54.233150470191503700
-54.118162079800526953
-53.324020183923607874
-51.618245824043611947
-48.141902092984878436
-43.010041694262326928
-36.284241255371682655
-28.802037993721484099
-21.410283072577414032
-14.818749733399897650
-9.035993683030739021
-3.170814906174257430
3.944596281646141733
11.882635444583570461
19.425413572767865844
25.143953475862900859
29.007420961937867787
32.159779892718546535
35.906345392019829887
40.258280375418138419
44.474335565356170719
47.893525936882099359
50.434417685680159593
52.217589004083379223
53.335037700178503428
53.910400412755336674
54.206366236693298788
54.722017295843045304
55.763685546900575218
57.046582647618095052
57.780756168802923867
57.192012206447628841
54.959053850086803550
51.537708197923961961
48.314392963520674584
46.234013754260558926
44.910207999463068518
43.527719958164226455
41.282836061345761891
37.623183256530495555
32.531476929170736412
26.552222962932773953
20.415000674234391909
14.564954987580449597
9.246548697370315040
4.463950356964602406
0.160369292543862230
-3.735403502335401527
-7.244903262695800095
-10.292898462818925509
-12.939178120520921311
-15.328200689968696224
-17.427815035472036698
-18.988423689314743115
-19.805857470901116812
-19.842483798583657517
-19.305531193690001146
-18.672362035381468104
-18.380398099132094103
-18.623674407176167733
-19.218456436665121601
-19.740092653746728502
-19.895790071166231883
-19.733131491257722701
-19.570826557259238143
-19.801313602617426568
-20.593433034592806052
-21.817474064218913554
-23.356836456792620993
-25.128069986297134619
-26.988529057691664548
-28.826291520403685809
-30.614513593249228052
-32.364624888938067215
-34.035908896034698046
-35.473474885412201729
-36.428783615428528719
-36.900867954788793668
-37.182885133489889995
-37.324090445855972575
-37.255299478415395242
-37.039025839121109129
-36.863875759961331369
-36.898302236685992739
-37.155029728694728419
-37.476162301172848856
-37.634982648446282383
-37.412010963270802222
-36.668153270805589727
-35.465489819653100767
-34.064846223428276062
-32.764111051611280345
-31.758533587931367492
-31.086911039566587078
-30.641228430686169304
-30.244921264106380931
-29.771434924853053872
-29.197564940751988161
-28.542614771267892593
-27.856130970192225504
-27.222907013691724387
-26.733681435808136939
