168.410108727447180854
52.594684206411528749
29.929999419122246707
24.988250132862152242
23.502987393096823610
22.772399870285696011
22.418809036062071982
22.125934749199075213
21.973898154159321905
21.833930125069926476
21.720677203440736491
21.693574394177890241
21.529683177117089343
21.451711382492209879
21.384539918957468529
21.324844997504072808
21.271450489506229076
21.223509877837017257
21.180445288489146094
21.141749259744500478
21.107158222068775899
21.076249107483537415
21.048674241720590317
21.024100319473330245
21.002219091262968931
20.982749873181067102
20.965438459073254762
20.950054850071346380
20.936389991252330134
20.924248497787516499
20.913323248990440817
20.903508597182238304
20.894075823080509480
20.885750358821372430
20.874803254252547902
20.868069587086754524
20.862606845249391796
20.857668998254798254
20.852354203335838889
20.848628814777892870
20.847260779207626769
20.845728194420274804
20.844081506349262156
20.842369114289152066
20.840639686889304016
20.839336260421866598
20.818244952498691447
20.810413095371369963
20.803706851872071582
20.797831776432129658
20.793144778119529548
