225.783567000565142280
226.171527998955752992
226.689114946422165531
226.995362031360940591
226.827507958369125163
226.433202560605309372
226.041858338858617117
225.757339385946494303
225.716691657046339969
225.934537877775227344
226.278302325867798572
226.660687299049243393
227.063494215690553801
227.384704592914744126
227.156562913178589724
226.105047329521909205
224.590380801609086348
223.538483232766054698
223.063478483012289644
222.516166574391832000
221.771458013143302423
221.285319959917018195
220.990219689112194601
220.662525375671350503
220.440998641015653448
220.358075268748990538
220.114410060420794935
220.019614588810441091
220.214677289430568408
220.722408916207314178
221.099067020114745219
221.204623482567143355
221.235353988657578839
221.409732194407780526
221.264089656064385281
220.799077191364517603
220.548973019864575917
220.562676938724735010
220.092938446666209984
219.030524772351611773
217.715044361054282263
216.744267519000572975
216.054239227412949731
215.448660660945108702
214.413683295969519804
212.625385708975244370
210.357095607614553501
208.185019977197981689
206.190697719298100310
204.161697634334871054
202.335485812458273358
201.574200288120067626
201.765232428058993719
202.850409955038571752
203.999228769196918165
204.379312682080922059
203.307431984050936080
200.817199460558583723
197.855311325279103585
195.643260206855103434
193.775100012512837111
190.990880761993281567
185.753487126205897084
177.920310778514505046
168.670323692931503956
159.696989303749887767
151.842261806673320734
145.326938530090529866
139.943766895188133503
135.364968334134260886
131.255014107184251770
127.360854907910919565
123.587399566523686190
120.062444883595674128
117.204890128319391351
115.281787152029323806
114.001414887754037863
112.549668789525981083
109.953701131754257858
105.683459020824102481
100.412135280880590926
95.740390990762023193
92.662483556379925176
90.842014869507011099
89.580109513962554502
88.284910006668440019
86.709887687367540821
85.065657751012963672
83.696057296240439882
82.667682244318598350
81.748709777104295426
80.847998672284120403
79.961642577830616574
79.162113760853287658
78.485400422621296457
77.926685547181989477
77.494069812239388284
77.025175076717800948
76.288490698682210223
75.272729928839737568
74.232112863313318485
73.414903819234325510
72.928898645436902370
72.648860535962967333
72.179071963062256145
71.156141714899888484
69.450718903544782279
67.302541781766819895
65.182207643066647051
63.413800447078813249
61.962275985757287344
60.504393488389325739
58.635244654006044129
56.177850923108735515
53.266239177858437870
50.034015304903618926
46.589131655588062131
43.099949305223276497
39.700483838178911355
36.433851924906093700
33.299614674666372593
30.345643443872631906
27.729484084111845732
25.693931795748767399
24.222196747059228983
22.993076292938724237
21.925043837307782724
21.055465382713407507
20.292627928200033693
19.424736994042689275
18.272289161274954949
16.829494835745151704
15.280355378041463155
13.891036099843404372
12.921731397014923459
12.538944793837913494
12.684292761396648075
13.077459839528501107
13.390160574980711772
13.403041821152839930
13.072743959911576894
12.526049186750356057
11.975163820471323106
11.586348305455885566
11.414212897465631613
11.455397538822978731
11.659192162783313051
11.925515852433477448
12.140750101427386198
