2348.076553861420052272
2351.115131821989507444
2317.020318320596743433
2227.505396964087140077
2060.265539996957613766
1823.723282100419282870
1881.376280341538176799
1885.627506969917021706
1859.753793760564803961
1820.673300105583393815
1772.921820583004091532
1724.349946805058152677
1688.377256853827248051
1671.379456083433979074
1645.635266924600728089
1591.078946008230332154
1528.122234130176366307
1525.127397884793026606
1588.684105643370912730
1664.959478808547601147
1740.478642689259686449
1690.254376293628638450
1683.544320889536948016
1611.716149187800738218
1564.226732435860867554
1699.170455105960172659
1807.650772838526336272
1935.189628389618064830
2124.093394903164607967
2417.634588214607902046
2863.488372753829025896
4214.332632380699578789
6231.395426244895134005
7807.581230408680312394
8597.405526088552505826
9284.242422416115005035
10011.424905429215868935
11101.140423457069118740
13988.059765965303085977
16739.206703702875529416
19229.337931464327994036
20756.179856939925230108
22022.483841860146640101
23030.652241698899160838
23785.835868287551420508
24295.273652422023587860
24568.008789452233031625
24614.748216586660419125
24447.872736872312088963
24081.780589398738811724
23533.504365612188848900
22823.433403351558808936
21976.129894903730018996
21021.713743269257975044
19997.524527403704269091
18950.179037490932387300
17937.590179751954565290
17042.543370552742999280
16712.673347672622185200
15174.294269380819969228
14004.642306536372416303
12861.944782887838300667
11505.525220745217666263
9357.107584101993779768
5417.792499227070038614
2307.165458868190853536
670.467300683358189417
130.061250093971523256
0.000000000000000000
0.000000000000000000
0.000000000000000000
0.000000000000000000
0.000000000000000000
0.000000000000000000
0.000000000000000000
0.000000000000000000
0.000000000000000000
0.000000000000000000
649.918241481415861927
0.000000000000000000
0.000000000000000000
0.000000000000000000
0.000000000000000000
0.000000000000000000
0.000000000000000000
0.000000000000000000
0.000000000000000000
230.374440517888501745
1599.265498350313237097
3254.832679020380055590
3943.045458281432729564
4406.996236843739097822
4850.829746581774998049
5315.326375933302188059
5813.921742243232074543
6400.698870933466423594
7198.452580329146258009
8075.829086364243266871
8762.496938124919324764
9115.443961634238803526
9170.181296402644875343
9047.534756332537654089
8885.851594295894756215
8766.224561072256619809
8625.948064497431914788
8421.517431464171750122
8119.251638673064917384
7759.758021818903216626
7451.343070606904802844
7268.065991140463665943
7202.913530969462954090
7208.809047984333119530
7203.484554172801836103
6961.053731805664028798
6745.348957351136050420
6556.052914405502633599
6372.611236022788943956
6228.080445816328392539
6132.990547650802909629
6074.595794750903223758
6020.738750318822894769
5964.226158211520669283
5884.826680777569890779
5887.384973242708838370
6034.716073025168043387
6063.405024530943592254
6067.870598576886550291
6091.546842025139994803
6120.379489517156798684
6101.163884809916453378
5988.622108118658616149
5776.381511135541586555
5514.331516321990420693
5244.605681438989449816
5005.848381174454516440
4861.852888233630437753
4812.603171777464012848
4782.305877760535622656
4711.882295296595657419
4574.217123973638990719
4368.119274255899654236
4125.507222906492643233
3899.023276916574104689
3731.275581983781648887
3599.843197497471919633
3514.931994543200289627
3472.822152520095642103
3460.914856236617197283
3447.797907390943692008
3338.253054114701626531
3334.787313790796360990
3300.802164767771046172
3247.239167990098849259
3177.557629471466498217
3081.225254650069928175
3158.065274104678337608
3196.864103662688648910
3203.053131954151012906
3185.852260975950684951
3156.360570845271467988
3124.399919073385717638
3098.481108842968296813
3087.769821181626411999
3104.544353281726671412
3154.080429983647263725
3228.123591912958090688
3308.422239027937848732
3391.007428307270856749
3487.532599378837858239
3604.331380795830682473
3760.611216041066199978
3921.268455735278166685
4100.109542101020451810
4259.583526097264439159
4368.858745217070463696
4469.681005131736128533
4572.275708690514875343
4693.793746661166551348
4857.286056449341231200
5089.051490562705112097
5296.880669324674272502
5514.773912501055747271
5888.443834955584861746
6443.685039278718249989
7047.396275647503898654
7654.080513630116001877
8192.719032929893728578
8419.545158749675465515
8639.825292745397746330
8873.652433306575403549
9122.507684451120439917
9387.643294198407602380
9670.060467835968665895
9970.466452381275303196
10289.237339562962006312
10626.386367560538928956
10981.537250301926178508
11353.902051148150349036
11742.263339205474039773
12144.960826455720962258
12559.883366911255507148
12984.468076044209738029
13415.709348103575393907
13850.181602185868541710
14284.080494379888477852
14713.278689474804195925
15131.434710984451157856
15475.566335620038444176
14932.573139024685588083
14370.744940623822913039
13860.923055944895168068
13458.501936074158948031
13273.496069101258399314
13488.921331204277521465
13733.190447658427729039
13955.483971304116494139
14155.649586206713138381
14335.073066060836936231
14495.488078514061271562
14638.820924643552643829
14767.035281120824947720
14881.989720177050912753
14985.319588088685122784
15078.350576383139923564
15162.047038141447046655
15236.994495321665453957
15303.413188827504200162
15361.198004353791475296
15409.979528669198771240
15449.201107588554805261
15478.207263790791330393
15496.339328962492800201
15503.034304061649891082
15497.922560637751303148
15480.919138383787867497
15452.308082561719857040
15413.014871315021082410
15372.643066766195261152
15427.498164168166113086
15701.720473771740216762
16068.722398266692835023
16467.736163705740182195
16859.008626553641079227
17211.315396537713240832
17496.316342220965452725
17686.269303401200886583
17795.535155763725924771
17862.658800214634538861
17912.209107696071441751
17946.312228669856267516
17956.503373574123543222
17932.917205403646221384
17874.170804542256519198
17798.224847118504840182
17720.970581798042985611
17657.133589562159613706
17611.870028269615431782
17581.405920520679501351
17565.545630595654074568
17572.901106406730832532
17615.037697902196669020
17705.557525412663380848
17715.988413209586724406
17770.101318963086669100
17864.853049942688812735
17997.465211441238352563
18156.454390691440494265
18331.884835456730797887
18516.161180381113808835
18704.263468846038449556
18888.665781205720122671
19064.633956664441939211
19212.790730537570198067
19320.847787422982946737
19420.151810271123395069
19497.354200791647599544
19546.692372195455391193
19570.608699393284041435
19577.083409345406835200
19573.301291945190314436
19561.511829835577373160
19536.792829010773857590
19495.382134556883102050
19434.302533331680024276
19347.854374057806126075
19239.081559159680182347
19121.136091727312305011
19005.105684594185731839
18897.760119868216861505
18802.115036288123519626
18716.422504915659374092
18635.806788577698171139
18556.404680787829420296
18482.712627902168605942
18415.333577907371363835
18356.863947854250000091
18310.701126294290588703
18281.355917201268312056
3690.731186283995612030
