165.979610087873595603
47.883507213252244128
28.096979373217997988
27.858327861143969528
25.456900472235304278
25.193497908089813819
25.169650558866603518
25.155729158277317481
25.142559079953635148
25.129427584046755584
25.116028463404639126
25.102292044116765624
25.088399950732299004
25.074749173004629910
25.058490534293184737
24.991797679640587404
24.985672823719799140
24.979599025466171724
24.973199490301922765
24.966231128350823809
24.958539929312024697
24.950101914831073202
24.941065272247129769
24.931690519927037997
24.922350843981668334
24.893662397953949750
24.819755081234880834
24.798834640142104035
24.775356724672043640
24.750965940021156797
24.727712752900941950
24.662509548066381626
24.551581712026464999
24.543546045927271848
24.534800077160515031
24.522831053849898808
24.506605362810709892
24.486760013481944753
24.466208004222902872
24.448345978375979115
24.434528057910839038
24.423878227722596534
24.413943820110596050
24.401160398843824595
24.378565485895627774
24.335302461143463404
24.266730633679536311
24.188631928995757647
24.123677304359372187
23.941348342013668571
23.700022373418551780
