53.025221319633509154
53.710874145460863360
54.710200179089333972
55.761353310232088631
56.588869009171737900
57.197153156057751744
57.442050402078940863
57.666601680076169600
58.169062862509399281
58.973155848864053041
59.929632209304571688
60.917287169418152359
61.874590441210251868
62.697011169657933749
62.985819153379317470
62.501488432842798204
61.492840778607266827
60.679709472725093633
60.144751525107416512
59.407288558890464003
58.522933321333958645
58.018040346531272178
57.480415283660107661
56.526915456451476416
55.291608197513795631
53.814720429144301761
51.646446487113763624
48.785413104621710545
44.954419333022258343
39.649897929357791782
32.141639620760997786
23.047505953181300242
13.944011181594788695
5.792818659986622265
-1.811140723326246871
-9.045077998843311207
-15.539989258833330155
-21.314384907696307891
-27.086931148639735056
-32.882249916126710332
-38.266800959144518401
-42.570159202077633154
-45.813590717409795161
-48.175732541977652090
-50.168993283278183526
-52.124456621186112670
-53.779389484980299585
-54.568585475112456606
-54.420406402045387040
-53.555607347605132418
-51.743751768689918435
-48.129414378139216524
-42.833375126192891003
-35.926221214026583084
-28.259084019427461953
-20.698084567219069640
-13.977698325172809746
-8.133258930700151268
-2.295124120140229707
4.695968716333680959
12.417517864689074258
19.661647274993185874
25.009576645891684166
28.460535577446052002
31.249329885641202509
34.834898270129059483
39.314842787126451640
43.827523500195809447
47.515339746865976167
50.231939845433686287
52.119301977420064986
53.297330599738842238
53.910396442289538754
54.237621159125950498
54.795328238163136803
55.914231021426047619
57.343952627238735431
58.295804715511138738
57.809668068093259308
55.356474291245376662
51.597455582880627389
48.104530690048278530
45.818622560608218919
44.311010107831378946
42.726836326485113204
40.222610957732257475
36.222817325966190083
30.787935971243172162
24.687341296468048313
18.795736966203293150
13.431739723689474886
8.630500705958638719
4.305463533880015348
0.414929461596955207
-3.080207566270303232
-6.207220658348973075
-8.935160606609656497
-11.375404133082525959
-13.702622384270569000
-15.885476299495508101
-17.652262900632649689
-18.762808691573695796
-19.136562714761907955
-18.937185782466201545
-18.604573810422209590
-18.550484226907201446
-18.957340714739871146
-19.642279282944343777
-20.190394277518635135
-20.323737213508763944
-20.106587770282885685
-19.873507720785198671
-20.029911487041601958
-20.753661018017908191
-21.920104036093277955
-23.414526979178219790
-25.153249061452470414
-26.992147401721069855
-28.817144205422721370
-30.598986517045489109
-32.346896845063952242
-34.018597432789476898
-35.458448631645069327
-36.417647755167990908
-36.894900853802141683
-37.182828124794411906
-37.330172716637491703
-37.267241647361800005
-37.055752266296622111
-36.883224885520746739
-36.917213471417198889
-37.170346909718034567
-37.485756120984262907
-37.638684483260817615
-37.411867573265510600
-36.667673552651763202
-35.468026162611522523
-34.071940659134952512
-32.774784883550807990
-31.769848179611017258
-31.095408231374449315
-30.644548651091781721
-30.242883196428238080
-29.766152699828410277
-29.192784443069115241
-28.542770570606592173
-27.865374421812873607
-27.244254029350770452
-26.768594849355736187
