2104.359268187849920650
2088.332045628021205630
2041.552309602240256936
1951.356941321523891020
1799.167626067461696948
1595.676266759074678703
1605.934993003201725514
1577.415489004163418940
1529.580494548405340538
1475.305009528731716273
1415.730195791477626699
1356.429378601982534747
1309.771881089652652008
1282.346864739419515899
1247.154101856687020700
1183.327866162381496906
1107.552319305618539147
1081.981333017553652098
1106.425933918022792568
1123.148704494316234559
1127.895215650453110356
1174.256142551291077325
1416.617873067372329388
1398.757258337916482560
1355.922597032991689048
1351.001626945391080881
1400.172625976399331194
1543.843946255041373661
1819.288323976233186841
2283.210803612450490618
2903.719500361716654879
4015.351848089108898421
5422.382707254225351790
6532.245637569360042107
7399.070513635147108289
8148.159795572700204502
8856.171651272667077137
9581.510047455340099987
10761.273072882888300228
13410.446329239333863370
15939.187909893265896244
18046.358164381876122206
19777.631758683375664987
21173.028632840338104870
22261.824280464566982118
23065.339336506782274228
23598.751662358736211900
23872.185618557479756419
23891.344795264158165082
23657.842806077202112647
23169.235451210137398448
22418.688987501878727926
21394.136678110626235139
20077.014511852557916427
18440.199045980130904354
16445.897289362765150145
14062.201898801873539924
11552.166703937968122773
10063.847247894340398489
9380.058730482232931536
8858.838690934790065512
8256.680942141318155336
7407.465716128165695409
6296.222893820417084498
4954.711161875386096654
4786.814771714493872423
1863.314882483219207643
187.345590152892270908
0.000000000000000000
0.000000000000000000
0.000000000000000000
0.000000000000000000
0.000000000000000000
0.000000000000000000
0.000000000000000000
0.000000000000000000
0.000000000000000000
0.000000000000000000
498.751723515488322391
0.004450596648497024
0.000000000000000000
0.000000000000000000
0.000000000000000000
0.000000000000000000
0.000000000000000000
0.000000000000000000
5.126253624164622380
1025.239999995958442014
2171.851496745354324958
2994.707959535542613594
3598.578337630301120953
4181.570649140141540556
4765.094610926602399559
5369.238536964092418202
5985.764946734831937647
6599.042758779244650214
7253.344067063506372506
7894.080743709060698166
8408.460530163907606038
8730.210353626504002023
8896.754012025337942760
8951.043239445523795439
8944.535563806757636485
8918.500359110137651442
8810.754586340659443522
8596.345247283894423163
8256.220558728100513690
7840.242465242382422730
7462.002109845571794722
7198.407475657710165251
7043.999636302262842946
6952.613084459699166473
6842.593474133496783907
6630.630562400375310972
6438.485478146521927556
6265.922627159100557037
6092.737590932055354642
5952.572793836095115694
5856.689687160057474102
5793.140583098255774530
5730.549069019461057906
5662.472000610082432104
5569.406494976971771393
5557.128112493679509498
5689.420225893593851652
5703.223785533469708753
5693.708476611754122132
5704.770493777518822753
5722.523800265092177142
5693.746878063334406761
5573.077280428909944021
5354.027777287428762065
5086.342437020809484238
4811.927911522773683828
4569.157499084715709614
4421.585883967914924142
4369.048694458943828067
4335.772106063262981479
4262.814158334922467475
4123.162642957929165277
3915.593388788162428682
3671.840163002305871487
3444.251147453222984041
3275.108488074132310430
3141.744361669440877449
3054.311832205049086042
3009.305636262169628026
2994.570173852391235414
2979.144398604087655258
3675.412406511856715952
3658.305976395140532986
3614.891011430428534368
3558.764087061192640249
3495.350531221651181113
3415.216216074766180100
3461.287784588356771565
3478.072559679125333787
3468.615428603065993229
3439.664652642577038932
3400.311897733697151125
3359.025962948188407609
3323.667463303630029259
3303.464117546494435373
3311.128236059520077106
3351.651000995252161374
3414.549388529955649574
3477.743136629388118308
3533.333136300103433314
3590.308170497592527681
3655.049512246160702489
3730.741924472617938591
3811.707474865766471339
3694.263150063907687581
3643.030504011392167740
3645.527939479762608244
3696.116389970659838582
3793.750457670801097265
3950.480997973027569969
4184.506094279906392330
4524.893940301979455398
4923.018515783140173880
5381.972431622230942594
5950.444313334880462207
6576.960047036171090440
7204.832192385760208708
7792.983107004911289550
8312.435091830220699194
8683.127469722894602455
8744.474907638745207805
8767.150818011074079550
8813.109128508815047098
8884.979354800083456212
8983.588802029513317393
9109.526525951079747756
9263.192024419340668828
9444.826188833934793365
9654.540641645347932354
9892.342056762086940580
10158.148025667964247987
10451.791442416535574012
10773.011003717370840604
11121.426256819097034167
11496.496576234761960222
11897.460523275838568225
12323.124123133793546003
12768.393319059663554071
13176.891071175337856403
13347.532732625231801649
13308.162354838381361333
13170.081740276451455429
12992.206153545219422085
12830.681391559337498620
12726.543456000474179746
12722.325478570895938901
12647.502508322686480824
13052.030974692293966655
13480.932068873500611517
13892.721213296345013077
14281.609586757927900180
14644.760230041296381387
14979.723119518044768483
15284.358574293702986324
15556.784259513837241684
15795.315340771718183532
15998.409030247879854869
16164.623418456390936626
16292.597559782219832414
16381.056480749719412415
16428.841851150955335470
16434.966905384546407731
16398.692170570644520922
16319.617147038667098968
16197.783980671256358619
16033.816034076589858159
15829.481532515552316909
15591.498832282404691796
15398.369702366258934489
15383.120664162246612250
15577.701745323904106044
15931.517563024535775185
16374.639301749957667198
16856.745918994340172503
17331.555257723488466581
17764.914913663997140247
18134.032165158063435229
18418.570011927440646105
18619.938972035190090537
18753.692865122309740400
18833.294102470586949494
18860.948479391256114468
18839.615125243817601586
18772.360594683883391554
18664.574636795237893239
18535.610732114408165216
18400.249550375985563733
18272.473069412164477399
18157.249840641310584033
18050.979114779209339758
17953.779699116737901932
17874.579128031098662177
17825.243178517826891039
17819.710772949842066737
17847.595514747201377759
17914.729642966314713703
18018.004837674590817187
18154.805674578972684685
18314.023507614234404173
18486.268523256239859620
18664.587988047518592793
18844.625058380042901263
19019.474860695700044744
19184.949497249777778052
19322.107325757904618513
19419.009495460744801676
19507.350266423265566118
19574.021116539654030930
19613.475498918178345775
19628.334493818296323298
19626.693633985181804746
19615.772470670868642628
19597.775820521790592466
19567.669217037739144871
19521.538764787914260523
19456.253457925369730219
19365.999759258927952033
19253.778620136828976683
19132.759338356965599814
19014.070018508951761760
18904.502088987246679608
18807.033323288866085932
18719.791426011281146202
18637.693893512980139349
18556.636912173256860115
18480.927394931797607569
18411.111071059232926928
18349.904006648714130279
18300.967399423625465715
18269.080239873132086359
3220.153546192986141250
