542.816705576170079439
412.344974588212096478
329.553031673802877322
282.757468060768644591
262.501025678899338800
304.677216634307796994
147.051713744378332649
56.170013879307717275
11.534878736204939642
0.781352734110829061
0.182426864680025669
0.034906057390137024
0.015282060933816557
0.254752765462895603
0.594344885570843640
0.090581064146168552
0.000041658064468089
0.000021659286034741
0.723653695445479528
51.432582554932075425
266.680681898113220996
846.325540988614534399
1943.812139397336522961
1031.608414216594383106
606.301959461052433653
515.745947117070954846
588.129134046781928191
798.543545472146888642
1191.073815748390416047
1859.001742994837513834
2721.553963598351856490
3860.712590974804697908
5354.093555710944201564
7145.156022551292153366
9090.241445047475281172
11064.257979339652592898
13024.302121825105132302
14906.353042470282161958
16594.440981467203528155
18048.888556559435528470
19279.642166536570584867
20519.539353067215415649
21588.479834466925240122
22469.521692869810067350
23128.740168910870124819
23547.116955353441881016
23756.255006646046240348
23816.591058387912198668
23738.681800106409355067
23498.051762177314230939
23108.985949083929881454
22661.121484098974178778
22129.812468281881592702
21514.594497477271943353
20730.004774828656081809
19701.737192359294567723
18365.042267463330063038
16716.594101377992046764
14842.895185217814287171
12894.711229441329123802
10864.701797191835794365
8689.646993098816892598
6279.211656420775398146
3697.757867219613217458
1159.722813369238110681
2552.403398142067999288
1033.910962204168527023
157.540684403464013030
0.000000000000000000
0.000000000000000000
0.000000000000000000
0.000000000000000000
0.000000000000000000
0.000000000000000000
0.000000000000000000
0.000000000000000000
0.000000000000000000
0.000000000000000000
0.674471858813329384
0.001134420093877884
0.000000000000000000
0.000000000000000000
0.000000000000000000
0.000000000000000000
0.000000003236560681
0.006822569362838799
40.657733710983791298
403.467667453603837657
1105.284309261534644975
2096.805554226585627475
3200.487329254216547270
4365.085743325486873800
5513.998451076772653323
6632.278738072102896695
7688.417092658134606609
8639.988956524824970984
9514.996071929264871869
10277.162778333924507024
10866.387461690501368139
11275.802116947363174404
11579.098140751215396449
11816.796048686806898331
12016.649249745567431091
12193.175067865298842662
12262.019403377649723552
12183.965163319895509630
11929.689654372217773926
11541.012796875875210389
11124.863412388080178062
10753.185488764480396640
10417.911371701999087236
10072.813573255010851426
9638.522628569198786863
9649.725215650625614217
9620.139129478080576519
9556.353813875723062665
9445.797582867158780573
9330.204588312133637373
9229.003824250763500459
9138.032615887716019643
9032.870772504656997626
8912.923670962007236085
8763.271807161951073795
8693.142000769463265897
8768.448930901486164657
8726.573842971327394480
8662.744796940691230702
8620.227040988895168994
8584.154823896655216231
8500.378396844482267625
8322.952648904474699521
8045.263925674767961027
7717.379615023527549056
7381.839480831649780157
7077.770224039877575706
6869.374858193117688643
6756.835845397488810704
6664.460653657190960075
6533.281778294944160734
6336.296970691764727235
6072.464936069557552401
5773.964122217988915509
5493.801082449653222284
5274.897524265296851809
5094.864281443558866158
4963.523535983520559967
4876.393977882938997936
4820.020375782332848758
4762.507491037835279712
1907.252158003552722221
1809.450777263304189546
1731.343251346658007606
1686.744424014784954124
1686.423984026419930160
1735.841838180311242468
1665.156516471900886245
1627.138566218197865965
1601.004278537183154185
1578.485144346016340933
1553.995961510278220885
1526.788846166239181912
1497.252370624087916440
1470.789738799240467415
1476.187572577359333081
1530.448748212853161021
1613.980194650626117436
1667.580887917077461680
1683.970005798870261060
1735.819661477845329500
1899.634001023563314448
2263.157530261691590567
2922.906709668483472342
2295.687305587848641153
1952.202454676632214614
1799.474055788454734284
1757.365362714734146721
1789.773169027840367562
1914.631349878298806289
2185.295827886243841931
2685.617391338897050446
3436.641126368655022816
4406.795226955521684431
5541.795444532615874778
6781.946494082523713587
8066.602090807105923886
9334.850701036419195589
10545.222211485572188394
11680.451311285552947083
12724.523682609931711340
13663.740486325968959136
14456.225509343679732410
15134.137149835956734023
15707.556168322118537617
16191.211496343707040069
16597.407761149814177770
16928.812322257675987203
17181.381560042245837394
17357.081531899209949188
17461.284192096263723215
17490.515621242862835061
17426.880564323317230446
17269.852471003356185975
17014.320233131125860382
16668.788409919103287393
16240.018841049512047903
15733.897550250640051672
15148.377755218936727033
14471.321136478165499284
13688.104243281573872082
12821.038109671851998428
11915.534622863542608684
11038.106624650894445949
10250.843811042115703458
9616.908953076170291752
8642.150431227759327157
8363.313389856071808026
8435.316543801480293041
8934.771885673861106625
9475.284308858870645054
9970.938928694087735494
10446.382351994921918958
10912.200306365675714915
11369.227950578797390335
11751.810789849392676842
12003.424320728596285335
12147.558292663659813115
12274.310256816215769504
12496.034830155807867413
12917.389730085849805619
13501.394546475739844027
13995.886434562877184362
14207.966000716543931048
14281.614502855178216123
14301.156418721395311877
14337.168673368818417657
14468.573866938733772258
14843.934367598552853451
15409.583357685924056568
16111.324657434770415421
16906.023791049548890442
17737.552245420210965676
18562.682820542220724747
19342.844588697418657830
20054.139071527879423229
20684.950403231527161552
21223.054654043404298136
21670.956553684562095441
22038.471472993765928550
22330.749690613207349088
22543.594493711767427158
22677.903158304277894786
22736.836739535319793504
22725.693278548740636325
22662.680991536155488575
22559.823508005873009097
22427.360095181324140867
22265.979746818320563762
22067.952036410461005289
21830.257115226355381310
21560.244634075261274120
21269.902919702890358167
20974.889160311635350809
21106.911598697286535753
21236.818306140066852095
21366.344772768235998228
21498.368045111219544197
21627.652513665485457750
21750.794659794424660504
21866.578777042966976296
21975.789106461994379060
22075.809011836543504614
22165.739462449018901680
22228.864973707426543115
22254.423326083338906756
22274.437097690024529584
22275.507157997159083607
22251.443386165556148626
22204.111991150137328077
22140.952889122152555501
22068.757901068984210724
21989.586590631188300904
21898.543836009503138484
21792.094997111631528242
21667.601312354960100492
21519.683023575238621561
21351.568705804489582079
21176.408901496088219574
21005.175582921503519174
20844.536227694898116169
20697.513227415158326039
20562.500057777589972829
20434.842202691328566289
20310.847660475126758683
20194.969190954183432041
20087.446655979845672846
19990.203341233787796227
19905.856853894456435228
19838.428688173462433042
3232.775542151982335781
