4611.890783416032718378
1922.996669596328729313
2315.227858078918416140
2661.683711814584512467
2758.967966954149233061
2709.480991960706887767
2611.911418433555809315
2514.543458353231926594
2434.187149606696493720
2366.221547762517275260
2298.751965702449524542
2227.047242065219052165
2156.247160183682353818
2097.724490231435538590
2054.354049935991042730
2024.830679959030021564
2006.924477693688459112
2014.820799930953626244
2042.620653366052920319
2060.409012645972325117
2056.451945392127981904
2102.020469398864406685
2151.574680659891782852
2194.724967569799446210
2241.269892281742613704
2295.410313853563366138
2353.457247580944567744
2452.538985927694284328
2607.038760794732297654
2812.242311828778383642
2950.407787240962534270
3321.514321518551696499
4591.829232310086808866
7856.582097540751419729
13269.135573469982773531
18136.968558463548106374
21399.570727344445913332
23332.384592973518010695
24445.254389263456687331
25098.086027105196990306
25492.792488506162044359
25762.872453374558972428
25940.101628196098317858
26054.370480148598289816
26118.151257334695401369
26138.115881040248495992
25810.455834335400140844
25753.800672627243329771
26016.474533310447441181
25916.284196477055957075
25776.162822895745193819
25601.942372058558248682
25372.148645779336220585
25058.664259524932276690
24594.060327000988763757
23874.308481477833993267
22730.725811722324579023
20914.881004928432957968
18139.305374771982314996
14317.665487848618795397
9929.887206121813505888
6093.654208498983280151
3548.258164466210928367
2077.258557906799978809
1127.117924611263333645
728.108454964101611040
257.134728157810798166
82.632388098885087402
25.591573389860705845
7.795176697114038156
2.323419382411702205
0.685212840809278800
0.210067064289891747
0.073057498492600570
0.031654888444704744
0.017877768157963703
0.012779718131776207
0.010531158304748595
0.009024627685720136
0.007904814590853826
0.007900112366882841
0.010253098446679215
0.018243795657318391
0.045090238122749732
0.146899800347849163
0.595213993960864163
2.851102873708310614
14.941716942976913884
75.025885318654076173
306.829490242177428172
911.078467711739790502
1967.135932147864878061
3321.994480487502187316
4755.185861318123897945
6097.704791387539444258
7254.150546360153384740
8210.920358322655374650
8966.959620882274975884
9518.381980096175539074
9881.018132443557988154
10105.326262622542344616
10226.746607095959916478
10272.389668277359305648
10261.130534056586839142
10163.346690775444585597
9971.327092437008104753
9683.932386352866160451
9336.679587600672675762
8998.122051270273004775
8718.628756363610591507
8506.182321006599522661
8345.940475958117531263
8202.688690353352285456
8056.231205276398213755
7942.137409273583216418
7855.612706352111672459
7782.102943306186716654
7732.913527250605511654
7709.022493857731205935
7699.898558444041555049
7684.469014366408373462
7652.765706963010416075
7588.531292925504203595
7538.946134755066850630
7533.037224339284875896
7441.190285796667012619
7313.739445901402177697
7177.526937722834190936
7031.973211936452571535
6857.794923769824890769
6638.748906906342199363
6374.356235051592193486
6085.813644385917541513
5787.133097542172436079
5490.160446886755380547
5218.944614891895980691
4974.899943973572590039
4735.461362115600422840
4487.723754146429200773
4227.187452720108922222
3952.282985104318413505
3671.345224581355978444
3411.058936829594586015
3222.937627376771615673
3177.814844053289561998
3377.551871923654289276
3865.209707018515473465
4442.204531317674991442
1297.857939545189537967
2326.232648365607474261
904.973623937648653737
1024.111732064992338564
1150.406603764712826887
1205.461764952887278923
1201.843272337229336699
1164.916498346571188449
1113.509778327503681794
1053.157934983216136970
984.886670700967101766
911.656444250736967660
836.095580178483146483
761.229667828267338336
694.865018299521921108
654.019492207660960048
646.683330956508370946
660.276233389975232058
665.861275907873391589
655.613651628886032086
642.820423530592393035
627.774859537404381626
625.263554871728842954
615.542505919476298004
601.732762300600143135
579.920494530845189729
549.014446424095353905
522.057767877590663375
507.608444326078256381
521.787492683197456245
581.267449350167225930
715.072810075880852310
1020.103924121795557767
1764.493049152332105223
3553.143173313360421162
6662.964845471468834148
9785.525764752323084394
12141.965823166714471881
13667.135147255379706621
14627.648953956502737128
15252.754163954423347604
15676.576715896193491062
15833.372844250974594615
15902.630691752536222339
15942.884518963064692798
16011.175705146519248956
16143.314827197129488923
15840.496172591969298082
16028.105427663282171125
16741.726146445758786285
16968.871992317595868371
17191.180794077670725528
17331.658559771480213385
17377.191338006112346193
17289.368251840092852945
17065.234688357970298966
16671.405387756185518811
16036.492682411157147726
15021.904176460326198139
13452.273255797937963507
11275.342046323819886311
8845.499098065507496358
6809.355136492139536131
5661.833049451172882982
5359.883199684157261800
5516.527780323384831718
2653.012996775817100570
2775.048809466709371918
3029.583956884607687243
3326.256717003006542654
3630.906003510269329126
3955.025145236927528458
4313.931696654150073300
4710.128640451495812158
5136.802878980453897384
5507.733937573148068623
5746.115657923042817856
5873.605124042464922240
5996.099644955133044277
6248.696286397717813088
6760.413125861110529513
7482.715567393576748145
8109.321391342344213626
8412.442521342840336729
8568.489414130290242610
8684.883617328805485158
8853.689247395872371271
9125.522335301991915912
9464.135724239033152116
9844.156477094977162778
10324.695856760516107897
11055.439481849738513120
11998.591108601318410365
13084.903558996818901505
14181.504363689069577958
15190.604809605169066344
16064.415469072720952681
16753.749570812491583638
17282.751736209596856497
17700.661722301021654857
18028.144551617140677990
18242.814739318353531417
18341.973280966161837569
18328.843853288919490296
18212.610588621311762836
18053.776602115885907551
17889.142373792787111597
17751.393202583491074620
17637.113761155553220306
17509.004988543776562437
17346.758822476487694075
17169.824183087508572498
17014.898745787642837968
16933.008533428674127208
16949.443080577111686580
17017.325763568085676525
17130.231735659908736125
17290.202034534471749794
17468.484204804852197412
17647.528210737047629664
17821.532991390558890998
17994.429961215406365227
18156.650586894636944635
18306.659714836772764102
18378.691912520429468714
18332.622617774617538089
18305.961111086598975817
18249.168261670303763822
18142.329477253199002007
17997.988687047192797763
17850.854322688202955760
17731.207916421779373195
17646.182801939412456704
17568.320907678869843949
17472.015464467949641403
17333.542686162585596321
17115.841166663198237075
16823.230746558663668111
16511.202733795700623887
16227.408818551617514458
15996.797337440973933553
15822.731964643720857566
15684.941952495733858086
15556.301039144551396021
15435.723655436177068623
15393.699537824173603440
15485.465886470354234916
15723.026281900045432849
15991.932863413871018565
13585.167597825389748323
6644.453188331212913909
