2151.544578708929748245
2145.223596304476814112
2109.801718378392706654
2021.207583105983530913
1860.372073409379026998
1640.834321740235736797
1660.786150695657852339
1639.024293539582686208
1594.861450093720577570
1541.957504647451969504
1482.497982500467287537
1422.508125514938910783
1373.838354957563751668
1341.352737696778604004
1299.454826467797374789
1235.155072621529598109
1167.099167731103079859
1161.909487878000390992
1229.455128808374865912
1291.025282298724050634
1185.798212729513352315
1168.197419247773041207
1187.181720125463016302
1213.930989292781760014
1237.760989110138325486
1257.311778893887321829
1347.421282732427926021
1457.397409830132573916
1602.251420367818809609
1840.655917076422156242
2311.033967395615945861
3144.791493793775316590
4397.023235720176671748
6002.225348145405405376
7827.709413723439865862
8196.896704040016629733
8993.117315917410451220
10805.900405401105672354
12471.921450082272713189
13963.938634754726081155
15270.693598457522966783
16390.341945432239299407
17326.316452706574636977
18084.920988123158167582
18673.854227257827005815
19101.294354581190418685
19375.227440570241014939
19502.884835634878982091
19490.291578392399969744
19341.945316720262781018
19060.558809639111132128
18646.820900281025387812
18099.159735501594695961
17413.614511095751367975
16583.762594715946761426
15600.901809048877112218
14454.596855865675024688
13133.840827659858405241
11629.064551811499768519
9935.412154725869186223
8058.462772310224863759
7559.274713730107578158
7110.942584371339762583
5044.547325730157353973
3144.522544663605458481
1582.514199874922269373
546.865122414349798419
45.721625132331325858
0.000000000000000000
0.000000000000000000
0.000000000000000000
0.000000000000000000
0.000000000000000000
0.000000000000000000
0.000000000000000000
0.000000000000000000
0.000000000000000000
0.000000000000000000
0.000000000000000000
0.000000000000000000
0.000000000000000000
0.000000000000000000
0.000000000000000000
0.000000000000000000
0.000000000000000000
0.000000000000000000
26.556323946542136127
312.783763068524137907
952.706858450620529766
1963.593160356754196982
3267.888098136582357256
4712.610782229371579888
4873.534692731090217421
5124.792230810814544384
6348.030607225674430083
7355.992270834231021581
8135.205567816390612279
8689.935425298761401791
9034.335753861143530230
9189.045154139141232008
9179.034996734699234366
9032.124447258998770849
8778.291155358469040948
8449.512622526795894373
8080.107936693773808656
7707.663807032319709833
7375.198037684634982725
7125.192553895684795862
6947.073910067835640803
6862.501633033122743655
6873.198274955794659036
6937.862805894334087498
6977.343562484205904184
6763.271451407882523199
6565.146429781937513326
6380.146762644459158764
6187.971578683741427085
6023.343251382902053592
5900.091012903698356240
5810.246788122934958665
5728.889377309625160706
5658.931365754164289683
5592.683497835565503919
5629.087820113989437232
5800.674520648524776334
5856.586225104722871038
5862.527743353296500572
5858.098364259742083959
5844.853024305115468451
5785.235527945482317591
5640.530266252679211902
5404.592294340191074298
5125.072484170362258737
4843.589380152296143933
4599.396618966256028216
4456.342948903708020225
4413.619657705272402382
4393.293701761755983171
4333.917415124995386577
4206.907321742305612133
4010.650817027772518486
3777.252814003632920503
3559.572586278913149727
3400.261295097958281985
3276.842393057909248455
3199.277392138640152552
3163.069922446628879698
3153.377560866422754771
3132.234705408999161591
3331.093613113938317838
3325.563995971784606809
3290.335451153183839779
3240.813730775604653900
3182.513372784639614110
3105.265567629076031153
3160.710883018462482141
3183.804605921153324743
3178.471933383955274621
3152.354518804625968187
3115.253862259030938731
3076.181493811324799026
3043.399944203396444209
3026.465530040039084270
3037.992744797162686154
3082.798625935944073717
3153.175136218730131077
3231.881972282510560035
3316.266254660458344006
3422.531724277570447157
3576.364708990365215868
3730.116947562318273413
3883.682683510896367807
3981.761405086906052020
4079.599480477583256288
4177.256729249153977435
4264.356516964709953754
4352.981314428626319568
4446.466112776040063181
4545.325196900260380062
4645.333296603451344708
4746.988489889203265193
4850.868189739037916297
4957.624329645637772046
5067.974804978659449262
5429.670840926514756575
5727.180916610117492382
5853.135488070193787280
5985.981334428727677732
6126.534361115305728163
6275.563583724388081464
6433.772298502009107324
6601.782593674697636743
6780.123870187230750162
6969.225605186439679528
7169.414150605412032746
7380.912957482034471468
7603.845284517957225034
7838.238218175137262733
8084.026715982251516834
8341.056399724744551349
8609.083973068869454437
8887.774420996302069398
9176.694554066851196694
9475.302972388943089754
9782.937106586210575188
10098.798599154741168604
10421.938853524448859389
10751.247017900204809848
11085.442897071630795836
11423.076156757872013259
11517.170538083440987975
11591.842577612076638616
11928.811930465519253630
12262.953919709883848554
12591.567959849488033797
12913.431610155883390689
13226.905260664863817510
13530.456634588166707545
13822.695239219585346291
14102.399955592311016517
14368.538931057642912492
14620.281748707071528770
14857.004243387355018058
15078.286526758360196254
15283.904896286227085511
15473.818456044278718764
15648.151526485899012187
15807.173245959571431740
15951.276092846390383784
16080.955284835881684558
16196.791047752763915923
16299.435522034902533051
16389.605546957493061200
16468.081721911337808706
16535.713028371290420182
16593.425020481357933022
16642.228363659243768780
16683.223620969540206715
16717.597987277516949689
16746.610395398431137437
16773.688604154984204797
16965.558174680674710544
17133.714533742484491086
17154.395311654712713789
17175.628472854950814508
17198.410982018758659251
17223.282250650281639537
17250.503624269797001034
17280.050957329021912301
17311.622053570423304336
17344.656790910441486631
17378.367316233412566362
17411.775888586329529062
17443.758502207019773778
17473.088383499136398314
17498.343286830968281720
17518.807583008219808107
17541.158996186179138022
17568.295686333778576227
17605.519184971140930429
17662.813823105567280436
17753.593273946829867782
17788.736242380862677237
17854.128953048060793662
17948.413930256836465560
18070.359467313744971761
18209.926419550614809850
18358.439026083811768331
18509.373671908848336898
18658.478419706298154779
18798.673519060124817770
18925.455005909356259508
19022.160822709702188149
19082.369714081287384033
19137.568827033141133143
19179.561760970449540764
19204.100338241551071405
19212.120465046544268262
19209.589216527405369561
19202.426237933283118764
19192.100455387662805151
19172.974785198046447476
19140.181679183016967727
19089.451808376990811666
19013.969311463119083783
18916.004537462522421265
18808.402249887119978666
18702.229238430787518155
18604.296525495472451439
18517.628890890024194960
18440.457836882895207964
18367.905956877348216949
18296.155477092339424416
18229.806257505602843594
18169.641600378097791690
18118.551055668693152256
18080.412458642898855032
18060.704681111114041414
3634.119403420514117897
