916.752501004798432405
848.431724298622611968
788.215418929395582381
736.375581345921432330
686.517772220289657525
664.478681885237506322
547.253113534315048128
462.227312527087065064
402.170034442293456323
358.139726770632535136
318.024447456245979993
280.212588900461810226
253.766596873903779397
245.894304366333642520
233.471931768301317334
197.542732504183646824
150.589840294031773738
151.208183501181935071
206.589999499233272218
286.497255079914452836
446.985083092718753051
850.183551660824150531
1632.018390181566701358
1045.098850011241438551
760.397036569119904925
708.217135693920226913
786.641988145331765736
996.013682772971378654
1374.909994875426036742
1993.960380218005866482
2749.554457911285226146
3705.352130139692235389
4906.472312344870260858
6270.946475772494522971
7674.272992144039562845
9041.212860932257171953
10383.578659850545591325
11688.285816677185721346
12891.787515546498980257
14024.041203815857443260
15206.719641820085598738
16821.858581696975306841
18860.489985622294625500
21278.219918100156064611
23700.671831638115691021
25649.080253602864104323
26797.969078671718307305
26999.999997787170286756
26999.998759001056896523
26524.396439427484438056
25163.663956029744440457
23175.536640250669734087
20944.155182961694663391
18914.088160931136371801
17296.355233129303087480
16020.891652829286613269
14873.120956856389966561
13689.832901467951160157
12441.359014649271557573
11202.035100067230814602
9911.225086639815344824
8460.468262617863729247
6715.528124952379585011
4694.610051030718750553
2560.159368657371032896
3748.524676219789398601
2136.691372347502237972
908.261196377162718818
180.564039576764372441
0.000000000000000000
0.000000000000000000
0.000000000000000000
0.000000000000000000
0.000000000000000000
0.000000000000000000
0.000000000000000000
0.000000000000000000
0.000000000000000011
4.596612333882705848
0.000000001819637505
0.000000000000000000
0.000000000000000000
0.000000000000000000
0.000000000000000000
0.000000000000000000
0.947996043316772452
169.437501947299409721
563.114816463198735619
1215.183008064763725997
2083.494269901339521311
3003.313436078192808054
3945.878479941464775038
4859.779193777329055592
5750.779360395087678626
6601.210443856673919072
7374.816494698994574719
8097.820896549297685851
8726.432461883692667470
9190.842360752598324325
9475.405715683287780848
9648.158030357455572812
9748.420820157081834623
9806.338234851025845273
9840.996380735479760915
9773.541313023422844708
9570.107693566549642128
9206.320130411337231635
8728.321737811338607571
8246.459955550521044643
7834.775367227329297748
7485.767687893760921725
7152.399357852382308920
6753.430260999630263541
6714.104227085626007465
6651.237969104435251211
6568.030880309361236868
6448.944925718764352496
6333.111402312378231727
6237.654985790244609234
6156.390578755528622423
6063.189359031476669770
5956.108432104662824713
5819.297738820589074749
5761.496464171327716031
5848.643689241913307342
5818.671784031863353448
5767.642609853492103866
5739.856714218601155153
5721.452129095170676010
5659.030789949481913936
5507.018070901532155403
5258.749820872509189940
4963.836904187865911808
4664.037063359761305037
4397.562189567953282676
4227.824664769273113052
4154.551500306359230308
4101.942425642094349314
4011.078497833103483572
3854.901152956395435467
3631.974406169186295301
3373.614870973905453866
3131.548544465650138591
2947.271108265996645059
2797.270315718431447749
2690.966073227334163676
2624.427163559977998375
2585.544757525196928327
2543.893211429857728945
2442.631153683484171779
2388.191841307909271563
2330.369010586489366688
2290.093318720685147127
2279.950814914468992356
2299.376620586371245736
2261.490695006636087783
2236.231087735326127586
2210.716647516315333633
2178.662876954150760866
2141.255115403506806615
2102.652045877960972575
2068.674002539126377087
2048.783625527988078829
2057.894659372221667581
2102.317060651499105006
2169.430357414747504663
2235.329472874106613745
2296.531221956201989087
2378.051009359042382130
2520.556378850674263958
2783.988937817400710628
3237.404793115194024722
2798.631476206939169060
2565.976181761770931189
2475.685321639026369667
2477.454658699096398777
2548.357603224607828452
2702.119130970943388093
2972.562822610599596374
3416.352354272678439884
4033.979654889102675952
4792.070038764128184994
5651.520563769344335014
6572.931125979521311820
7514.605451646175424685
8431.130653229232848389
9291.786309908706243732
10083.694047396103997016
10786.910828291594953043
11373.153438165176339680
11778.177527983847539872
12007.624243648273477447
12078.646188628721574787
12065.337002559435859439
12059.129112137585252640
12124.259197283396133571
12292.857731708774736035
12596.920649243584193755
13027.493217215245749685
13551.393807798369380180
14119.572844461916247383
14657.397702495667545008
15077.058638629616325488
15328.126858121822806424
15408.295115226905181771
15342.663936603643378476
15151.938995742963015800
14839.146205106664638151
14395.843924397868249798
13843.408964426307647955
13221.431646385994099546
12587.043222523238000576
11991.139788744061661419
11487.948360197489819257
10642.707568285939487396
10371.879888123101409292
10355.984963158542086603
10638.063240065777790733
11224.361001245919396752
11916.973180732647961122
12620.611653165322422865
13299.292862332282311399
13912.654755274899798678
14413.346366146235595807
14771.555008307686875924
14983.674106299436971312
15063.669761126326193335
15035.769521196392815909
15111.580157776210398879
15178.932791969977188273
15203.520983142012482858
15089.016480159072671086
14903.482193725611068658
14705.378530852767653414
14556.558704998233224615
14600.455389155114971800
14840.086427518872369546
15242.873254098545658053
15770.476917968069756171
16389.467328228565747850
17048.360205629251140635
17705.073751341038587270
18320.439750922745588468
18869.405962052842369303
19339.507368249898718204
19718.507840327525627799
20009.679348113095329609
20224.032285400262480834
20368.053918712848826544
20438.856892430787411286
20438.440296796004986390
20370.951647513349598739
20242.681006072951277019
20072.891011469648219645
19874.943294370430521667
19660.671899489690986229
19432.512791191933501977
19184.318405028330744244
18914.046248835682490608
18629.161931145197740989
18340.950785033735883189
18063.743237260227033403
18188.776010368474089773
18323.030520260450430214
18465.847704457919462584
18617.945236638483038405
18772.154852902069251286
18923.344601445362059167
19068.778569805668666959
19207.955511765503615607
19337.251589368635904975
19455.091561572804494062
19544.461245595433865674
19594.697111051562387729
19638.250921718336030608
19662.400219166993338149
19661.748772817834833404
19638.912533439823164372
19601.894012553297216073
19557.780380855627299752
19508.634282010159950005
19449.282590102306130575
19375.685134801384265302
19284.605612713305163197
19170.155048484950384591
19035.288460926116385963
18893.140665445273043588
18754.792469474938116036
18626.942099025232892018
18512.385173950275202515
18408.937423986542853527
18311.053922369104839163
18214.040586145489214687
18121.565613821047008969
18033.608075793556054123
17952.527522431642864831
17881.962088505868450738
17827.038738450406526681
3202.831881247009732760
