756.993075525855601882
625.339635885585494179
524.402563387258737748
447.668559278378040744
387.636976973050764173
351.110758593297873631
253.434029420297918023
181.224849764325199430
129.650271263088768592
93.338678215647021830
66.403405410778717055
46.469961297867669714
33.562145963855684272
27.085667108627777822
22.030542127405269071
15.943015758602728127
10.927804090689114958
13.120942785278900899
28.808313864658391168
71.267492103854607421
178.593527218010734714
411.279950845922257940
802.605055711208819957
554.627315906803801226
464.078106030923606795
511.540588639175837216
681.694196199045222784
999.776974354764320196
1498.503274986520864331
2207.480739953178272117
3079.294425156088891526
4115.109572962809579622
5316.300247339417182957
6644.349113129496799957
8035.786817917444750492
9435.804474490718348534
10818.725916896242779330
12152.136487475772810285
13386.223951901705731871
14498.253309309380711056
15483.809287547341227764
16416.524022690238780342
17228.249554781297774753
17907.831639865999022732
18439.238072027135785902
18812.760142388051463058
19037.457390243533154717
19133.447109347049263306
19104.354362834037601715
18942.300891016722744098
18653.451783045493357349
18270.473218894378078403
17786.630311779739713529
17203.656954975376720540
16494.318630231966380961
15636.183374054635351058
14611.582442662796893273
13425.759695139615359949
12116.515655475843232125
10744.943931115287341527
9318.605118038698492455
7827.197357518675744359
6252.944574145743899862
4632.966174329874775140
3056.212305852999179479
2802.211985269638262253
1554.078517874248518638
651.655590647880217148
130.058162418409068550
0.011079032691447501
0.000000001726435559
0.000000000031207413
0.000000605754588966
0.000000029971043315
0.000000002190646347
0.000000006220490353
0.000000000720780983
0.003991319826503185
165.801256994225639119
0.116782644806874628
0.000000001702622479
0.000000000088895352
0.000000669607122161
0.000118850188199504
0.000078846451375278
13.232974066989193318
235.209512483229588042
637.311052766915508982
1218.643477323865226936
1947.779575551842981440
2737.696413581523302128
3555.287224437838176527
4357.210190130148475873
5127.793218667709879810
5845.866914921709394548
6487.262155083484685747
7059.649655173981045664
7544.541443691628046508
7914.551661499242072750
8166.494118001305650978
8332.991237687148895930
8433.329204480252883513
8481.931763744856652920
8487.970525323140464025
8418.557502044812281383
8260.619926571978794527
8005.733772692104139423
7676.202763304695508850
7322.130189123728996492
6978.161487293159552792
6644.039321570386164240
6302.585279008399083978
5921.952437607860701974
5846.909675936450184963
5756.268644316025529406
5653.670910060823189269
5534.313177392760735529
5416.411692718065751251
5308.363261704345859471
5208.192775141658785287
5105.004495924555158126
4997.927413403832360927
4879.845044248128942854
4796.816179502427075931
4776.323777923954366997
4705.056300567971447890
4623.234245141627980047
4548.972474633252204512
4475.590980340133683058
4379.682027654168450681
4241.477777719185723981
4058.198250151703177835
3851.471649285037528898
3639.791226407923659281
3440.278876114045033319
3280.909838217173728481
3162.347361921472838731
3052.878568120594081847
2928.071803054489464557
2777.235285072229544312
2600.770006180249311001
2413.255390582075506245
2238.192423444184896653
2094.870530954231526266
1974.818284115405504053
1883.623147053262755435
1820.896231094131962891
1782.187773092984343748
1754.173060511669291373
3462.144664096256747143
3349.371354158541635115
3245.291375488569428853
3166.801113457642713911
3125.806033289136848907
3110.444481301730775158
3056.316955759935353854
3009.229198980735873192
2957.774689163400580583
2897.876530476174593787
2834.486304753069362050
2771.393333084307414538
2709.192184294324761140
2652.932670343043810135
2628.462776257817040459
2651.904477955157744873
2704.128317889822938014
2729.775089620289691084
2725.058850253862601676
2741.458900589605036657
2809.738600689545364730
2934.357389873696320137
3140.617591019926749141
2895.343069430236482731
2737.025547205976181431
2651.752319158030786639
2652.599219902108416136
2733.406937161544192350
2905.481300997582820855
3184.445415639113889483
3674.145177800670353463
4347.730666350531464559
5128.477645349485101178
5973.033035684159585799
6869.615765844810084673
7799.602460840663297859
8712.543187503681110684
9585.970026426415643073
10442.152340253054717323
11275.322058668372847023
12063.394829337605187902
12669.943732372734302771
13193.802816464018178522
13648.554168638544069836
14059.609455996416727430
14444.848703068731992971
14793.580880849704044522
15077.841519676223470015
15295.530331039122756920
15461.940283541956887348
15568.815722962886866299
15564.414153909312517499
15458.860441264394466998
15248.313678295073259505
14975.838972417768673040
14678.964122486051564920
14391.486139382886904059
14116.360678711895161541
13812.369281670880809543
13411.396415888062620070
12944.400189723628500360
12488.001482753357777256
12151.563840246401014156
11980.622681445940543199
11963.296939860743805184
10204.804667357164362329
10169.400600235272577265
10266.106865448298776755
10540.700615614168782486
11027.464837024346707040
11563.670315274914173642
12078.037012812479588320
12580.902754751912652864
13072.889928961951227393
13488.159707606982919970
13770.039549648261527182
13941.914231097010997473
14093.820328873342077713
14459.541247207063861424
14725.611420075880232616
15273.038302686036331579
15728.435284612805844517
15898.901016922443886870
15928.541458677218543016
15901.843679826090010465
15902.450382067110695061
16114.046804061121292762
16466.583672729688260006
16890.383846391217957716
17344.676950619337731041
17853.251724738227494527
18373.624403442627226468
18887.323404788945481414
19355.489136183841765160
19762.035921197730203858
20108.936208275234093890
20369.105888929294451373
20558.190178947210370097
20710.086881347349844873
20832.634244525605026865
20891.374759361235192046
20871.526917261468042852
20766.377841876968886936
20577.219083179126755567
20360.060326882699882844
20146.104447696070565144
19960.927907139135641046
19790.832260281702474458
19586.252254861970868660
19316.703103250751155429
18995.261479453074571211
18655.269163256682077190
18347.330848109617363662
18435.411465352637605974
18539.772475884430605220
18659.941872111659904476
18804.473174637147167232
18950.779423930111079244
19087.291584583264921093
19214.355316226552531589
19342.659011823601758806
19469.334871780163666699
19599.182031427921174327
19668.956984957436361583
19639.579199202038580552
19652.925270460807951167
19655.093771651121642208
19621.374583603843348101
19559.655673804958496476
19500.006718200995237567
19468.497495646122843027
19470.028775237089575967
19478.800845302368543344
19473.610389443623716943
19435.653452758913772414
19332.916651032948720967
19169.008516901503753616
18989.470270129251730395
18830.711971712360536912
18711.423582163035462145
18635.704779578991292510
18589.009675946686911630
18544.978862352403666591
18482.535979036885692040
18416.384018464545079041
18343.653693932992609916
18269.288255488754657563
18202.541674118099763291
18161.111002591966098407
2024.092598979675130977
