2005.501237965037034883
1984.307106478059040455
1936.507196103008254795
1850.650863822139626791
1708.731182045694367844
1521.781618596890666595
1523.035864391008090024
1490.627207985271525104
1442.631369322571345037
1390.508368315274765337
1334.294522718693770003
1278.867267892262134410
1236.275894915430626497
1213.120391300783694533
1182.538718939612863323
1123.543687538534413761
1052.308062600210860182
1030.280337954406377321
1056.759888347170772249
1074.338889528099343806
1081.908600057605781330
1152.423969386164117168
1460.299978187897295356
1471.643880997259202559
1379.605685854746525365
1357.321201067794390838
1411.382666668879210192
1585.141122815103926769
1922.566001356477499940
2482.825026622555014910
3182.733436232384519826
4162.662336652861995390
5349.221111604053476185
6469.990551583458000096
7463.130284100302560546
8345.601779818356590113
9173.163920410428545438
9978.166440351153141819
10883.866161805623050896
12734.456250797491520643
15668.993729612209790503
18364.384124710653850343
20605.250613023501500720
22424.111807124096230837
23853.245066763873182936
24915.021674312229151838
25624.378361110633704811
25990.587188566223630914
26018.177777697779674781
25707.317852642416255549
25053.756918945306097157
24048.208005466087342938
22674.868584740957885515
20909.514614831416110974
18720.486781329786026618
16112.424596268614550354
13432.700207890373349073
11624.139977352546338807
10615.588922405517223524
9916.863592513500407222
9266.830877191807303461
8506.958265522307556239
7488.287997624001036456
6210.804296466401865473
4771.076799691733867803
5582.080560715863612131
3149.450754297972252971
808.187579214358606805
0.000000000000000000
0.000000000000000000
0.000000000000000000
0.000000000000000000
0.000000000000000000
0.000000000000000000
0.000000000000000000
0.000000000000000000
0.000000000000000000
0.000000000000000000
434.751050872568555405
0.000000000000000000
0.000000000000000000
0.000000000000000000
0.000000000000000000
0.000000000000000000
0.000000000000000000
0.201531366202620382
399.019488707514540238
1055.598439709097874584
1743.198877494436601410
2450.552790550369991252
3123.118667025541071780
3814.253505407627471868
4503.897518850158121495
5203.830684399336860224
5899.621066587056702701
6562.147859042635900551
7221.829466414374110173
7827.520985270407436474
8291.109098124801676022
8576.256130242756626103
8737.448956140557129402
8813.616778296120173763
8842.809681556038412964
8854.260230375672108494
8778.353963364706942230
8587.553144506882745191
8262.167964800462868880
7852.112717552370668272
7471.096468191028179717
7196.082362438978634600
7021.707826298392319586
6902.038585959687225113
6755.823341930888091156
6571.708720439264652668
6400.476794425010666600
6242.503780476299652946
6078.367442407763519441
5942.596361069559861789
5847.363040728448140726
5781.588115547245251946
5714.664530624942926806
5640.801388986066740472
5541.029240562807899551
5521.610923713530610257
5646.723841584779620462
5653.439842737905564718
5637.143844790197363182
5641.845375747406251321
5653.683418321216777258
5619.414431706733012106
5493.646403065962658729
5269.866989839288180519
4997.797520320698822616
4719.304212667834690365
4472.708495378384213836
4321.520230615678883623
4265.549647618415292527
4229.039921388510265388
4153.092974328502350545
4010.716211553171433479
3800.644171168275988748
3554.500178695290287578
3324.461737717253072333
3152.600355097877127264
3016.034747956876344688
2924.752907027056153311
2875.186178541764547845
2855.250322236257488839
2834.166795616691160831
3614.163058608131450455
3593.172718807143610320
3548.369210745268901519
3493.924935537132114405
3435.571271848034484719
3364.037077959166254004
3403.708390615931875800
3417.135202782802934962
3406.509618832016258239
3377.719011951553966355
3339.196288430057848018
3298.993710121022559179
3264.772804269158768875
3245.751439571125956718
3254.736590779129073780
3296.705565066278268205
3360.867929458961498312
3424.690912416059745738
3479.983495408530870918
3535.835552898679907230
3599.422724679893690336
3674.591579357785576576
3759.348090990811215306
3577.828256723300000886
3494.928281348391465144
3479.803167334463523730
3526.680110411033638229
3635.671238005181294284
3822.754262728950379824
4109.303603291758918203
4528.549285252126537671
5052.339851807570994424
5656.573508915102138417
6333.753496468517369067
7045.061608353328665544
7747.619319062233444129
8402.685952055513553205
8985.886129752179840580
9468.177759725316718686
9714.481845288633849123
9715.432099363000816084
9701.520518368914054008
9720.693778053859205102
9776.802926633106835652
9870.856490339541778667
10003.506824698759373860
10175.210474782959863660
10386.266948916187175200
10636.843657539378909860
10926.989314718204695964
11256.632868749458793900
11625.564717872272012755
12033.393041375686152605
12479.412569839863863308
12961.703918174038335565
13468.966080522450283752
13929.777182860121683916
14172.485057516649249010
14193.251887961963802809
14068.261030421914256294
13849.353132648215250811
13583.522775271801947383
13327.791781666915994720
13127.848671162257232936
13028.223721845568434219
12715.284204304296508781
12961.814939905709252344
13402.785279583575174911
13883.631440275346903945
14340.725279922220579465
14761.753873238882079022
15142.933967874907466467
15481.112605351871025050
15773.584996738183690468
16017.978676642773280037
16212.175049780433255364
16354.255077774989331374
16442.477334604089264758
16475.296503938741807360
16451.399678173194843112
16369.844603999843457132
16230.127763412921922281
16032.331668422808434116
15777.604502301466709469
15469.818803182823103270
15123.608977915419018245
14828.347487616052603698
14721.506788139669879456
14826.465985347476816969
15115.002240336674731225
15547.188727552143973298
16062.150087440983043052
16609.488009259228419978
17142.333696947443968384
17627.935673025276628323
18046.705496481656155083
18381.410642284183268202
18633.653451735273847589
18815.751447245915187523
18936.932643389329314232
18996.865553887782880338
18998.867769890654017217
18947.679524400205991697
18850.183454150435863994
18726.575882834931690013
18591.774991953829157865
18459.588404372618242633
18334.688689253795018885
18213.189178514505329076
18095.022500836650579004
17989.076914755336474627
17907.342896602280234220
17864.048817043429153273
17906.547719450216391124
17983.611263767466880381
18092.530895720698026707
18231.224164244413259439
18389.203214515004219720
18557.739076018413470592
18730.522572538251552032
18903.775516045101539930
19071.077401348364219302
19228.621144773518608417
19357.740277718577999622
19446.680502853800135199
19527.268032835254416568
19586.468056433346646372
19618.783098333333327901
19626.865063666431524325
19618.823720836258871714
19601.876999848551349714
19578.214638929541251855
19542.776659036378987366
19491.619245691439573420
19421.584489664401189657
19326.843021790908096591
19210.395511869930487592
19085.420190714397904230
18963.051875079825549619
18850.073736355923756491
18749.425996630376175744
18659.157417104448541068
18574.061663086948101409
18489.877968854805658339
18410.751676141564530553
18337.098718770132109057
18271.572943321200000355
18217.864544924486835953
18180.865373842108965619
3159.854538391368805605
