1768.062375384463848604
1698.155594776045063554
1630.711796049224858507
1577.474951944349868427
1489.495949809100011407
1275.650278162926042569
1448.377242853538746203
1479.043279233038902021
1443.417679909620801482
1390.086269153104467478
1336.081621126957543311
1282.434647127821790491
1227.778654341377205128
1175.283491016810330621
1133.407019135708196700
1108.131712886246077687
1093.066485273771604625
1076.721449001596511152
1050.106347602527876006
1011.936770619265075766
983.928526349193475653
1039.027323415449927779
1300.047516508812577740
996.740417250034624885
907.179799877331674907
917.421852577689833197
970.135051101683075103
1062.770209164970083293
1214.030496435185796145
1455.798616361800895902
1846.125338154120754552
2457.695906275224388082
3319.212449715564162034
4391.575806020965501375
5597.420900472926405200
6855.524331185814844503
8098.514278608638051082
9277.088642995095142396
10358.169598342568860971
11321.658656698831691756
12157.269803648945526220
12861.855131835585780209
13437.287243424043481355
13888.968146082936073071
14224.682366865083167795
14453.671268421287095407
14585.753699399105244083
14630.448288716093884432
14596.162570110251181177
14489.488563392835203558
14314.584540774887500447
14072.695617420820781263
13761.880161606761248549
13376.933168455487248139
12909.549888715868291911
12348.824922807760231080
11682.199603434473829111
10896.958595007354233530
9982.272786194813306793
8931.756970483862460242
7746.815672064528371266
6442.143717998171268846
5053.687891745063097915
3647.557227219435389998
2323.316624123700421478
1199.675194202352258799
416.884626653950078889
18.831793806432418847
0.000000000000000000
0.000000000000000000
0.000000000000000000
0.000000000000000000
0.000000000000000000
0.000000000000000000
1.134236765122731194
40.844387359056206321
147.363579465658801837
377.753096836215604526
796.183724739774902446
484.151994906314143918
351.098849400556616729
326.844139479249577107
339.746504765483507526
346.376432682224219661
342.747790752426453764
366.934699917199282027
493.920876435749107713
813.169723191055140887
1386.075284607954017702
2208.681616620927798067
3212.573214173927226511
4299.333298536610527663
5376.626433434460523131
6375.260107253600835975
7251.030410965251576272
7980.225232026502453664
8554.263141797984644654
8975.061336293194472091
9251.843695726087389630
9398.905755383408177295
9433.789797584857296897
9375.747242534918768797
9244.646286795261403313
9060.165867827972761006
8841.221488019134994829
8605.564431700826389715
8369.478095874359496520
8147.539233211085047515
7952.389417473711546336
7794.478901456046514795
7681.721264354337108671
7619.090033733422387741
7608.348146293908030202
7456.400372535641508875
7351.471888364077130973
7287.966250546268383914
7258.993821784079045756
7257.182914870365493698
7275.329028199062122439
7306.783571494338502816
7345.622830885125949862
7386.672575288463121979
7425.457952890778869914
7458.140916199644379958
7481.453917915305282804
7492.672304856903792825
7489.719859384014853276
7471.215175827175698942
7436.535107384462207847
7385.883614109557129268
7320.338301815395425365
7241.831825803120409546
7153.040439554918521026
7057.182148610255353560
6957.761720964438609371
6858.287533318817622785
6761.995355881154864619
6671.603809948013804387
6589.111433517104160273
6515.679386887210966961
6451.633932522986469849
6396.588084457541299344
6349.651990124315489084
6309.678317444510867062
6275.489167111511960684
6246.047973550226743100
6220.555618050847442646
6198.452863833462288312
6179.341210344325190817
700.175058848244702858
847.900166993113771241
1001.613718523548413941
1161.104603960022814135
1325.985544787681646994
1495.704616438920083965
1669.544608463997747094
1846.620282415398150988
2025.877731413434503338
2206.097844003912541666
2385.904876823410177167
2563.780588651319249038
2738.084070384461483627
2907.077215817023443378
3068.955715236492324038
3221.885439863309329667
3364.044085954633374058
3493.667881249033143831
3609.102968592880188226
3708.860755963984956907
3791.676080852346785832
3856.566561297884163650
3902.891116897813844844
3762.139781266049340047
3602.929993122896121349
3426.101419680288017844
3232.994871726816199953
3025.452876532559912448
2805.806579730151952390
2576.848361993335402076
2341.790068054908260820
2104.207466853968071518
1867.972476596620708733
1637.175643673681179280
1416.042116816221778208
1208.844578750348546237
1019.815903554736109982
853.062351204872129529
712.475281583504170158
601.639261712449069819
523.747422369446098855
481.569139390270436252
477.528086491570661565
513.840696356203352479
592.528251405737478308
715.260226050987171220
883.222985458359858058
1097.120303725698022390
1357.236897360092825693
1663.491084728281975913
2015.459334797374594928
2412.379713675622497249
2853.141140671651101002
3336.260951880564334715
3859.850804285902540869
4421.570478436911798781
5018.569846924162447976
5647.420753591095490265
6304.042633709154870303
6983.628311861425572715
7680.579389525888473145
8388.463611841412784997
9100.008955580058682244
9807.149988468072479009
10501.140198000568489078
11172.738487996104595368
11815.256856202267954359
12420.118596446838637348
12979.131728096421284135
13484.798494210082935751
13930.584508975092830951
14311.116871839121813537
14622.292896882312561502
14861.297802196617340087
15026.545944328103360021
15117.571047252982680220
15134.893347682773310225
15079.886083099932875484
14954.654160053887608228
15313.959306424621900078
15607.816499843473138753
15838.893464893071723054
16010.426389592255873140
16126.187713036215427564
16190.483495761636731913
16208.180866825188786606
16184.753439261654420989
16126.319325016393122496
16039.639165593465804704
15932.045111873156201909
15811.285821301507894532
15685.292399846777698258
15561.888655694552653586
15448.480217111788078910
15351.758754603684792528
15277.451252710678090807
15230.133646045154819149
15213.116960305182146840
15228.404955753892863868
15276.716207361796477926
15357.560420895440984168
15469.357812124129850417
15609.590718618044775212
15774.977566042089165421
15961.660441113099295762
16165.398592989715325530
16381.761098125400167191
16606.312593874150479678
16834.786427233622816857
17063.239750946664571529
17288.185201624281035038
17506.694033188305184012
17716.466291770080715651
17835.655618023138231365
17943.630001912344596349
18040.164840803667175351
18125.579669710241432767
18200.646904856916080462
18266.490585623396327719
18324.483096492323966231
18376.146345701297832420
18423.061877515967353247
18466.792399896232382162
18508.815586181412072619
18550.469970860052853823
18592.912303602239262545
18637.085728009995364118
18683.698415976276010042
18733.212600769908021903
18785.844162936369684758
18841.572875937901699217
18900.163121116776892450
18961.194304406424635090
19024.099464605886169011
19088.209765341678576078
19152.801859769344446249
19217.144681548063090304
19280.542148635999183170
19342.368656374594138470
19402.095033023739233613
19459.303773040395753924
19513.693624592491687508
19565.074817082608205965
19613.357137658749707043
19658.533570511841389816
19700.662218535650026752
19739.848796947793744039
19776.231245481267251307
19809.967170427804376232
5295.639500781215247116
