2202.012366765746264718
2116.348063427185934415
2034.643783881590252349
1953.288991919009959020
1798.657959903219762055
1447.907824022950762810
1729.361097160151075514
1794.520893864638765081
1752.289698866218031981
1679.927229920442641742
1610.192615615097793125
1548.403433475808924413
1492.336598401522223867
1443.638378992745174401
1409.737785611895333204
1396.206984938371988392
1398.059135258409014568
1406.548057091953978670
1416.363069433341934200
1426.106752237293676444
1436.322691553152480992
1447.967387492201623900
1461.855606499735813486
1478.957154546684023444
1501.520135161074449570
1534.839379113604763916
1588.854627041276671662
1679.588550468430867113
1835.036241641329070262
2108.629135150913953112
2584.731802488193807221
3346.604568210582328902
4417.839231015886980458
5747.952676354610957787
7246.797986915759793192
8820.779525464626203757
10391.571766789969842648
11900.752001522667342215
13307.797123041651502717
14586.372896187649530475
15720.699279070537158987
16702.493123436968744500
17528.586294821121555287
18199.289775606473995140
18717.241380397827015258
19086.615362762549921172
19312.503819551868218696
19400.369052784626546782
19355.579572246322641149
19183.074583703277312452
18887.095092567513347603
18470.921311067933856975
17936.610519663470768137
17284.860747966689814348
16514.932604825273301685
15624.786470955141339800
14611.499169537411944475
13472.123980296353693120
12205.097274553534589359
10812.310874666911331587
9302.214648319581101532
7695.172499271297056112
6031.419676477931716363
4380.270647306318096526
2844.246423712105752202
1545.245898834046784032
628.678157357746613343
124.182922241683812103
0.000000000000008294
0.000000000000000000
0.000000000000000000
0.000000000000000000
0.000000000000000000
0.000000000000000000
0.000000000000000000
0.000000000000000000
0.000000000000000000
0.000000000000000000
0.000000000000000000
0.000000000000000000
0.000000000002361314
0.000000053819472022
0.000005532614161224
0.000002581943097210
0.000000002279388585
0.026481015082839367
104.010862739331713556
417.000240132208716659
986.485189034426753096
1809.845420714382726146
2821.482162164423698414
3923.792834854773445841
5023.387229885872329760
6049.103254221188763040
6954.382926123534161889
7712.942095753538524150
8313.444510851944869501
8754.890366041043307632
9043.498610038233891828
9190.635997655059327371
9211.239624019581242464
9122.577310162543653860
8943.540368846990531893
8694.308535103271424305
8396.332528219514642842
8072.616291504846230964
7748.018343147306950414
7449.343088056097258232
7204.814539352039901132
7042.635609570487758901
6988.477231605990709795
7062.067896090790782182
7273.830059065679961350
6762.263670683159034525
6386.515650923663088179
6133.911878076435641560
5983.272293936171990936
5909.188016100125423691
5886.386910955404346169
5892.823182290027034469
5911.196430736998991051
5929.188121149832113588
5938.851758443551261735
5935.634636700679038768
5917.267882135884974559
5882.882957779927892261
5832.533857811210509681
5766.737995479586970760
5686.285953018092186539
5592.235112970176487579
5485.998678612500953022
5369.442796854614243784
5244.922561784352183167
5115.218935400242116884
4983.386603610990277957
4852.529189114473410882
4725.539392455350025557
4604.842133464163453027
4492.163913711659006367
4388.383515538482242846
4293.515143555737267889
4206.842033191166592587
4127.184672633531590691
4053.256075757704820717
3984.042945476006934769
3919.144526635405782145
3858.950733740964096796
3804.498694082827114471
3756.888451239214191446
2435.958202371385596052
2481.390871794736540323
2529.114769431687818724
2579.172957282297375059
2631.592577309587341006
2686.383121767447391903
2743.535256552228929650
2803.020320774390711449
2864.790571153939254145
2928.780175686919847067
2994.906894217489480070
3063.074330663295313570
3133.174607389230459376
3205.091304409090298577
3278.702522099975794845
3353.883962601814801019
3430.511973060821219406
3508.466546996414308524
3587.634329587807314965
3667.911714143606332073
3749.208145516529384622
3831.449757330425200053
3914.583463913464584039
4005.139729980746324145
4096.562778601472018636
4188.891304122635119711
4282.206573703156209376
4376.638858284509296936
4472.373684565882285824
4569.657416892031505995
4668.801584216074843425
4770.185322920160615467
4874.255331033778020355
4981.522837556733065867
5092.557280450723737886
5207.976643901836723671
5328.434698031289372011
5454.605674040972189687
5587.167153276419412578
5726.782115751718265528
5874.081160999724488647
6029.645875605116088991
6193.994186210337829834
6367.568324110850880970
6550.725763948717940366
6743.733213545133367006
6946.763451981343678199
7159.894563621080123994
7383.110917706571854069
7616.305113383277785033
7859.280061775816648151
8111.750418980118411127
8373.342717558070944506
8643.593769971963411081
8921.947219626661535585
9207.748476537753958837
9500.238660411114324233
9798.548544658719038125
10101.693796740531979594
10408.572990006383406580
10717.969865856688556960
11028.561115831391362008
11338.930521806119941175
11647.589670181407200289
11953.004723383784948965
12253.628007649374922039
12548.485502255629398860
12836.234986111749094562
13115.616356362668739166
13385.479772381771908840
13644.809644387092703255
13892.743622110900105326
14128.586100825648827595
14351.816018565812555607
14562.088902005460113287
14759.233300439002050553
14943.241989683099745889
15114.258651224836285110
15272.561106607818146585
15418.542541041582808248
15552.692404301586066140
15675.578752238447123091
15787.833637165078471298
15890.142740736611813190
15983.239775528376412694
16067.905311567190437927
16144.968720207454680349
16215.311041386403303477
16279.865989941819861997
16339.616230044728581561
16395.582589966685191030
16448.805028335009410512
16500.315682308952091262
16551.105881407187553123
16602.090225152231141692
16654.071422696088120574
16707.709484670300298603
16763.498138379291049205
16821.750238202588661807
16882.592748438783019083
16945.970833632807625690
17011.659866482103097951
17079.283811782435805071
17148.338430915027856827
17218.217965518899291055
17288.244261786247079726
17357.697545885868748883
17425.848149275163450511
17491.988364607928815531
17555.463315578974288655
17615.699350711318402318
17672.228169425146916183
17724.704816663888777839
17781.374039800411992474
17833.701846621203003451
17881.738594059519527946
17925.648144844690250466
17965.687082420139631722
18002.180301646003499627
18035.495576396620890591
18066.019477205514704110
18094.136463934104540385
18120.212259920725045959
18144.581889901477552485
18167.542158571250183741
18189.347940366278635338
18210.211453852862177882
18230.303679394004575443
18249.757191059845354175
18268.669845589574833866
18287.108951674523268593
18305.115688404384854948
18322.709634888327855151
18339.893312914628040744
18356.656641351382859284
18372.981177056142769288
18388.843990573746850714
18404.221016933803184656
18419.089740513776632724
18433.431121917361451779
18447.230747734040051000
18460.479269939794903621
18473.172278053862100933
18485.309805114582559327
18496.895685341936768964
18507.936954663557116874
18518.443417872287682258
18528.427414875663089333
18537.903731391543260543
4129.443695677835421520
