3682.551935082593445259
2244.789881887882984302
1370.420847713467765061
948.533313823780190432
754.942254449082156498
681.103649146821112481
443.972018827314570899
266.204411500647438515
136.307209740919148544
53.258671886240854576
12.675894652172219779
1.553590591599598447
0.165187809168242272
0.219371780779713255
0.032463298212415899
0.002469524264215307
0.002386048740400095
0.000372350630224806
0.000233334156700050
0.000065769767066955
0.000007360824959792
0.008968600893458842
964.754864000546149327
0.004244034711977937
0.000001152655058474
0.000004202915651139
0.000007366047854546
0.000029830222429174
0.000531655415024284
0.863530903150612539
574.416271412485230030
2459.623968098887417000
5504.843904769472828775
9198.164091108483262360
12975.650496499327346100
16476.424658784824714530
19568.655226303984818514
22170.863150951783609344
24170.139548492683388758
25560.235572874709760072
26390.781840014573390363
26881.336194265430094674
26993.207934753292647656
26999.536565619670000160
26999.882682078368816292
26999.886618616426858352
26999.765146500576520339
26999.691684678433375666
26999.680736928658006946
26999.261244013014220400
26996.118404138498590328
26993.106888847381924279
26984.290023780980845913
26958.480809917891747318
26787.694476550961553585
26203.134121435294218827
25045.522157555689773289
23286.303059561352711171
21005.994641059787682025
18366.501611723724636249
15339.331891091354918899
11860.119582326828094665
7896.783691699331029668
3730.308883635099391540
0.112190756310553155
1469.341215242961879994
0.029867481847296082
0.000000000187477995
0.000000000054894253
0.000000000018076059
0.000000000045790738
0.000000000059705795
0.000000000105221740
0.000000000031779904
0.000000000017661837
0.000000000176843635
0.000000022252898122
0.001468113540866595
356.895485655318509544
0.172898919107377147
0.000000832579881099
0.000000006361218407
0.000004602788474855
0.000212442093350927
0.009024360871050666
0.083345945536985669
0.000488596008269897
0.052300224836880384
442.000283976621972215
1765.375871785412982717
3526.727137856599256338
5493.058797784762646188
7448.007595901436616259
9305.345853054890540079
10995.837661808003758779
12458.265967714974976843
13739.519825141440378502
14804.268792127029882977
15585.200912246011284878
16084.865534693994050031
16411.509178742384392535
16623.455712928935099626
16757.743095675396034494
16830.163420141856477130
16718.177671953235403635
16357.886585451962673687
15695.716673006842029281
14773.169185875318362378
13720.426260930273201666
12621.537923019652225776
11454.338933106508193305
10148.385220477910479531
8591.826516998260558466
8864.802698363173476537
8978.546413868762101629
8961.933507944026132463
8815.035078685528787901
8610.678401292145281332
8389.347211160844381084
8157.299820288840237481
7890.972713257012401300
7597.533974456890064175
7262.463406648312229663
7040.128535883202857804
7023.587002320597093785
6852.773852933978560031
6659.115214460463903379
6502.196926188617908338
6361.443312948455059086
6162.166533684546266159
5840.953447879374834883
5388.516244190759607591
4873.580979887213288748
4354.645774644625817018
3885.766649511002924555
3555.920812760296030319
3366.567919480130058218
3215.154190251792897470
3022.025878154853216984
2750.779326363259315258
2399.279197548186857603
2008.925098609481665335
1647.069543021694016716
1364.483097543788062467
1120.227630340106770745
917.305963578752084686
740.264971119082019868
563.948678039341984913
340.809899069186030829
5270.613592037702801463
4673.653446993909710727
4271.522894129446285660
4046.132637506214450696
3933.017501741737760312
3874.836682440419735940
3752.396791166896491632
3641.033419945470086532
3527.069122806112318358
3409.062741121735598426
3294.614734780611343012
3184.552170287118315173
3072.127152572079467063
2960.090397571409994271
2879.416812267285877169
2849.508865996877830185
2848.085616344870231842
2810.637042924494835461
2728.877675352475307591
2650.404061110119073419
2584.524794844158350315
2497.387120264748773479
2749.179556559229695267
2246.047767022437255946
2088.865778389862498443
1921.007694257926004866
1766.936429202909266678
1603.707554862917049832
1422.619998097809911997
1222.041305508344748887
1308.216310987709221081
1939.893918131196869581
3007.694201069126393122
4304.150242194974453014
5654.247992603529382905
6935.023379188527542283
8059.865608954174604150
8995.650380430548466393
9757.957477671694505261
10353.153446059726775275
10778.245751147747796495
10983.777308247617838788
11044.511871678931129281
11078.755582251342275413
11161.075432992061905679
11319.146003647147153970
11535.239768152850956540
11765.580716027623566333
12005.440585765012656339
12276.509298225560996798
12564.971395842710990109
12794.132021579180218396
12977.476303671999630751
13105.799315800630211015
13197.105712973276240518
13208.687622120274681947
13130.747517864831024781
12952.629423429027156089
12634.135247385956972721
12120.293530686823942233
11429.454237935206037946
10628.382927688820927870
9836.416215458091755863
9182.309337617249184404
8829.919483889716502745
7434.991380833076618728
7701.258052706583839608
8560.459817133627439034
9308.017746920457284432
9972.697149686533521162
10586.997402806449827040
11177.512601552225532942
11755.387787400730303489
12321.068542534098014585
12801.879814990448721801
13135.252538621674830210
13346.738698316643422004
13535.259968885875423439
14000.120935555432879482
14282.349307067925110459
14915.003439186342802714
15444.974985641760213184
15659.939024231702205725
15718.437010909188757068
15713.447597786018377519
15726.441067247640603455
15800.850322447173311957
15883.225424714002656401
16116.040614944562548772
16697.128166086436976912
17503.927061117708944948
18401.286178123034915188
19297.018151876309275394
20120.254591250974044669
20835.391583271579293068
21433.219134635593945859
21901.101889843030221527
22254.006806075813074131
22518.402951448522799183
22707.011960915351664880
22809.239493074026540853
22822.254768434566358337
22745.504704673174273921
22580.974251083294802811
22356.526690437720390037
22085.624454613036505179
21776.837086984858615324
21417.580996543543733424
20977.086938746157102287
20435.274555332227464532
19795.748018528072861955
19074.234039053768356098
18296.852682558303058613
18562.306069128728267970
18780.522847217711387202
18962.292110269176191650
19120.911741909469128586
19252.708368724786851089
19358.084500044511514716
19442.027044771202781703
19513.382596711537189549
19573.147137448773719370
19625.092244788444077130
19638.523985465457371902
19594.087315439672238426
19561.639547031991241965
19514.185847041881061159
19439.262753506522130920
19340.754297679119190434
19233.771334408429538598
19131.661660102516179904
19037.484098076198279159
18939.316582618561369600
18827.791164508977090009
18695.107336699682491599
18527.409402987163048238
18328.914307876195380231
18124.801620997135614743
17935.627513038682081969
17772.698154643479938386
17639.216699046664871275
17527.900114832555118483
17424.062881376961740898
17314.041308428597403690
17200.690357957289961632
17077.847763558096630732
16943.653404766482708510
16799.470828375568089541
16652.057961708218499552
1273.339628498885076624
