51.595242674631457191
52.807055435241458952
54.453416283093190486
56.138018211841902882
57.421813431912809733
58.100006179205053058
57.951648444187597420
57.660402212575405656
57.834230712004469410
58.598984209829140468
59.712619849731375155
60.930528068487568305
62.134476277916121489
63.169127111632022320
63.513069908792601836
62.861419462807234027
61.601082125170563586
60.739190312828498008
60.436875003082519697
60.041370219359826876
59.230134612865853683
57.383275618513806648
55.113097882947421624
54.516855769372249085
53.190773164474649093
51.406571052430003022
49.060938244944104270
46.421291948514721071
43.435278452431568041
39.578619920644946717
33.209733320717468530
24.422987007650156954
14.914179904812371547
5.957573359732506901
-2.533002919613579706
-10.491826874838366734
-17.354250539145368748
-23.073127424301702604
-28.456144209839607129
-33.643737877650664814
-38.304994389065356586
-41.835544555736120742
-44.333324389818244526
-46.034223683720071563
-47.508546096323584607
-49.120953984583394458
-50.597051840165022440
-51.336405472611815526
-51.260843261949545990
-50.601009873785770310
-49.105257853839660243
-45.853995109773720174
-40.961342680141370920
-34.480860295611549304
-27.285517275683901062
-20.248775108945466172
-14.084637484176596445
-8.744508699058627599
-3.208973287411367892
3.833485084172338020
11.964536899811434978
19.859146917826791423
25.887196446649795689
29.838860570108408865
32.707877266023871243
35.627660141774896374
38.595683778333523151
41.415407708867633119
44.021080923515199856
46.376438747991500122
48.369609151635216904
49.896209351798376019
50.964682042120699634
51.784455575542608585
52.849129868350985362
54.469518242057716861
56.343269615969404640
57.621310051595372670
57.389559350976526275
55.217762758741599782
51.697556160064550568
48.381637708145376564
46.270629970234324446
44.948940620390004597
43.563410891497028388
41.300649644845748298
37.653856846504965006
32.701142904114277599
27.005057479276047161
21.121449104065703750
15.290925148687364299
9.733412294256623909
4.590451008638382291
-0.018956016677776688
-4.052759957889009002
-7.513444797453189494
-10.382541098193684093
-12.821324181298450640
-15.069484809387290625
-17.140266506818278458
-18.772555588520646097
-19.718950805308622876
-19.888216703504895122
-19.443507345034930722
-18.842363886662781169
-18.515068398751196810
-18.650622128135665889
-19.053417413385574264
-19.289829121924725541
-19.087472656528575499
-18.556165276895626448
-18.103205550543975733
-18.201644327647130694
-19.051861363120622173
-20.494620499775606959
-22.355544902614980174
-24.488705056416790740
-26.695891461580345094
-28.829648878023135694
-30.850159085100074208
-32.769900455115134719
-34.551159500604967434
-36.036461289604687863
-36.970843355219756177
-37.366523842300352953
-37.551114098410778297
-37.591616623654715568
-37.426220203406387554
-37.131190041902357279
-36.914729516431009415
-36.958836384056610314
-37.272189240162049373
-37.673890720306246749
-37.904910002211522624
-37.714822775677134814
-36.945996757553132284
-35.665899343487126316
-34.163030988831053492
-32.768642551425841702
-31.700951317315855249
-31.003693869398375682
-30.556541354279204370
-30.162053510554699187
-29.676738689673129556
-29.071291070204040352
-28.366764649969439915
-27.620560020717505267
-26.929765933906736564
-26.397418254727625708
