53.439558717717147829
54.137877082348659030
55.154923402868433868
56.271477114027803168
57.204626412329197649
57.866390413196882037
58.043469339098507476
58.108404575797976577
58.437978101852621649
59.091164437251386232
59.923936815521550159
60.813154138282193628
61.702595166367323998
62.496598626167262580
62.793839853959404707
62.340909491954803912
61.381142322379965037
60.647298665489984160
60.213271681773335331
59.546879087853042734
58.594983948531421447
57.826412648535054473
57.183323590198590125
56.310084336290501028
55.188055232996745758
53.688329040234293643
51.313769591950418203
48.052666785210249145
43.676449356187291073
37.937019728110371375
30.562876385756695186
22.200560972238619684
13.932935535422473095
6.422487057450524617
-0.744497664844118390
-7.692313280678462206
-14.029458670988844915
-19.770363979040354252
-25.620464441518635113
-31.600261225221288441
-37.261084027943525143
-41.907408071860743348
-45.512699742414042703
-48.213575134041036563
-50.483281429337353075
-52.630615225685204450
-54.396903412733195182
-55.234952327051473731
-55.077629088561991466
-54.141938864649802099
-52.208792349354297357
-48.455182958358477663
-43.005613725907636535
-35.940409798220798621
-28.102588916569715138
-20.358940716367357027
-13.457923025177677800
-7.474907206646207669
-1.601538746072179720
5.270764951527183939
12.742284520621637967
19.665709126004486507
24.687087004683775149
27.822067318125391466
30.317206567866691103
33.737669795736820788
38.411377141641679600
43.559146238415024754
48.004289056672774905
51.213182048879019703
53.274943441650435716
54.422539234541886799
54.889790120667669271
54.998381184268339439
55.268894930212894678
56.016873630669323347
56.976226765709554911
57.404007737935756950
56.599743549949550925
54.271861506964341970
50.816158565418277249
47.539891624272172521
45.344353819438424580
43.830482642114020564
42.155586760701083904
39.461505504245906195
35.198033006906712217
29.637688024054028801
23.789689847582849325
18.394818940612253755
13.501046783125644879
9.009679216984324057
4.824488770478467359
0.942493499560953296
-2.626185393945945634
-5.861981543503702596
-8.696517631693438943
-11.212357747988846768
-13.570094383069942978
-15.746101757057886061
-17.493004244343012488
-18.595142279120182138
-18.986692517944959491
-18.831343098327977259
-18.554696438627672705
-18.553042957678712810
-19.001791782800012243
-19.724962495833722187
-20.322696779265299938
-20.525586319581805128
-20.391291919096033780
-20.235364883572458439
-20.441283883240373598
-21.175424539780635769
-22.316461664338419268
-23.756949883723621042
-25.421459873777678240
-27.176129668156363550
-28.915236844352193657
-30.613940151365056863
-32.283696866531215619
-33.885644307972881961
-35.270810516651579292
-36.199063958600163460
-36.668227356749525825
-36.959296766614045282
-37.116847416358098144
-37.070998618827388782
-36.879167845660333569
-36.720803987691567727
-36.756993301278100716
-37.000473319703075958
-37.301466087925405191
-37.445183764174203134
-37.223605523489538882
-36.504390913154850296
-35.346771350957737923
-33.999768698077218687
-32.747611933792711625
-31.776555586423853583
-31.123849254787216978
-30.686819654052726491
-30.297418858147864285
-29.835575020992564532
-29.279969756262119063
-28.649055271725387684
-27.989544219266974778
-27.381782784776248718
-26.912007092126600583
