322.728317051971714591
77.818299428560749220
49.408075638108044814
29.030778912387656732
27.250583519954890477
26.759554036812879474
26.470576960483828799
26.287681819344296485
26.169261172534177717
26.043822827241257301
25.969528724756735016
25.922324119090273342
25.870036275395815295
25.813398682002656415
25.786040637503369055
25.758569041560871682
25.718484839476403181
25.697313509262983189
25.686537594389118766
25.678446106193039356
25.667273584189306490
25.645166258905188528
25.628649431798983471
25.621727831105040707
25.617481845759634496
25.613689364492316258
25.608939867455287498
25.601047692387162158
25.587001904795847906
25.572009372163808649
25.548595454322626352
25.545921075655080301
25.544082911018957560
25.541294798482280015
25.537407388336678338
25.534575206328881336
25.528622672042580177
