47884.521587325209111441
47908.826741375632991549
47933.131895426056871656
47957.437049476480751764
47904.444141950989433099
47796.534222138601762708
47688.624302326221368276
47575.526133641331398394
47376.792031320597743616
47178.057928999856812879
46979.323826679115882143
46780.589724358374951407
46581.855622037634020671
46383.121519716893089935
46135.677275711808761116
45878.404235184265417047
45621.131194656714797020
45363.858154129171452951
45106.585113601628108881
44849.312073074077488855
44592.039032546534144785
44334.765992018990800716
44088.695600545361230616
43865.938694645905343350
43643.181788746449456085
43420.424882846993568819
43197.667976947537681554
42974.911071048081794288
42752.154165148625907023
42532.973720574875187594
42367.871543262408522423
42202.769365949941857252
42037.667188637475192081
41872.565011325008526910
41707.462834012541861739
41566.424595615062571596
41428.839447854668833315
41291.254300094282370992
41153.669152333895908669
41016.084004573509446345
40878.498856813115708064
40664.792682418978074566
40410.005371750223275740
40155.218061081468476914
39900.430750412706402130
39645.643439743958879262
39376.497904033574741334
38815.965820565019384958
38255.433737096471304540
37694.901653627923224121
37066.016892380554054398
36286.367721737282408867
35506.718551094003487378
34727.069380450724565890
34040.729782066569896415
33837.319583220458298456
33633.909384374346700497
33430.499185528235102538
33309.227403567725559697
33298.218022462722728960
33287.208641357712622266
33276.199260252702515572
33265.189879147699684836
33254.180498042689578142
33243.171116937679471448
33232.161735832676640712
33221.152354727666534018
33210.142973622656427324
33199.133592517653596587
33188.124211412636213936
33177.114830307633383200
33166.105449202623276506
33155.096068097613169812
33144.086686992610339075
33133.077305887600232381
33122.067924782590125687
33105.705707088520284742
33089.326522831717738882
33072.947338574907917064
33056.568154318098095246
33040.188970061295549385
32976.891376859195588622
32709.364700660669768695
32441.838024462143948767
32041.158396003833331633
31582.541236798857426038
31123.924077593881520443
30737.932950744609115645
30371.039223382500495063
30267.129422300000442192
30267.129422300000442192
30422.926666764913534280
30606.373530445969663560
30884.511822725038655335
31190.256595526792807505
31409.090909089998604031
31409.090909089998604031
31409.090909089998604031
31570.982322279214713490
31774.812170813718694262
32002.254179513136477908
32231.562759113247011555
32265.562024179998843465
32265.562024179998843465
32265.562024179998843465
32265.562024179998843465
32242.857180722672637785
31956.221456221854168689
31533.405524581470672274
31019.560321728396957042
30968.602859596110647544
30779.832863803494547028
30279.523235582430061186
29778.373431751795578748
29243.320079350734886248
28708.266726949670555769
28389.029360926739173010
28291.168780884258012520
28566.339076408257824369
28841.305837697516835760
29085.901655935711460188
29330.497474173902446637
29575.093292412097071065
29673.350479054766765330
29754.282918914763286011
29835.215358774763444671
29878.468807822639064398
29856.629895480211416725
29834.790983137783769052
29812.952070795356121380
29790.267503282804682385
29675.613213479133264627
29392.848472104284155648
28796.646165142068639398
28154.352047560740174958
27411.407219419772445690
27383.271268084972689394
27355.135316750176571077
27326.999365415376814781
27298.863414080580696464
27270.727462745780940168
27242.591511410984821850
27214.455560076188703533
27186.319608741388947237
27158.183657406592828920
27130.047706071793072624
27101.911754736996954307
27073.775803402197198011
27045.639852067401079694
