2915.313449980486893764
2915.313449980486893764
398.645482206385565860
392.145665571938366156
225.601316133782916040
214.287891715944624593
160.274060702983348392
157.108728403435947030
155.807380905961764483
154.932451030038095041
154.321825195138785602
153.885670041629907701
153.571261274981793576
153.344455472357083181
153.179736083076903697
153.061561256712423074
152.979819618430553874
152.926142492311555543
152.893074300639085550
152.874795100446561946
152.865735800942331934
152.863584168457123269
152.859827541855707977
