783.504173062510858472
803.397571427532625421
823.290969792554392370
843.184368157576159319
863.077766522597926269
882.971164887619579531
902.864563252641346480
922.757961617663113429
942.651359982684880379
962.544758347706647328
982.438156712728414277
1002.331555077750181226
1022.224953442771948176
1042.118351807793715125
1062.011750172815482074
1081.905148537837249023
1101.798546902859015972
1121.691945267880782922
1141.585343632902549871
1161.478741997924316820
1181.372140362946083769
1201.265538727967850718
1221.158937092989617668
1241.052335458011384617
1260.945733823032924192
1280.839132188054918515
1300.732530553076458091
1320.625928918098225040
1340.519327283119991989
1360.412725648141758938
1551.081189449532757862
1850.989240563579414811
2150.897291677627890749
2441.457895922141688061
2710.763084677690585522
2980.068273433241301973
3249.373462188790199434
3518.678650944340915885
3787.983839699891177588
4057.289028455440529797
4326.594217210990791500
4359.181599168568027380
4378.141303549153235508
4397.101007929738443636
4416.060712310323651764
4435.020416690908859891
4453.980121071494068019
4472.939825452079276147
4491.899529832664484275
4510.859234213249692402
4529.818938593834900530
4548.778642974420108658
4567.738347355005316786
4586.698051735590524913
4605.657756116175733041
4624.617460496760941169
4643.577164877346149296
4662.536869257931357424
4681.496573638516565552
4700.456278019101773680
4719.415982399686981807
4738.375686780272189935
4757.335391160857398063
4776.295095541442606191
4795.254799922027814318
4814.214504302612112951
4833.174208683198230574
4852.133913063783438702
4871.093617444368646829
4890.053321824952945462
4909.013026205539063085
4927.972730586123361718
4946.932434966708569846
4965.892139347293777973
4984.851843727879895596
5003.811548108464194229
5022.771252489050311851
5041.730956869634610484
5060.690661250219818612
5079.650365630805026740
5098.610070011391144362
5117.569774391975442995
5136.529478772560651123
5155.489183153145859251
5174.448887533731067379
5193.408591914316275506
5212.368296294902393129
5231.328000675486691762
5250.287705056071899890
5269.247409436657108017
5288.207113817242316145
5307.166818197827524273
5326.126522578412732400
5339.429917877694606432
5350.014907917015079875
5360.599897956336462812
5371.184887995656936255
5381.769878034977409698
5392.354868074298792635
5402.939858113619266078
5413.524848152939739521
5424.109838192261122458
5434.694828231581595901
5445.279818270902978838
5455.864808310223452281
5466.449798349544835219
5477.034788388865308661
5487.619778428185782104
5498.204768467507165042
5508.789758506827638485
5519.374748546148111927
5529.959738585469494865
5540.544728624789968308
5551.129718664111351245
5561.714708703431824688
5572.299698742752298131
5582.884688782073681068
5593.469678821394154511
5604.054668860715537448
5614.639658900036010891
5625.224648939356484334
5635.809638978677867271
5646.394629017998340714
5656.979619057318814157
5667.564609096640197095
5678.149599135960670537
5688.734589175281143980
5699.319579214602526918
5709.904569253923000360
5720.489559293244383298
5731.074549332564856741
5741.659539371885330183
5752.244529411206713121
5762.829519450527186564
5773.414509489848569501
5783.999499529169042944
5794.584489568489516387
5805.169479607809989830
5815.754469647131372767
5826.339459686451846210
5836.924449725773229147
5847.509439765093702590
5858.094429804414176033
5868.679419843735558970
5879.264409883056032413
5889.849399922377415351
5900.434389961697888793
5911.019380001018362236
5921.604370040339745174
