2251.049975647078554175
2209.703787678547996620
2118.677161941767280950
1991.289780742771426958
1795.110806539868463005
1462.260600789121099297
1629.380481065826643317
1641.808337625893727818
1571.792691196532814502
1474.130861826412001392
1372.949178921157681543
1275.705886320132321998
1186.406083203202115328
1109.793274493740909747
1043.739135331177976695
986.161497518464557288
935.056556181866085353
898.706512693668628344
872.362615576680695995
848.076755384332614085
860.250629121249517084
869.137729449374205615
1190.679539960113288544
869.518484108404322797
864.526357490705777309
831.860065537715172468
887.343483746066794993
1009.275236147277155396
1195.510703426914005831
1454.185810512473608469
1758.817254054112936501
2283.593038761343450460
3388.345111472534881614
4841.810667773974273587
6399.689104540020707645
7696.079469779482678859
8732.641949264507275075
9688.491273271523823496
10572.239164217307916260
11605.891323381109032198
12825.135529155879339669
13865.776864468047278933
14726.379215231145280995
15416.931936156068331911
15949.362852728585494333
16336.222809823213538039
16589.629432876252394635
16720.335095152480789693
16736.952725782160996459
16645.350493352252669865
16448.162493949730560416
16144.436053588095091982
15729.432689962304721121
15194.586225864704829291
14527.619405424155047513
13712.978623411936496268
12732.731021910698473221
11568.891769584190114983
10236.288964540488450439
9044.269821097796011600
8051.152066261437539652
6997.449585473325896601
5807.640779354845108173
4488.935240141694521299
2920.509018844451475161
1433.854566249340450668
439.114156119424592362
1.567551858984615798
0.000000000000000000
0.000000000000000000
0.000000000000000000
0.000000000000000000
0.000000000000000000
0.000000000000000000
0.000000000000000000
0.000000000000000000
0.000000000000000000
196.818742612106035494
689.153099153054654380
304.027929892731549444
123.066262529948843962
4.621266133778673790
96.004305340941058944
170.353104896558846804
202.723266872469395139
198.454638681860842553
241.224782757532324240
597.179146660904052624
1289.391448237929807874
2308.241909727707934508
3550.923185119090248918
4415.315642961768389796
5156.787558890749096463
5963.142916058952323510
7086.484167011753925181
8029.545358872435826925
8761.793351725980755873
9282.737798944050155114
9600.413035427682189038
9728.720929852375775226
9685.765988212260708679
9492.916654468743217876
9187.933601615657607908
8937.064854114607442170
8737.093617496575461701
8506.815862028644914972
8229.244780294307929580
7930.787504624634493666
7667.982460730244383740
7484.041928077502234373
7393.309895296036302170
7392.122047539579398290
7451.768353518596086360
7212.628883218539158406
7044.267252743906283285
6939.997706832289622980
6882.662998216946107277
6876.591909732458589133
6915.955040392725095444
6985.237349466214254790
7061.574213810938999814
7134.191560334601490467
7188.282517399932658009
7264.104191199451634020
7385.298629031947712065
7437.097768333943349717
7458.930041000101482496
7469.253935529807677085
7462.494449611822346924
7416.738546794357716863
7313.892663752149928769
7152.972109718129104294
6957.503000026581503334
6748.001078116162716469
6543.755818114985231659
6375.031417251997481799
6244.762919469790176663
6123.124022907039034180
5987.013469620465002663
5826.532639499116157822
5642.218429202762308705
5448.003024189819370804
5266.154796715768497961
5114.654498850152776868
4984.297027081630403700
4880.946246170973608969
4805.388555950906265934
4754.507299087895262346
4715.503917936735888361
3007.882802420638654439
2997.411557444881964329
2946.535822881971398601
2889.939847009813092882
2819.749594198389786470
2683.333897644302396657
2844.466466771131308633
2906.876922111237490753
2905.711055805013074860
2872.896382254513355292
2831.001615718295397528
2789.487078340321659198
2751.345215494117837807
2725.296845605726502981
2739.226757142172118620
2806.993036906063935021
2905.378958537967264419
2981.195398510572886153
3024.640031223429105012
3074.243971695140317024
3161.251865186972281663
3517.695683611505046429
3871.561398673451094510
3400.696629810178365005
2973.026993662236691307
2942.382549902495156857
2973.292792358759470517
3033.093249193593237578
3114.226712298479014862
3218.589796858118916134
3441.106376915559849294
3612.673066414789445844
3269.195040453839283145
2780.918861801845196169
2426.865939053255715407
2643.784851570653245290
3297.349369532313176023
3994.420724703654286714
4641.629275121003956883
4832.233608061792438093
4487.584235990862907784
4193.957611667231503816
3967.534791203045642760
3811.661592901829408220
3728.999351635978655395
3721.594117362048109499
3790.928115862660433777
3937.965339975709412101
4163.188125260142442130
4466.622035943580158346
4847.846425184791769425
5305.987630303589867253
5839.691065034367056796
6447.067676297945581609
7125.609601094052777626
7872.069532588078800472
8682.284915389504021732
9549.745073268642954645
10416.637655487662414089
10761.704363505325090955
10494.511479522039735457
10081.199017785240357625
9746.057720207136298995
9639.772162252402267768
10172.104114362758991774
11064.221134948360486305
11956.949598807212169049
12786.649586467879998963
13539.134999239604439936
14201.437551835337217199
14762.179338539534001029
15212.045877814069172018
15544.101347225152494502
15753.924689096966176294
15839.576634578372249962
15801.429079112369436189
15641.897363100848451722
15365.115284096262257663
14976.587931145420952816
15473.558172123466647463
15869.263202472940974985
16180.436439840401362744
16434.464428015668090666
16564.108949794805084821
16619.662889941286266549
16672.618692251522588776
16741.579589551794924773
16641.666583021215046756
16471.609899125400261255
16270.542168875894276425
16079.184159036361961626
16519.584424338150711264
17129.610423103848006576
17555.573718579064006917
17395.903216478200192796
17251.906922168014716590
17152.580127323170017917
17103.134881258814857574
17106.529315472413145471
17163.545943167780933436
17272.855910414458776359
17430.844401472037134226
17614.257220997933472972
17636.637982395328435814
17530.456670642091921763
17429.716844768776354613
17387.635069436746562133
17403.156015408399980515
17437.205622001903975615
17466.707551167553901905
17501.949636403081967728
17569.662763630767585710
17719.342055275676102610
17744.316273093434574548
17838.873724676817801083
17999.418257462562905857
18227.064141935537918471
18489.527956561603787122
18764.723869798526720842
19042.984329985647491412
19326.244975481946312357
19604.547506053189863451
19877.423048463500890648
20078.407128326427482534
20166.757790566101903096
20283.021308376115484862
20373.507308826596272411
20414.059712487753131427
20413.369880231952265603
20402.566051662848622072
20408.986129864071699558
20438.923119754934305092
20468.065444395564554725
20476.762241297357832082
20447.782761103921075119
20350.641853076518600574
20190.374038840080174850
20013.940193820330023300
19858.939716633125499357
19744.598557645553228213
19674.837383468788175378
19634.478304486176057253
19596.323493442705512280
19538.479745216460287338
19475.080919815030938480
19403.202603622507012915
19328.613765171503473539
19262.591699084227002459
19226.155156721495586680
4092.917370328530068946
