643.232437542346247028
446.499826189136683752
330.861967131463245551
269.260131177386426771
242.235102055080517403
282.273413264922567123
118.846642863118646005
30.002023779222568578
1.269938117410495559
0.255128944604785968
0.086668892022507729
0.030478097814003676
0.008815027095072044
0.042073884309392504
0.111756124439776949
0.012846478930469286
0.000158112547112198
0.000157617714619503
0.017787078186773036
1.209840435590284535
139.523139202239320866
602.388046977819954009
1527.131774456614721203
780.324652609117492830
458.939617208399511128
416.039360670378869145
503.006351959202675062
711.497334841023757690
1092.926993433732377525
1744.694164699689963527
2591.435059758527131635
3721.450132747007501166
5216.775341392806694785
7021.915372738949372433
8991.635393572487373604
10998.178103954325706582
12996.054039430302509572
14919.329016558383955271
16651.053145849044085480
18151.549001119215972722
19431.662371568272646982
20662.371201425878098235
21727.914513850213552359
22612.442512786754377885
23283.432942083087255014
23723.564320599558413960
23966.429599611466983333
24074.779420884457067586
24061.858902022297115764
23906.299995425953966333
23625.961613754527206765
23314.570350669786421349
22952.073246406147518428
22543.051018405309150694
22007.409021696366835386
21276.410291877684358042
20290.903573402814799920
19052.920054313639411703
17653.503539284934959142
15179.868633029418560909
12681.566831888419983443
10091.973848764002468670
7323.120603649147597025
4447.178946839130730950
1689.359001033836875649
2790.847544452312831709
1193.431161714903510074
248.699875858254529248
0.000016885124587525
0.000000000000000000
0.000000000000000000
0.000000000000000000
0.000000000000000000
0.000000000000000000
0.000000000000000000
0.000000000000000000
0.000000000000000000
18.073469435188513899
653.416286188283606862
92.714437398273091162
0.000000000000000000
0.000000000000000000
0.000000000000000000
0.000000000000000000
0.000000000000000000
0.021786647549524654
61.721363230969764402
409.804510535385020376
1069.407419922075177965
1995.799460081508641451
3015.799422523396970064
4082.266479011237152008
5122.236379858018153755
6123.766962428909209848
7057.679465294878355053
7883.202250626329259831
8629.352179490992057254
9260.343871542447232059
9716.160231566105721868
9989.783381892719262396
10154.713772642297044513
10251.353964745081611909
10307.451469692401587963
10337.597086245934406179
10257.501688183707301505
10027.998041031296452275
9619.710472902947003604
9074.158488915563793853
8497.458045752298858133
7959.946053042157473101
7451.104165978813398397
6921.648590920799506421
6288.935226598478038795
6393.903940698483893357
6440.068089742349911830
6434.226868285460113839
6364.950721221322964993
6275.788118557436973788
6188.403237806004653976
6101.014682595522572228
5991.509363262206534273
5861.413360785107215634
5697.737667715150564618
5611.511446392838479369
5670.364179973234968202
5613.280595968629313575
5537.069673284809141478
5486.441695089903078042
5447.673690420369894127
5367.316632090131861332
5199.624716737363087304
4937.683452902934732265
4630.799006063011802325
4320.391420833565462090
4044.349490042749039276
3865.836373665944847744
3784.448603722675215977
3724.393245553796077729
3626.848865214550187375
3464.845368304863768572
3236.934215306414898805
2974.266950966887634422
2728.252906026107211801
2539.985874307421454432
2385.594335857053465588
2274.318851819618885202
2202.330651119343656319
2157.905914018583644065
2111.105772167158193042
2610.870957507581351820
2467.750688540561895934
2363.851514482201764622
2303.832242768339256145
2292.503361267968102766
2333.289220165318511135
2251.406857738545113534
2206.457593292675028351
2181.125423090659296577
2155.650545761842749926
2122.038757298476866708
2085.172489658183167194
2045.542669482689461802
2008.486983887820088057
2002.888626548193769850
2046.221828633493259986
2118.295933716053696116
2160.085341543547201582
2163.949974156673306425
2173.878013047254626144
2279.462868014434206998
2560.731237572611462383
3104.767127024039382377
2580.394715876161171764
2303.071727051467405545
2182.939350844648743077
2153.678944175058404653
2189.063002796560795105
2311.408618901573390758
2576.543919582099988475
3071.560744292404251610
3821.285934898834511841
4796.801021044936533144
5944.469334203084144974
7203.686073595747984655
8512.251121521383538493
9807.751181852343506762
11047.620469726418377832
12214.060191601918631932
13291.113422643060403061
14265.681921778625110164
15059.168595478105999064
15742.063098009253735654
16325.157296963625412900
16824.073292880566441454
17252.179477890036650933
17613.375170398270711303
17905.033480353919003392
18130.750462647869426291
18297.766800200482975924
18404.743904969858704135
18436.217414569884567754
18394.379773704196850304
18277.097222554293693975
18096.034010170584224397
17861.222385214499809081
17581.827482264456193661
17258.928843697747652186
16883.018010368286923040
15806.781360632459836779
14680.985757836138873245
13548.903525603487651097
12478.399529571954190033
11536.197471349823899800
10791.886064043919759570
9778.962313899417495122
9464.337976900786088663
9508.593163607680253335
9963.834828861708956538
10527.595487483144097496
11046.915674729616512195
11546.488661906494598952
12036.946737684926119982
12519.169290534458923503
12927.541674933505419176
13205.571863681805552915
13376.771973696153509081
13544.452704809744318482
14261.770776451159690623
14223.270677172742580296
14692.031046346601215191
15140.246974530917213997
15306.811683776108111488
15335.714626503298859461
15311.275919874160535983
15307.292175394219157170
15408.476259273478717660
15731.175107845694583375
16224.607577421058522305
16837.894298340015666327
17531.068687347087688977
18250.964983305861096596
18956.957752010708645685
19612.589456411555147497
20195.555549519052874530
20695.312656119385792408
21100.220921186071791453
21412.970105561405944172
21643.257351935888436856
21795.946608631980780046
21866.538384397448680829
21855.704041271506866906
21766.491990151993377367
21604.181958437060529832
21386.995494087383121951
21126.994202940251852851
20834.411113394900894491
20509.772144117159768939
20144.824911990417604102
19735.453838364523107884
19287.294683359290502267
18810.171293461549794301
18317.404823083888913970
18534.757922347740532132
18736.245565663641173160
18923.808016414430312579
19101.193170898673997726
19264.511172551068739267
19411.995606943441089243
19544.159343461004027631
19663.447678296550293453
19768.758427261487668147
19860.561557369455840671
19923.414206981393363094
19947.764834960918960860
19966.772496790919831255
19968.165075138480460737
19946.790575596442067763
19905.343760282143193763
19851.781199873508739984
19793.055163999189971946
19731.029172534701501718
19660.283297345802566269
19576.503114415270829340
19476.190054373859311454
19353.255007271538488567
19210.554663334725773893
19061.226568592839612393
18916.410090844954538625
18782.853737130139052169
18663.334055518353125080
18555.538294265144941164
18453.681077721736073727
18352.764634604438469978
18256.185485226629680255
18163.784247129595314618
18077.987869799537293147
18002.706430653361167060
17943.414805927579436684
2609.281705208118637529
