51.107046056252997346
52.483565872406394703
53.902641481379205857
54.881778774970584323
55.181156427087159955
55.171704305776799515
55.992649599459682008
56.811482243132488179
57.559050597364183943
58.317591991831008613
59.109905380876213599
59.936120793958039599
60.798313485923976884
61.596611544100838387
61.860911807444324495
61.310300663144019495
60.278950368457699938
59.645500181284333507
59.378606924191011274
58.347802189243800797
55.710933588773002612
52.022870932579955650
49.699503302927190873
50.748452495190591094
52.703473378298184571
53.273536722137599497
51.813345891087557504
48.607268216355095092
43.678951194361943067
37.161281496971710681
29.190764381831854735
20.450528557316715705
11.839334847682067675
4.020099787794720214
-3.244414787162924085
-9.866856370833971823
-15.305691693929418307
-19.546457918240008667
-23.391681363157516671
-27.015605455659255085
-30.147138143348286121
-32.256682273669127881
-33.473428595195684920
-34.054120737786604423
-34.566872178165482410
-35.382587218909151261
-36.266703242522680739
-36.672719203221475937
-36.538967840067641646
-36.087219834703944343
-35.078240151912751799
-32.636628512305634331
-28.850127837753490212
-23.740683745410620986
-18.091856789174073583
-12.679409834006889923
-8.121705325432230893
-4.313813730465170693
-0.233806495800223502
5.414384774404140899
12.288384935066943626
19.155410908622741317
24.408804013957649204
27.620436373231797234
29.391715628791132531
30.928267790651631231
32.979227003689402409
35.435980582123335125
37.577373242256584263
39.050493268879478137
39.885028319978715672
40.190193074997836220
40.113757519275850427
39.935385427270517766
40.169776770759085593
41.144910809055375012
42.606969701050360300
43.763334740998459438
43.649843254500439116
41.733286363622141835
38.670404293639705884
36.029633902659895739
34.750827120095806322
34.408323741438209709
34.157570077469102898
33.177848645077460787
30.926369141183357669
27.413923411353295023
23.099547966851133651
18.434466446879952173
13.620367890410619793
8.900037427180109262
4.478839052861758319
0.543382040362075713
-2.818785867798169420
-5.599958490176106807
-7.803383032493059090
-9.617146846710170394
-11.306651239382347285
-12.920694943045532455
-14.242264433233799537
-15.056677309139558929
-15.284039134033491791
-15.071661300625976310
-14.833337373444805962
-14.949659796820981228
-15.569547239761504898
-16.477382532287094818
-17.231713642629358674
-17.541434827506350302
-17.476037709840170464
-17.391542352938699878
-17.720325589763547214
-18.658284254735690411
-20.080735042827825509
-21.856112202553845236
-23.875498299681510161
-25.970372569397511597
-28.009234288184018169
-29.954286263382755351
-31.813250654316846067
-33.545977380913143406
-35.000711537927315931
-35.935610464482635962
-36.361454072137235016
-36.586502668538798844
-36.674416474695931356
-36.567680494129660929
-36.338293431815372969
-36.182102357646101609
-36.270415394117321739
-36.611841662035431000
-37.036743967291386070
-37.301403563259384555
-37.169082586049682959
-36.489344797002218002
-35.323318446514008428
-33.940815454741482426
-32.653061139853832628
-31.665886417527872254
-31.021232458311374103
-30.606229806855878905
-30.234710542886944040
-29.770908199607106326
-29.186917850739405367
-28.503408384065664904
-27.777012787147839390
-27.103475403357663254
-26.584698798807551157
