3033.845093727841231157
3033.845093727841231157
420.735491437340556331
389.177843579592263268
243.523224382506441543
196.939958352807082065
179.853618733746401404
175.755943907825951555
175.496146195194597794
175.487945686209201313
175.481429414316579596
175.474808677572127635
175.468506838211339982
175.414262817896968727
175.411188607361850700
175.407845903643277552
175.404311355275382311
175.400811155638848504
175.365704066554144447
175.364000926837519501
175.362067839447263395
175.359972212588900220
175.357871229496424803
175.334967455490755128
175.333896347424229134
175.332643188576867033
175.331267070148328457
175.329896256382795627
175.328567792576507145
175.311757560437058601
