813.836066253775811674
792.240149341931783056
763.794556125792382772
733.176748905772569742
697.946584585943696766
686.652751555659392579
590.199185880756886036
524.744289644989521548
483.396755833422503201
457.872864242195362294
436.463600199759298448
417.435954227914237435
409.061680190839126681
417.028836871713451728
416.378688465029483723
386.410645451739355849
339.473579236395096359
336.785709682558149325
403.020866013676368311
554.790205283904924727
930.442501091859867302
1775.657867890429997715
3212.246941607859298529
1937.246367954219522289
1232.549402194707454328
978.595832246762370232
982.812874548305558164
1189.033683497548054220
1624.845881183656047142
2374.111424580549737584
3341.222196572112352442
4587.973272704655755660
6174.443775381238083355
8034.543786572628050635
10022.585228002943040337
12016.019963906477642013
13976.472495495894690976
15844.910713326291443082
17509.955678430247644428
18935.703264750089147128
20134.995582413484953577
21342.755673436029610457
22380.375554230675334111
23231.793584736984485062
23863.473834349450044101
24256.386284965083177667
24441.786520674046187196
24479.525805325007240754
24379.469501266536099138
24116.418392160197981866
23703.941607414257305209
23231.033527019364555599
22672.530893385544914054
22027.577013480444293236
21210.455219428011332639
20146.767963563106604852
18771.863180038082646206
17082.712424578941863729
15166.288989293256236124
13173.925631551775950356
11098.832139912754428224
8878.259137073631791282
6422.238446546758495970
3795.448060072958924138
1212.813052448889948209
2699.990004369213238533
1138.396103364306327421
213.386229437809589626
0.000000000000000000
0.000000000000000000
0.000000000000000000
0.000000000000000000
0.000000000000000000
0.000000000000000000
0.000000000000000000
0.000000000000000000
0.000000000000000000
0.000000000000000000
0.009649864367296791
0.000000131921889177
0.000000000000000000
0.000000000000000000
0.000000000000000000
0.000000000000000000
0.000000000000003001
0.004081141893112122
1.262780637981558929
284.117147100847603269
923.265361533892587431
1857.152852753205706904
2905.081003915321161912
4015.161658585177974601
5111.034618003151990706
6178.155903423306881450
7185.258567833743654774
8089.849915784513541439
8919.540798106718284544
9637.408817149605965824
10182.555131908327894052
10547.317232403469461133
10804.714248165095341392
10994.716602606691594701
11144.611653898591612233
11268.466641817594791064
11281.415626300164149143
11143.676493569329977618
10825.244594581665296573
10367.042387403562315740
9874.737003963120514527
9418.548125393537702621
8988.294224352317542071
8535.451609893903878401
7978.411504683926068537
8118.946005028093168221
8201.419139465324406046
8232.785035621791394078
8201.429060509855844430
8150.508112909485134878
8101.234054661291338562
8051.435877344957589230
7978.735470576405532483
7884.505695950410881778
7755.649997172929033695
7703.039020798923957045
7794.015069957421474101
7767.117712001689142198
7718.544333404055578285
7692.320717164193411008
7674.112538283313369902
7610.078789005148792057
7454.394008516163921740
7200.409427154098011670
6898.023064444767442183
6589.483652262601935945
6313.543949954080744646
6134.005427775899988774
6050.672925025363838358
5987.533738938282112940
5885.352902558576715819
5716.882838446588721126
5480.829903675915375061
5209.103027358037252270
4954.441496798607659002
4759.552073952583668870
4601.945267191282255226
4491.493608985409082379
4423.912885289595578797
4386.023377328678179765
4346.156537769852548081
699.375314644822083210
675.564719237756094117
639.541380449025268717
614.821684820886503076
616.339979093056399506
645.197575467705519259
622.644828883072250392
612.028415494228397620
600.702508174586114365
582.814150662342854048
559.826410336499179721
535.877652850071171997
516.401198154097528459
510.091130585679422893
530.942325151796126192
584.204594769900722895
656.868685993557846814
726.350932311343285619
799.632427333235909828
929.909551112579720211
1207.760641852624758030
1748.113459931488250731
2628.604062708201581700
1776.342512341406063570
1257.569059201322716035
998.704209916234049160
907.280977702418113040
928.607880864131288945
1070.790077498187656602
1381.549603049141978772
1935.881724348997295237
2742.805878365144963027
3760.318485915718611068
4928.466241132769937394
6186.363608518599903618
7474.896955045332106238
8735.867833091468128259
9930.791104313202595222
11045.145234960637026234
12065.166579644424928119
12978.876264658461877843
13745.626420489312295103
14398.440187993706786074
14947.889755905085621634
15408.895659067919041263
15793.711002711010223720
16104.750042403711631778
16337.574998687789047835
16493.697496376549679553
16578.020893257835268741
16586.614617774212092627
16501.179051237639214378
16320.867904576323780930
16040.335898843435643357
15667.947327258552832063
15210.431766720656014513
14673.766020667921111453
14056.122765048374276375
13345.694678341082180850
12528.253396510563106858
11626.499747650212157168
10686.190045411902246997
9774.119567173183895648
8952.627935945989520405
8285.226430725566387991
7257.072048967676892062
6939.598992041187557334
6969.416526599653479934
7421.970912692614547268
7957.339901596483286994
8448.571193322446561069
8920.363108936515345704
9383.343353873091473361
9838.378280098375398666
10219.832644786829405348
10471.185651693798718043
10615.912421598975925008
10744.078773329765681410
10967.527168464152055094
11392.264429407079660450
11979.852646490880943020
12478.530055610743147554
12695.320203802995820297
12774.110010658656392479
12799.119882773205972626
12844.045948998342282721
12949.028288021319895051
13271.355995905956660863
13796.660944697636296041
14461.520530022884486243
15220.366589356248368858
16016.453764078478343436
16806.577056566326064058
17552.294421295297070174
18229.710300568534876220
18826.980517559346480994
19331.419772238506993745
19744.896039448289229767
20076.497993778531963471
20330.678587862512358697
20502.666513175932777813
20592.911517025062494213
20604.227879035966907395
20541.616658993636519881
20422.978343967264663661
20260.018126396022125846
20062.592383992927352665
19830.862947632245777640
19556.311581915131682763
19234.790969277226395207
18872.230921927988674724
18479.054432309654657729
18069.379900999439996667
18311.671712870440387633
18538.539311776283284416
18752.061834789357817499
18955.876103733025956899
19145.829784414803725667
19319.849894851486169500
19478.189364260437287157
19623.125432033342804061
19753.469920765233837301
19869.639670564451080281
19956.099848504523833981
20003.110103475333744427
20043.521426183833682444
20064.627856422386685153
20060.785872189757355954
20034.247972939072496956
19992.685100918064563302
19942.988999262481229380
19887.212374176197045017
19820.360454331952496432
19738.714727167203818681
19639.395599997224053368
19516.764680082676932216
19373.811408012817992130
19223.490228853956068633
19076.614653753011225490
18939.707830202889454085
18815.639963828511099564
18702.636561474195332266
18595.873458778845815687
18491.524288836124469526
18393.989205836598557653
18303.562817215773975477
18222.328157101837859955
18153.117342538120283280
18100.127762597570836078
4736.146987227283716493
