507.672977330141577568
398.514363030387528397
326.335453134266515463
284.494954988997164946
266.737139032563959518
310.151680012011070176
154.651618528632894822
64.106245493693904791
16.798015027873596239
1.111544718322052372
0.183843253771680704
0.019620598510142435
0.005606882150248080
0.230483289020048637
0.644928384277756894
0.158958601197637328
0.000000796643647399
0.000001021802407403
1.029750897162732937
74.254484088777829243
314.152682926537409003
935.624660756226148806
2095.040884337779516500
1122.980716050514956805
659.088713282060894016
550.357325032698440737
616.972668111390930790
827.839131663323655630
1224.322409924981229778
1898.550955813381960979
2768.475011561000883376
3914.449877151545933884
5412.791826304057394736
7206.447239247730067291
9151.933946658298737020
11124.696060437438063673
13082.453640599318532622
14961.750225278214202262
16647.047804576148337219
18098.946748058013326954
19327.535227717198722530
20565.684725323451857548
21633.230276828064233996
22513.094875084178056568
23171.174604540326981805
23588.254232431201671716
23795.744873254698177334
23853.909741831565042958
23773.155281985134934075
23528.888915249164710985
23135.327198225622851169
22682.096152500587777467
22144.588245924227521755
21522.438296904419985367
20730.347386435252701631
19694.254759087485581404
18349.746033603198156925
16693.917480033567699138
14813.752974739905766910
12860.495641420551692136
10827.184178359997531516
8650.801100856488119462
6240.955531915988103719
3661.611560951227147598
1126.422335102046190514
2553.651796621591074654
1035.804544079271636292
159.026764784518746865
0.000000000000000000
0.000000000000000000
0.000000000000000000
0.000000000000000000
0.000000000000000000
0.000000000000000000
0.000000000000000000
0.000000000000000000
0.000000000000000000
0.000000000000000000
0.009311505039805141
0.009268352791988895
0.000000000000000000
0.000000000000000000
0.000000000000000000
0.000000000000000000
0.000000000112718672
0.039446594361343450
119.624838830967092917
547.401006110417370110
1308.504921076593973339
2358.783524856256008206
3523.334341357828179753
4752.052150926403555786
5968.712489334386191331
7158.507028237921076652
8290.124288101083948277
9321.602532771139522083
10281.781160951450146968
11135.600686514409972006
11824.528702115330816014
12343.546477072939524078
12768.369949169433311909
13141.613323108835174935
13493.095379934742595651
13839.274211953163103317
14097.516233471251325682
14230.032578761194599792
14208.594933757492981385
14075.776925439073238522
13938.914099415713280905
13869.969021164963123738
13860.464249897320769378
13863.354130317622548318
13798.129368891284684651
13624.736671102480613627
13428.868361385997559410
13216.160308578928379575
12973.383111048968203249
12741.765577652682623011
12540.225680087014552555
12363.991848280298654572
12187.902572125076403609
12010.486654730459122220
11815.794280514563070028
11711.860118910148230498
11763.221530592212729971
11705.775944338553017587
11633.210252528642740799
11587.222506232075829757
11551.431656309887330281
11470.285511301201040624
11296.557789288895946811
11022.460911611353367334
10697.003252195296227001
10361.833809326906703063
10055.389923107522918144
9841.403106410272812354
9719.836428983484438504
9615.038005053382221377
9468.342817768732857076
9253.355748159705399303
8969.998148437754935003
8651.778868017341665109
8353.328957354273370584
8119.282798386207105068
7928.728894116463379760
7792.427059220289265795
7706.083858299469284248
7655.715371597708326590
7608.516041558057622751
1678.406621732436178718
1595.150739709716845027
1525.321901549635867923
1485.736850292041026478
1489.072170665055182326
1541.501570992562392348
1474.463100533499982703
1439.138829999975087048
1414.039980843167995772
1391.309277733480939787
1369.399376441379672542
1345.103790520601023672
1318.595912251157869832
1295.252668431381607661
1303.910469808108473444
1361.499750473238918858
1448.387743722240657007
1505.466873525753499052
1525.549738180412759903
1594.452110066628165441
1776.601453199670913818
2168.727160363482653338
2869.075718561126905115
2204.843900259923429985
1837.023563257676642024
1672.119498736460172950
1625.229152005437526896
1656.562645560107512210
1782.430499222738717435
2055.496677810345772741
2558.846899876696625142
3312.552639615792941186
4284.262873003683125717
5419.381772432765501435
6658.311771835162289790
7940.717355991235308466
9206.048834999653990963
10413.161506107668174081
11545.035199792622734094
12585.807641249639345915
13521.849685456025326857
14311.289413622327629128
14986.230198769670096226
15556.655668014476759708
16037.171792178680334473
16439.950656618868379155
16767.531688963736087317
17015.756481651933427202
17186.493125284388952423
17285.038914902284886921
17307.878316412141430192
17237.113210360992525239
17072.248885865421470953
16808.247790990521025378
16453.732143978384556249
16015.635295231850250275
15500.073143731158779701
14905.284985082502316800
14219.457556180494066211
13428.293073450551673886
12554.371748346733511426
11643.270176656928015291
10761.511806572269051685
9970.991950845214887522
9334.447669284958465141
8352.139858756416288088
8069.650092602993026958
8137.575938133322779322
8632.552534399084834149
9170.118934506703226361
9663.313023681672348175
10136.826859368853547494
10601.290056989395452547
11057.579579869827284710
11440.079980324680946069
11692.300932520196511177
11837.759225523206623620
11966.571802853870394756
12190.638077211959171109
12616.036069021070943563
13204.370492988460682682
13703.970313035826620762
13921.926447416828523274
14002.202317430486800731
14029.094851022357033798
14074.691237819224625127
14271.373138401082542259
14703.816746121656251489
15322.927115133108600276
16078.241173444370360812
16928.530047374330024468
17818.470015847025933908
18705.085000598654005444
19549.886739605346519966
20329.112252205348340794
21031.485107762197003467
21645.404404199165583123
22174.281053592669195496
22629.096607954095816240
23016.368723504740046337
23333.386654687423288124
23582.568505130049743457
23768.554679580262018135
23898.007099705384462141
23990.310421182130085072
24058.425605637192347785
24113.262252177330083214
24155.912568194846244296
24178.783989946270594373
24178.705790544423507527
24162.566089433777960949
24141.604395402631780598
24130.513237667466455605
24137.925384423106152099
24155.540462221841153223
24184.344696620573813561
24226.727437604069564259
24277.120679448260489153
24331.822010895033599809
24389.277271772480162326
24449.861086632470687618
24510.469029626652627485
24569.614068010450864676
24609.886888512286532205
24619.692801032568240771
24630.114680216218403075
24626.777184475682588527
24602.472131794202141464
24558.057520283266057959
24500.018521911220886977
24434.254597134331561392
24361.987346049605548615
24277.545385074081423227
24176.716803425624675583
24056.311896992265246809
23910.543066575759439729
23742.399774626235739561
23564.973391078619897598
23389.366411206534394296
23222.601848748967313441
23068.322658421893720515
22925.819614634558092803
22791.559964000542095164
22663.047678507766249822
22545.768251822391903261
22440.610106165135221090
22349.605845613736164523
22274.967506965120264795
22220.041495634068269283
3425.112546421311890299
