3918.070640652678775950
3706.037948877441976947
3428.387929758068821684
3031.503431155364978622
2528.596672999736711063
2005.849699826918140388
2342.011035982709927339
2477.172587155898327183
2470.546558618448671041
2264.722848294176401396
2010.073814422783016198
1768.929567984304185302
1548.155715107046944468
1343.310217020447453251
1153.152607805116758755
979.336212531589580976
816.907234102335110038
657.396655734588989617
486.698270399539751452
278.939853441257753275
0.232376790806138794
84.829393536238541174
646.686790488251403985
0.000120956791239137
0.000000000000000000
0.000000000000000000
0.000000000000000000
0.000000000000000000
0.000000000000000000
0.000000194689116355
209.675311736226120729
995.082319537276703159
2551.829379099907782802
4848.444963664080205490
6459.403621563588785648
9301.410751728933973936
12420.815453788389277179
15412.319587563541062991
18165.377350206075789174
20609.198752259893808514
22698.153820104093028931
24401.810695542688335991
25698.251103665556001943
26569.776013986887846841
26999.999999999974534148
27000.000000000000000000
27000.000000000000000000
27000.000000000000000000
27000.000000000000000000
27000.000000000000000000
27000.000000000000000000
27000.000000000000000000
26999.998233143858669791
26534.913071120816312032
25646.137394705270708073
24350.181815751417161664
22663.623627567827497842
20605.072271135486516869
18197.592192193103983300
15472.083787022973410785
12472.879448838186362991
9268.813974539058108348
8234.784078621436492540
5089.770587121050994028
2309.103865881076217192
347.026735606039665072
0.000000000000000000
0.000000000000000000
0.000000000000000000
0.000000000000000000
0.000000000000000000
0.000000000000000000
0.000000000000000000
0.000000000000000000
0.000000000000000000
0.000000000000000000
0.000000000000000000
1.160011082061074505
493.636563736164760030
41.582394705190253603
0.000000000000672816
0.000000000000091206
0.000000000850854662
0.000000044569666060
0.000000108579293440
0.000000001959317670
0.903374542717019891
440.960820178560027216
1538.244721744851858602
3262.867491979832266225
5413.001299408530030632
7746.712855960052365845
8197.136855987833769177
8938.312358256414881907
10874.593653955440458958
12515.736145049282640684
13848.980080128842018894
14876.800150748078522156
15610.068979750738435541
16064.913259807794020162
16261.112485070505499607
16221.162352247345552314
15970.080372347438242286
15535.464487039789673872
14947.521463836104885559
14238.875665767562168185
13443.679463288452097913
12596.143802387612595339
11728.743458221813853015
10870.545993333944352344
10045.936267535345905344
9274.949531725538690807
8579.286249356347980211
9521.722675364531824016
10047.747735195069253678
10076.817239636808153591
9855.453837485965777887
9582.138482333692081738
9331.135022011319961166
9112.337867423326315475
8898.017482504692452494
8689.152114789962070063
8465.611896985596104059
8372.146173734783587861
8490.175023457757561118
8462.843336079717118992
8405.784479819027183112
8370.418032413117543911
8336.981410839283853420
8234.551652238436872722
8002.232117489179472614
7631.556107922698174661
7191.053933270918605558
6739.683739635542224278
6332.348006020981301845
6058.703049285199995211
5920.709899585876883066
5814.994331883619452128
5659.874643561433003924
5417.257635230123014480
5084.874329245405533584
4706.186652032420170144
4353.186884630822532927
4084.022532635326570016
3867.614167408609773702
3718.248998239449520042
3631.826989442462036095
3592.538274931871001172
3558.292558356896734040
3339.974774370635259402
3406.860733912963951298
3476.149804601877349342
3547.492639503250302369
3587.290121065653693222
3531.833377288232895808
3661.007880505721914233
3737.256548669788116968
3782.370648359943970718
3846.275300550383690279
3911.911290244739575428
3972.350435662277504889
4026.142340422115921683
4071.776412004944631917
4107.693566392323191394
4132.316589535655111831
4144.085707173122500535
4141.499671550875063986
4123.162454573008290026
4087.835197224560488394
4034.492443388471201615
3962.380936659476901696
3871.078514573316624592
3680.098333449829624442
3470.392760689444457967
3242.942268610939208884
2999.227652225325073232
2741.235266305744971760
2471.446441798279010982
2192.811462298011520033
1908.709363439034859766
1622.895507003140892266
1339.439341937689732731
1062.655006927138856554
1113.461566724972499287
926.345958510482205384
696.948362761408134247
492.664487359320048654
318.022256960591960251
177.365097178048301885
74.806254544346145963
14.653963321742041970
0.749088491070046270
15.300404876701191981
82.725444892287669063
204.439312095381978907
381.923991746295314442
616.636738445623677762
909.537635923217521849
1261.059302601431681978
1671.081506035764732587
2138.900551232546149549
2663.193269252389200119
3241.975557414182731009
3872.555541770404943236
4551.481830944394459948
5274.488013253475401143
6036.435557395456271479
6831.258662249949338729
7651.916417567929784127
8490.359858898897073232
9337.523989166373212356
9580.431470787811122136
10405.130997384680085815
11215.731297560341772623
11991.173310743788533728
12723.506285094324994134
13401.830823955078813015
14015.754521068662143080
14555.795090039482602151
15013.769630939399576164
15383.127121174857165897
15659.183729978012706852
15839.231970501221439918
15922.513168351839340176
15910.063829441587586189
15804.464806676474836422
15609.533339283849272761
15330.000263268651906401
15777.104100472379286657
16148.839151930729713058
16449.745384674457454821
16684.806082031147525413
16859.286171595980704296
16978.624978770851157606
17048.381554684208822437
17074.220912943459552480
17061.922229773837898392
17017.386741198861273006
16946.624615426579111954
16855.706317075899278279
16750.673443990170198958
17008.296773720241617411
17178.475030621179030277
17066.121326717438932974
16961.707140276444988558
16869.202629357958358014
16791.764374184323969530
16731.701183002682228107
16690.483718397015763912
16668.793083594744530274
16666.601133487929473631
16683.274152136902557686
16717.691339250362943858
16768.369976698118989589
16833.589994721165567171
16911.511782868023146875
17000.282425093591882614
17098.127007001206948189
17203.423170771387958666
17314.751232354359672172
17430.716822448055609129
17548.805230415826372337
17363.804425201848061988
17277.357038673828355968
17304.090051610921364045
17394.477962429660692578
17508.277819236274808645
17629.075735620986961294
17752.242042811569262994
17879.643555927206762135
18006.723845593671285314
18132.583162707433075411
18223.596452683505049208
18258.920497994866309455
18305.063901420649926877
18335.981266641112597426
18339.190714657426724443
18317.291233183135773288
18283.966703728725406108
18251.722893082209338900
18223.360104380157281412
18187.096640390016546007
18133.742840361399430549
18055.618597892051184317
17938.792072644489962840
17787.020659298457758268
17624.859167510378028965
17472.279646402486832812
17340.192414664183161221
17231.918363107659388334
17141.238613415371219162
17055.859722636461810907
16965.973019498283974826
16879.476123255361017073
16795.783952358298847685
16718.391391554199799430
16652.898259527166374028
16608.571011606050888076
3539.244743275653945602
