1203.179350421957678918
1148.733089042045776296
1080.378373652644086178
1008.143359576414582079
929.965803351710178504
867.084215655480647911
762.870743638680437471
676.264470960082689999
604.303196523594920109
541.799088644543758164
479.600472120616132088
417.483494470275388721
364.829074445183437092
330.023154796695621371
294.988489364815336558
244.675505514292012776
188.266754063670731512
172.123979324101867405
194.999696174190347620
213.923791446061699162
237.765592364486025190
337.016692190975277299
557.824976477807354058
411.562482005757203751
384.572831880368028123
438.309879770114946496
528.631364075331816821
691.515494566318352554
976.767225225162746938
1453.972667045659591167
2036.194895398055223268
2805.285572142065120715
3856.874510117340378201
5171.726553602199601301
6649.669685401597234886
8200.896584352229183423
9802.235836795336581417
11402.694745277551191975
12896.308346838473880780
14241.393066192142214277
15438.006033366627889336
16688.120007364574121311
17812.988328901479690103
18782.928498024888540385
19553.494569770758971572
20095.735006835977401352
20429.691292516668909229
20604.688486790317256236
20627.087678321673593018
20473.935637539663730422
20160.732095679111807840
19774.681166972150094807
19300.060904387366463197
18744.788222413655603305
18039.888158660312910797
17127.380462531844386831
15958.243483645059313858
14538.889004284706970793
12955.453403935274764081
11348.154970459658215987
9705.705813789983949391
7958.145121307223234908
6003.092626812877824705
3873.022148695717987721
1733.959957513332938106
2766.486322028992162814
1337.775246012846764643
405.095630492126360878
0.002474411503815831
0.000000000000000000
0.000000000000000000
0.000000000000000000
0.000000000000000000
0.000000000000000000
0.000000000000000000
0.000000000000000000
0.000000000000000000
0.252286317740379906
1.098947843635783350
1.511665413935536995
0.000000000000000000
0.000000000000000000
0.000000000000000000
0.000000000045873005
51.399658329634043241
222.560596469161453115
490.881003616200018769
923.250658637022979747
1588.350465718089253642
2472.108295644504323718
3426.310924092932054918
4411.201175917961336381
5358.881732914495842124
6256.669820743248237704
7075.645086850508960197
7776.465237393284951395
8385.240814859786041779
8868.731188414782081963
9172.250956019717705203
9291.661729220879351487
9299.178356640686615719
9237.947562269253467093
9141.028453840042857337
9030.789735727037623292
8839.033975566804656410
8540.657675329257472185
8120.639503927925943572
7630.540637664071255131
7182.050008960156446847
6852.649336653229511285
6642.547399643131029734
6512.911827887907747936
6390.390906652452031267
6075.034012990246083064
5803.535670612250214617
5574.135208498897554819
5365.041279135435615899
5203.494256290808152698
5095.474601895527484885
5025.485775308129632322
4960.502569138409853622
4891.493431941010385344
4798.306048700062092394
4778.361780278201877081
4891.114168832727955305
4892.787410493343486451
4873.169350445073177980
4874.496977326811247622
4885.121281119068953558
4856.469691089959269448
4746.828537303775192413
4550.146644990706590761
4312.201272470142612292
4071.164964922299986938
3861.840094229399710457
3742.619444851272419328
3713.105947094769362593
3703.116925783448095899
3658.316770332995929493
3553.854376196587509185
3388.356259012674399855
3190.472438709518883115
3007.491027158375800354
2877.093556082823852194
2776.744371174368552602
2714.835454547848257789
2687.734669157517600979
2684.461640307881225453
2677.049812143479812221
3616.566979109535168391
3590.020487810549184360
3551.883758976976423583
3520.750834262475564174
3507.159670677145186346
3508.806167559570894809
3492.516730607166664413
3478.668326872765192093
3460.022824817256150709
3433.736701652198007650
3401.849752370013447944
3367.836217253282484307
3335.910420466536834283
3313.224422155011779978
3312.370585444624794036
3339.332821399847034627
3383.712434488981216418
3423.602472113427666045
3453.142065544676825084
3484.747424231820332352
3527.938974177830004919
3590.292896641118659318
3694.668993470797431655
3503.670172676341280749
3358.135026916885635728
3240.560000166542977240
3148.275869167987821129
3081.673439884777508269
3055.993870381404121872
3099.028143438119968778
3267.141300999400755245
3575.475989614247282589
4010.080735276441373571
4549.235616443036633427
5170.080536149348517938
5845.763868968964743544
6542.873393924891388451
7238.834746804074711690
7926.747858909163369390
8595.651279552095729741
9232.958586954471684294
9797.757010139896010514
10314.058768291704836884
10784.595803460986644495
11216.182651437940876349
11614.086889343619986903
11976.060431901541960542
12295.215649490946816513
12571.546171007114025997
12809.596826048580624047
13007.414917203630466247
13151.267406735734766698
13244.001208418812893797
13284.808396946242282866
13285.496920119981950847
13256.370755719628505176
13206.667266077676686109
13137.419478122201326187
13038.261785993841840536
12892.716580366661219159
12712.650675026770841214
12524.781342091959231766
12368.285083077729723300
12271.018171479259763146
12254.752187102467360091
11880.336263278248225106
11983.139321238237243961
12235.975788887441012776
12665.634658414161094697
13228.657226927582087228
13746.476783792393689509
14233.892882123158415197
14696.693674164527692483
15134.510366000611611526
15503.428397815561766038
15765.856508342940287548
15937.256755936723493505
16077.394858901192492340
16260.656666641936681117
16557.090821708094154019
16941.423809987147251377
17250.268020469193288591
17356.771111275873408886
17357.038113183789391769
17332.912331029063352617
17367.613652312389604049
17477.575302376175386598
17664.512121893443691079
17917.748571721265761880
18220.397470792064268608
18560.088854522262408864
18907.282731167972087860
19239.599097775768314023
19534.545144501102186041
19779.319274812569346977
19969.232356188414996723
20096.483113399652211228
20165.006657160651229788
20184.320117296483658720
20159.172782133606233401
20085.747887800775060896
19965.252921041497756960
19801.425667711046116892
19600.458889120927779004
19380.971502608506852994
19156.477248353014147142
18939.427774851181311533
18733.838701527030934813
18535.866940220894321101
18345.286497674471320352
18170.189418780104460893
18021.461728324622526998
17911.903576549517310923
17914.433864095208264189
17951.703893168694776250
18020.774976870448881527
18119.169430447764170822
18236.617030905938008800
18364.656945157643349376
18497.369476075229613343
18631.526534135140536819
18761.765547355553280795
18885.413463282595330384
18986.167027539289847482
19054.206316954983776668
19120.141450649887701729
19172.813059722120669903
19207.900171802186378045
19228.398782628250046400
19242.074997081650508335
19255.571323257932817796
19270.592887450751732104
19281.872863369051628979
19284.973553033982170746
19276.041923694734578021
19248.674529145999258617
19204.660703136909432942
19155.269984864622529130
19109.901523454878770281
19073.910073945622571046
19049.043500260453583905
19032.451779371374868788
19018.219776935497066006
19001.307244412928412203
18984.523760518542985665
18967.290637386409798637
18951.257016492822003784
18939.331485268841788638
18936.066642051991948392
2420.402096517643258267
