2237.906151593320373649
2234.623271280284370732
2197.211161868436192890
2109.879323127578118147
1951.697414802187267924
1731.936403780791806639
1773.356353536803680981
1767.234679103125927213
1735.494575743708310256
1693.554938993344421760
1644.632420518097205786
1595.699844668008836379
1559.789735855973503931
1543.327964801304005960
1518.601405321024913064
1464.650336868787007916
1399.823417298840695366
1389.094925943183852723
1434.652484689292123221
1479.505959620581961644
1516.493077217862946782
1567.295415615101774165
1622.851499041285933345
1630.048733429291132779
1642.694715718009547345
1684.724351488860065729
1757.795090663383462015
1916.131952855369718236
2209.567844251224869367
2699.981700964380706864
3354.640271324586137780
4514.944701976398391707
5981.898519802338341833
7170.020176262398308609
8150.227841708267987997
9047.121802939018380130
9938.343357911104249069
10908.091619857617843081
12672.184100564438267611
16068.648295865079489886
19250.821966061979765072
21371.460458495046623284
23111.807123711292661028
24492.790637817892275052
25532.956399407972639892
26249.179759922320954502
26657.508315243892866420
26774.562997813165566185
26617.188928427127393661
26196.796302010836370755
25526.569937898580974434
24622.198829090113576967
23501.765558137150947005
22186.812089386439765804
20704.116714929645240773
19092.660944951356214006
17509.716065307744429447
16729.947288222712813877
16607.530076871524215676
15127.209867223478795495
13828.603294793707391364
12539.606189472211553948
11080.991644140691278153
9341.900057747503524297
6959.356036762844269106
4206.609434440660152177
1372.324556800320578986
162.158575387251687516
0.000000000000000000
0.000000000000000000
0.000000000000000000
0.000000000000000000
0.000000000000000000
0.000000000000000000
0.000000000000000000
0.000000000000000000
0.000000000000000000
0.000000000000000000
599.622708710178699221
0.000000000000000000
0.000000000000000000
0.000000000000000000
0.000000000000000000
0.000000000000000000
0.000000000000000000
0.000000000000000000
1.675423775805713777
871.898047263772923543
1889.591262370743834254
2687.888934062524640467
3313.325460704784745758
3928.072022845332867291
4543.531786319225830084
5177.241600960234791273
5819.820435966566037678
6453.890141754870455770
7121.003286929378191417
7764.888348910685635929
8274.762441541322914418
8589.757005367277088226
8753.041347575552208582
8811.019348107574842288
8815.721951890574928257
8807.250430859465268441
8721.825647254023351707
8533.176053288341790903
8221.386135379008919699
7835.855650916990271071
7490.016765362678597739
7260.823643744483888440
7142.972259762343128386
7090.472600626662824652
7021.797561102601321181
6796.100635155094096262
6592.987027988509908027
6412.347578486731435987
6233.914552955787257815
6091.108303829621945624
5994.848099815053501516
5932.780922114939130552
5873.113812530037648685
5809.010546571275881433
5720.611619839111881447
5713.373156571379695379
5850.794805544649534568
5869.578307874505298969
5864.688135997738754668
5879.859178147129568970
5901.097637080275490007
5875.132420106935569493
5756.607147633565546130
5539.089880737665225752
5272.420627319265804545
4998.629012733586023387
4756.213874504326668102
4608.829017834231308370
4556.360337783970862802
4523.034212496800137160
4449.880281741108774440
4309.858511036935851735
4101.743007540453618276
3857.305522832784390630
3628.966358256780495140
3459.084893334127173148
3325.030088206943219120
3236.912612226976307284
3191.093914167425282358
3175.231942477416851034
3158.226289275877206819
3459.301816133855027147
3450.909943014579766896
3414.129664204082018841
3360.810787100198467670
3295.044040863850113965
3206.597308926859568601
3272.532025091787545534
3304.013650884025082632
3305.568299586998818995
3285.462817710998024268
3254.015319236626510246
3220.521743846642493736
3193.235825824256153282
3181.294468452257206081
3196.997870742791292287
3245.267569173021001916
3316.601816579722708411
3390.614316344483086141
3460.790006255740536290
3536.628917461587207072
3623.712380658595975547
3724.234978513812620804
3844.754798219435997453
3834.384768504714429582
3848.687054992697085254
3886.778331862875347724
3957.106447853750523791
4068.882626563469784742
4242.073549506637391460
4499.917267624327905651
4873.436495112505326688
5313.077477565139815852
5823.981741382138352492
6456.983117454707098659
7161.381768777275283355
7883.452858778054178401
8583.646201930014285608
9228.865234354581843945
9692.588503916074841982
9839.246479719095077598
9974.100500747046680772
10135.806826107293090899
10326.568350802483109874
10547.540936530187536846
10799.490232241327248630
11082.780350546752742957
11397.361537057868190459
11742.759805473966480349
12118.066496639276010683
12521.925991957907172036
12952.520365616066555958
13407.550577485379108111
13884.214931473472461221
14379.186695573822362348
14888.578670871364010964
15407.250307316791804624
15912.458356185119555448
16284.984222059207240818
16556.213475862965424312
15918.859756044517780538
15280.688727333490533056
14688.248312459725639201
14193.065263105192570947
13839.384550139391649282
13715.208988487929673283
13814.732567632379868883
14109.106552432534954278
14385.742036500812901068
14634.490190497303046868
14855.032196483423831523
15048.324062735320694628
15215.512356203540548449
15357.730182213277657866
15475.941177108863485046
15570.814688481767007033
15642.646329440674890066
15691.328163071915696491
15716.367080184143560473
15716.946099861792390584
15692.020779526441401686
15640.442602063425511005
15561.098879495819346630
15453.060846490860058111
15315.738363469576142961
15149.093633761534874793
14954.542537232384347590
14739.850097402084429632
14590.655275100816652412
14621.214682895071746316
14852.051696136455575470
15237.660850430245773168
15710.488178381196121336
16220.339769868245639373
16721.139447222329181386
17179.406139086586335907
17573.330433263054146664
17883.617035361912712688
18112.340665243849798571
18274.968002092045935569
18384.258772481702180812
18441.617304469618829899
18449.515290172563254600
18410.947000535863480764
18331.494261565876513487
18230.789927188900037436
18123.890424759618326789
18025.029223253030068008
17939.414358725167403463
17863.690310988407873083
17798.232482014002016513
17752.216203011248580879
17737.707842930183687713
17768.764638392549386481
17786.407087559055071324
17845.297837639544013655
17942.410098100735922344
18075.077271215257496806
18232.026377549631433794
18403.617989946716988925
18582.602473189366719453
18764.315973590051726205
18941.563476530620391713
19109.897077176097809570
19250.148844572602683911
19350.186749189630063483
19441.545461564037395874
19510.982584201858117012
19552.845221172850870062
19569.681429946089338046
19569.551724237524467753
19559.679101754027215065
19542.307474712222756352
19512.471838426128670108
19466.348446109026554041
19400.899040398508077487
19310.383304248662170721
19197.838537921670649666
19076.432020249190827599
18957.267779526853701100
18847.114122544768179068
18748.946171721090649953
18660.918972624709567754
18578.002543569262343226
18496.149218834711064119
18419.692242541266750777
18349.145226172629918437
18287.124609259735734668
18237.152224421144637745
18203.902639283733151387
3470.118510951270309306
