52.643669580567419075
53.391573903095732589
54.390473163541841473
55.277905512788564124
55.771102535884665485
56.100090405933613624
56.617893525919726017
57.225763147923551344
57.977481505503440928
58.903153420781592331
59.916978730574143697
60.941108633302704334
61.923165300839315250
62.763557759668216818
63.133363476034375594
62.891795861607519669
62.276213908501055982
61.475694164783476481
60.679898040163848805
59.902872771393191442
59.036276941955428299
58.249971746781199045
57.436117191028323248
56.351367841259637714
55.128579377480086521
53.663680904382751180
51.503188296239585497
48.666322162806125107
44.938327192923459563
39.850220028244592640
32.514593083641599947
23.343151827951430732
14.082898556132832368
5.836574764513400737
-1.789337399145907170
-9.015266870151307899
-15.504905116081417304
-21.292245208375987886
-27.097062722826905201
-32.935090989749014057
-38.360943959495301669
-42.695512066166770637
-45.956509017493601732
-48.323071326439844597
-50.310275225526254417
-52.252546459138159207
-53.890303267239403340
-54.660908555500071770
-54.494589153280259097
-53.613265153773312477
-51.787019648171195740
-48.160374645960700946
-42.853572803532358648
-35.936301802082283530
-28.258633988345394528
-20.685820041171353978
-13.952177623211355240
-8.094138402315621761
-2.244466031314374277
4.753467623233262884
12.476375816103200123
19.719081525694065249
25.068575897638851302
28.529567915326282446
31.333588802349709113
34.914540814195618168
39.328213764701473565
43.714071316593845040
47.286812958803125184
49.940236566212348635
51.809717785201740980
53.000975355014873003
53.647838630943510907
54.022378840930883825
54.636099713123371657
55.816263294606869749
57.309898145506849687
58.326268427458728638
57.903551927574085312
55.511169021478934837
51.808890615964713788
48.367056924481090618
46.124637223706798750
44.650137391121376140
43.084457936159680003
40.578649233512066985
36.558377134758728744
31.112848989647091003
25.042323263572541236
19.196091290610468150
13.861925622326793928
9.063518009402912412
4.703962370321249864
0.729341676334996691
-2.905820316648032531
-6.220796795420085346
-9.159445174817221869
-11.797050681311418430
-14.273333299634998639
-16.533407043502620581
-18.297840791471799093
-19.334075039117919914
-19.581166988970778675
-19.229107833342027334
-18.744498243044290575
-18.560449944722336113
-18.872072118621360914
-19.500174616376398262
-20.026377639543795794
-20.164966668100305469
-19.971018690222422265
-19.770609587164472032
-19.962433479361664013
-20.719445955687660899
-21.913555467519472586
-23.427856576658541599
-25.177646374615392233
-27.018880182475015772
-28.838560345357677761
-30.609256967680437356
-32.342201021422226859
-33.996633707074636277
-35.417674539048789484
-36.357036595890463104
-36.814490420293395800
-37.084247450498992293
-37.216469693096144056
-37.142570747557556388
-36.925533025777781404
-36.754356323865692957
-36.797549968403075127
-37.067206985658515350
-37.403983790595702885
-37.579129886519069714
-37.371092650888726894
-36.639369489662556134
-35.445820964893073324
-34.052179260178263576
-32.757703901907859745
-31.758697899504454654
-31.094254447809134945
-30.655926592948446796
-30.266384960978086838
-29.798490242756884072
-29.228950445550879067
-28.577477886529777606
-27.894349021316884318
-27.265160077115012882
-26.781218341434680497
