168.410108727447180854
66.819950156297949206
44.615048840469953007
40.144509887423602379
38.892446618422205518
38.298456097184292446
38.004797414995067584
37.792215419854201741
37.661864233086816967
37.561278039108046300
37.475469462776239027
37.394932730337920646
37.327588257357412260
37.265904720637912817
37.209672784772998000
37.154194614812205089
37.105483629777992860
37.062452621627869576
37.023843712454500121
36.989067785674734523
36.957959927324353089
36.930044792817000143
36.905234526646637505
36.882993892922634416
36.863283404227537687
36.845619955297962633
36.830005463533645127
36.820577363999724696
36.728236313992880469
36.710341042417780955
