2338.920749471045837709
2313.549132425971947669
2265.627284835027239751
2169.178896171174983465
1998.518360556498919323
1747.064579774777485000
1838.561046615244549685
1857.063955883055768936
1832.559665901807875343
1787.921303929809255351
1731.857961135300911337
1673.899576270106990705
1627.386218332865837510
1598.524499423742554427
1563.264893994926751475
1505.221533638720529780
1438.772382585354534967
1418.680980461876970367
1445.340148978532624824
1467.914033609707530559
1482.541051061882853901
1528.226972150385108762
1597.511067008726058702
1527.035437346038406758
1521.100324901115300236
1552.874314118246957150
1586.641719408495646348
1645.855719379407446468
1748.542392391105295246
1948.131559782440945128
2420.190352418411748658
3526.274038907853082492
5241.612055977104319027
7197.424003271643414337
8551.331820287892696797
9320.819624960589862894
9967.427420781730688759
10674.261650002317765029
11599.360051536779792514
13056.472155766852665693
14821.655465182839179761
16460.678559825326374266
17847.954959614457038697
18979.748168829839414684
19867.247261749300378142
20522.363584403210552409
20955.572168312650319422
21175.410064518855506321
21188.251169014991319273
20998.209303123985591810
20607.096924362773279427
20014.543603276899375487
19218.151429443430970423
18215.055307827809883747
17004.134167419826553669
15592.218253804641790339
14006.173280479348250083
12321.697436180809745565
10711.410280670041174744
9436.590265551700213109
8551.684500096889678389
7843.896428445121273398
7015.326838597315145307
5891.865510733126029663
4107.235841387323489471
2030.864625080654832345
541.331398096388852537
0.000022384679212670
0.000000000000000000
0.000000000000000000
0.000000000000000000
0.000000000000000000
0.000000000000000000
0.000000000000000000
0.000000000000000000
0.000000000000000000
0.000000000000000000
40.334613852846857185
508.444044538387800003
116.848118536286449398
0.000000000000000000
0.000000000000000000
0.000000000000000000
0.000000000000000000
0.000017146461671308
0.714797421752572659
101.135871566931783150
636.184137159058877842
1691.857439953485481965
2882.099259890831945086
3598.126141635051681078
4068.332439155188694713
4531.127263048013446678
5286.279499516880605370
6563.386064317965065129
7855.738625499584486533
8853.131041488235496217
9505.722736056148278294
9822.962478113573524752
9833.919309715289273299
9612.719937441426736768
9307.798000771343140514
9064.733675453875548556
8925.132218417182230041
8792.390304596914575086
8604.053178386915533338
8318.385409027496280032
7969.359913304117071675
7656.515533453651187301
7449.044710636718264141
7348.043049618132499745
7325.644551882855012082
7322.575862575858081982
7080.542517947304077097
6884.899353360731765861
6722.105529543424381700
6562.768435144786963065
6431.987328013262413151
6340.268764248938168748
6279.042593812000632170
6221.875712470083271910
6164.430384079922987439
6088.298052656308755104
6087.959161881537511363
6218.358883108117879601
6236.827711275686851877
6230.538444564333076414
6241.167226087506605836
6257.427832254602435569
6231.046336093721947691
6120.459152495936905325
5919.943676386179504334
5675.857041598255818826
5427.194219445144881320
5209.767300132732088969
5083.044943878432604834
5047.463330270825281332
5032.426076200664283533
4982.245598241084735491
4871.277202916579881276
4698.406430477793946920
4492.974760891548612562
4302.943755938566937402
4166.600536277828723541
4061.813788439603740699
3996.882518318393977097
3967.203328633242108481
3959.934457433816987759
3945.290105169858179579
2789.456750658624969219
2808.792598775816259149
2809.279140603896848916
2800.368605988032413734
2782.033226944904527045
2742.386868469480759813
2844.819601126962425042
2914.474448878062048607
2957.043952300749424467
2981.133054694112161087
2996.205442812292858434
3009.870170513401717471
3028.248816527265717014
3058.194670727634274954
3109.548771041691452410
3185.731038670946418279
3278.378926282820884808
3369.934270906485380692
3455.067200938943642541
3542.574025551281465596
3637.787344815752021532
3741.011945023376938479
3859.546512632388839847
3880.604470463618326903
3909.647171198848354834
3945.933091756467547384
3991.398643807095140801
4040.646423476627205673
4093.506350324413688213
4154.102471503638298600
4222.187634476547827944
4275.462832937599159777
4332.819554762550978921
4436.358984420366141421
4691.502080807744277990
5070.996940585322590778
5480.405138652086861839
5872.131695471769489814
6206.370477906429186987
6423.785115915959067934
6557.687161188257960021
6679.433393759096361464
6812.245245386525311915
6959.921956355752627132
7123.604660442710155621
7303.930598746042960556
7501.327391071898091468
7716.059661712626621011
7948.240938968911905249
8197.835966651000489946
8464.647610961472310009
8748.254203245434837299
9047.904334601678783656
9362.177967091016398626
9688.511424369808082702
10022.105551680691860383
10353.969971451066157897
10666.544232800948520890
10926.851089103036429151
11089.976079632291657617
11150.030645467524664127
11152.211199286477494752
11162.698154289173544385
11233.171478117843435029
11450.150046854274478392
11788.229451531165977940
12148.994851156236109091
12496.963640076284718816
12829.609814530918811215
13144.785210961477787350
13440.637322923968895338
13715.591721245855296729
13968.348511205162139959
14197.895479716838963213
14403.476259835004384513
14584.547648934287281008
14740.745579637794435257
14872.245470883672169293
14984.447545122820883989
15178.745055468949431088
15375.382734834069196950
15579.174645042503470904
15727.744905617782933405
15827.072789513702446129
15900.887535236835901742
15974.379407714133776608
16055.182907911363145104
16133.874015834204328712
16211.364425296631452511
16330.773450823488019523
16549.089984975522384048
16814.043530078433832387
17071.812713692936085863
17263.638453188374114688
17347.110911095020128414
17383.955280877224140568
17415.846006562565889908
17452.507052567489154171
17496.349963125347130699
17547.294586098538275110
17599.510109987662872300
17637.830440589204954449
17647.934301466433680616
17629.406468441236938816
17599.956979143298667623
17573.121416272559145000
17559.902230782758124406
17561.710748248176969355
17571.595490705683914712
17586.239453189737105276
17610.332877494540298358
17651.116458662130753510
17718.373134344223217340
17743.864961636812950019
17792.659549869655165821
17864.443512100056977943
17959.388741385599132627
18069.490123365929321153
18187.769418847332417499
18309.315610391473455820
18431.619623881764709949
18549.872886099397874204
18661.909194550804386381
18752.128246700278396020
18811.219402920421998715
18869.256298228781815851
18914.853793203183158766
18943.132272058188391384
18956.475202162080677226
18962.233841831788595300
18966.918760245374869555
18972.361235641757957637
18973.636016025968274334
18966.772781386582209961
18948.361457070965116145
18912.251525650466646766
18860.202544919298816239
18803.308708546093839686
18750.758895037979527842
18707.664751126092596678
18675.594067849437124096
18651.735190835734101711
18630.453035492348135449
18607.082888670567626832
18584.691699445036647376
18562.677775010975892656
18542.351854526827082736
18526.082717398079694249
18517.896588551506283693
4142.918040719064265431
