168.410108727447180854
60.413978006138314925
37.937204618996922534
33.578824790117728583
32.232806590014192238
31.571856326248603608
31.250966387027364846
30.999696149679046187
30.853909822732077828
30.754850825296742300
30.638692485992770287
30.555364162813756224
30.481392629901698399
30.409826133313298868
30.336088907232380052
30.276905302517587160
30.223733534767482922
30.175933909824824042
30.132946487692766624
30.094530735431899160
30.060127881316972775
30.029339778733014299
30.001657665070695202
29.977115110100331918
29.955249605067123753
29.935771088177908439
29.918427083589758553
29.902823934745665468
29.889129090095650554
29.882352492656384157
29.814837150228910900
29.798317014652656809
29.791407604266030518
