52.625664124063902705
53.380000778958162755
54.386619226005251448
55.284898004221474821
55.795016586526450908
56.140584171729578600
56.643997061549505645
57.236506586610687464
57.980930253402746644
58.904780007121281926
59.918425785999325228
60.940661765151062923
61.914456559105801148
62.730789881678688857
63.042194629976172848
62.687625206606561790
61.978779780953757950
61.490167675879760623
60.771640414205009506
59.994784805832900076
59.118776496846727753
58.282554154447375083
57.451113339675259795
56.381426499320738799
55.145510291461349084
53.669228506224129660
51.502907052658372322
48.661862665449199028
44.927525903236997351
39.829778843361879126
32.487964178956474370
23.324156068449454438
14.078537572159433466
5.843777318616673710
-1.777818425473370212
-9.005570149763713061
-15.500592211935213527
-21.294400482498531346
-27.105047286552292007
-32.947466419461918008
-38.376206740276131768
-42.712436788452606606
-45.974158379809466624
-48.340656163413257218
-50.327005862628624300
-52.267531832543141945
-53.902503749868031946
-54.669133523527165153
-54.497531361113630055
-53.609568988095134046
-51.775385377430012568
-48.139704990956232677
-42.823170539699304982
-35.896124270247327104
-28.209594184772100789
-20.630080741072418959
-13.893306344311440625
-8.036915076013343651
-2.194205792020085255
4.791836940199061701
12.498796519284269380
19.721926680644742191
25.047820978235051825
28.481312074295971115
31.258888789955676657
34.829809479817043893
39.269550788097944860
43.713785274596006047
47.343151770652497135
50.032401015415189249
51.918400985954122007
53.111941826238961539
53.750416912016760307
54.108015851856833933
54.697515583324445743
55.847035402974938734
57.304327470811642797
58.279456995990585710
57.811676369990976809
55.371984152946708946
51.622552511223148031
48.137435180276781921
45.861430369266457774
44.372308904079005742
42.825528234923098125
40.392259406988159753
36.510137360399397721
31.227776810650340167
25.262301313518349843
19.445589745337400700
14.103636601157177211
9.287469617540182298
4.900608184408156376
0.876399560791554677
-2.842638936338232725
-6.277674140664800007
-9.360141396140647885
-12.142183927312686365
-14.738825470539183016
-17.076654443104331449
-18.866578686624762895
-19.874692664312249235
-20.045597637460502938
-19.579800896380419317
-18.956651896898563336
-18.621445767974762475
-18.779598996954234735
-19.260923304795255717
-19.655770801697599381
-19.686853835121894463
-19.416268127470573290
-19.174567780951292661
-19.361723110084312793
-20.148295972677431109
-21.399998894995064802
-22.990911919539996688
-24.826590867888967296
-26.754477635957641724
-28.655161439612982122
-30.497105735966613338
-32.290105634928465861
-33.995055516825686936
-35.461172290627644088
-36.444168562545428358
-36.944819834462975905
-37.255246108528012883
-37.422678358767029749
-37.375666048726372992
-37.173600346940020245
-37.001320753671734565
-37.024644416995954543
-37.256920827390729301
-37.545125308263322950
-37.670825061821290092
-37.423653645822980707
-36.670618147495076755
-35.473504834561708776
-34.086240770638028152
-32.796808528909821234
-31.792385816815226462
-31.108856661939228161
-30.641156868334917363
-30.219609050362919334
-29.725013461637445289
-29.139314190152902029
-28.484083817776706837
-27.808455011698811177
-27.194649189698452574
-26.729942125569948530
