50.586933935361244608
51.817897750050761374
53.209243385046860908
54.272589903239875753
54.750735186950237221
54.952718159929744957
55.388876833110707310
55.876324499183752437
56.478426335157536187
57.231782093129311306
58.042452640113822326
58.846098107151775025
59.632735232130826830
60.312152197332380865
60.444883136745318097
59.767280665011156771
58.614314854134690336
57.852482303642354111
57.510444493235752361
56.786536865135857965
55.307576073085769508
53.440350267168142295
51.933327639067492498
51.931225340109712363
51.898928671296161497
50.895883157692900056
48.350866301891684884
44.423237798646574959
39.258104106005703215
33.107773139864065115
25.995978259937203347
18.396279768662537890
10.991405836937246931
4.282226941737434345
-2.053254327859576733
-7.953236051917286886
-12.867630310593682452
-16.757345532478552741
-20.394377740553466083
-23.921722752909715837
-27.038859427421357395
-29.189744803453152144
-30.480517153114647044
-31.148259097894822389
-31.744656577829431399
-32.627294115479458014
-33.551396158246348023
-33.963483999549680448
-33.798363997262470093
-33.277985193023710053
-32.167246055929268778
-29.599055930047910579
-25.673822964553153270
-20.430652457513929221
-14.674867225504101498
-9.208683114494192523
-4.681668020175237643
-1.024818605173464903
2.743515451833616225
7.876224682778200759
13.989575536376719356
19.825375116514891261
23.806726707936434195
25.680579739421801833
26.436549903300630149
27.545361618502226975
29.580940059337848425
32.334682614633436515
35.083054712428662469
37.215757824537888609
38.538241839306436987
39.150969400088541761
39.262628115427617104
39.194495732290562273
39.480230323505310253
40.452003342164402966
41.850224666215012803
42.882837474981556625
42.647739902506145881
40.683732611569354276
37.577965224182889870
34.839516726506928990
33.411021978822503797
32.876697545795195765
32.396211082523990399
31.171071755541817083
28.771964086901107294
25.397896621377526571
21.562282299976914146
17.594260567771726755
13.527217728069302893
9.482482791356517282
5.603832742637109732
2.057349684639433463
-1.066655455387234497
-3.745401161620378616
-5.960815018616415273
-7.876934661808064675
-9.734800460659215560
-11.560308627461552078
-13.116055980278474635
-14.169831739555093009
-14.626963095898247502
-14.622514638374809692
-14.560556200428720786
-14.814817279797580341
-15.530753305339771941
-16.493095625201931398
-17.264619690387576156
-17.562220408438633967
-17.467215501897896957
-17.350919991766716066
-17.661670542212220880
-18.606074109530425176
-20.060501282462269046
-21.886755250829367014
-23.967168805613880522
-26.125930327145113097
-28.226079303813548904
-30.225389475872475487
-32.128038350327926764
-33.891933535648888665
-35.365435993850269369
-36.307898547247305032
-36.730788640886544272
-36.942828915343000062
-37.009632556684437077
-36.876955058276564614
-36.619199742571140632
-36.432447763761729220
-36.486923579931840322
-36.790666751261426271
-37.175178656803041122
-37.399670812698843747
-37.231436862451516845
-36.523727967379443271
-35.339297475665091497
-33.947247014022252642
-32.657487172998628466
-31.675886841359556456
-31.046416145760019845
-30.659466648924762922
-30.331587781804785209
-29.927307872767357821
-29.416350816649242006
-28.815783001782108386
-28.178171208862920594
-27.594424554441729924
-27.161050732462854285
