51.460551514127658379
52.943344363223843629
54.624597035657771471
55.824307392108721615
55.709966673643279478
57.009472495095550926
56.284690143727516443
57.265691814296957318
57.831214067861452577
58.686288386517276194
59.890558756216620395
60.986332396005963119
62.109177641898099864
63.174787115746340760
63.533413470186573591
62.836218227784911505
61.556749847305212597
60.680053930694526798
60.233763868724338408
59.729550313019672103
58.910884808194865059
58.015647487908253765
57.633030750507430184
56.343678303597400259
55.417194566881718742
53.946659836963448242
51.748306286653246389
48.907837521717851814
45.157995725014444588
40.369193814898267192
33.978693228226120482
25.982629430945692661
17.051936182837096112
8.044241115883494331
-0.968407438153946032
-9.656010792652182317
-17.312960307693884943
-23.811773340702330870
-29.872122764539398077
-35.604364416382566105
-40.686820152544640905
-44.549553877142670899
-47.289904189452158789
-49.140250655591671602
-50.651327629581544443
-52.183442598743823737
-53.498136035113390108
-54.051575985047549011
-53.790999390481118780
-52.952697944532019392
-51.316657456911684676
-48.030253102360887851
-43.206309023383681733
-36.892935407889922317
-29.899836647838014869
-23.027959261801385082
-16.919155394054428143
-11.489860985958756601
-5.737429986072982047
1.616419023617908124
10.212539930421769441
18.805356238713329731
25.796498622901879116
30.835355321595613987
34.666106264398280246
38.325915343252262346
41.998008840362587080
45.526801198724854203
48.645712261382328734
51.172044772449453376
53.014677714965415589
54.168615611111249564
54.735204127206515068
54.985396993710139668
55.447250594791711364
56.458881011590705157
57.766123314539186140
58.624731925534263155
58.086559089672675782
55.570654144948889552
51.803391157355747509
48.364015491509718458
46.172941823050251742
44.841510559862342689
43.568742621631372458
41.597084049965246777
38.464693331720553715
34.170806263684625037
28.977760872129238123
23.109315584848161507
16.723931985036472270
10.223638227903592224
4.035605706083686073
-1.485273062267992827
-6.163920571712111496
-9.966431513114031304
-12.904847245545113310
-15.191639701473690138
-17.120863525429939500
-18.769255519595617443
-19.946316180290864395
-20.463722550808910228
-20.269053818123950350
-19.538762718664486329
-18.717758181733614720
-18.219855276864279858
-18.227742209922439542
-18.555790603789574789
-18.785240450397623135
-18.643783094026275649
-18.220805483252178192
-17.879828824052566461
-18.028365761591459204
-18.836747594530635297
-20.191959214615053497
-21.973532901221886959
-24.060564416327110848
-26.274893863686685336
-28.483357302191166127
-30.638797892837516201
-32.727307596535695211
-34.683556482482572392
-36.334270186753343523
-37.421385801092810652
-37.945571116103536724
-38.212516803031491008
-38.290839876006486975
-38.133547017552473335
-37.825951068329970894
-37.576861422004299129
-37.566630510138963928
-37.805944597480390712
-38.119566945438009498
-38.253280786945538239
-37.960752215004845311
-37.089874294012247447
-35.713266918799376981
-34.124790194731758675
-32.663586560759711119
-31.554880760056789768
-30.844949175441342959
-30.412304512875834916
-30.050374731325518951
-29.588170187494085894
-28.957750751561945890
-28.163784209449204354
-27.280080517209739810
-26.406038452000416328
-25.577168249754151930
