269.901396737758318523
135.354051121258578405
121.518493982966347744
115.560487413290616132
114.947627461159683548
114.708367926098006251
114.546672200538210973
114.414849743979260666
114.293455853756313445
114.174837440176162318
114.051915216668405151
113.909172530190119232
113.729937582827119513
113.517940626796502102
113.298199240327406301
113.086994804932970737
112.476824053060511233
111.095572907654741357
110.875827217633840860
110.813334871730035047
110.794853502971534454
110.789118074717208628
110.774700554312474310
110.757797994168413425
110.744435606799058291
110.733251798458084636
110.728578633509314955
110.727274436091377652
