52.952490461310972591
53.696605244696556269
54.752768937707543273
55.866815866606742702
56.759611228688179096
57.399950007634558347
57.608874407853029709
57.765392911927783359
58.209993633841264682
58.976013877368487215
59.908754244827647994
60.881425172233349485
61.833073597456738923
62.661128990664977323
62.958855571238139248
62.478720447977458718
61.478092222930534660
60.706776431483575607
60.247406978203784433
59.564495121440316439
58.601882212080674606
57.827616732958986745
57.179380014662008591
56.360538570746641085
55.280610802739275300
53.788928103289578075
51.378159101229087469
48.043661357403379952
43.611142589649432466
37.934430007587280897
30.738684932413434581
22.493397764946919892
14.140868012260611408
6.354381329138874435
-1.201335907470735265
-8.541539988547896201
-15.161658516093098115
-21.005369650768699330
-26.771025248516622241
-32.494285302380063740
-37.760041416186084007
-41.910901775979937156
-44.974957705545591580
-47.135717179684377243
-48.912277828557307657
-50.646066255370811859
-52.088805099352242678
-52.693688688682811971
-52.411019654849610561
-51.486447531774274466
-49.716453539384474425
-46.272965967912398355
-41.301872837191154986
-34.892339083057976268
-27.901251991791042428
-21.179542430152508814
-15.417237248888113754
-10.571582936989045720
-5.666925542910433933
0.570187713529577422
7.810901235071526116
14.897121052864036983
20.410480828944486120
24.315762703041144732
27.813252852347034150
32.370025409873534272
38.116775782797475358
44.091820473399565117
49.109463477078321603
52.751972948407825470
55.144744366410634484
56.502442414563688544
57.055843509135968361
57.143703173923455552
57.318295389816938723
57.923592664591268431
58.702082309966215234
58.889211098014897061
57.750965563343669373
55.002467854519409229
51.091586860026325212
47.396181862031255605
44.867579514354048342
43.122583840901143049
41.337157314826043830
38.688213217320310378
34.642574684225024839
29.386975266300680687
23.763833891534005716
18.428421659024877499
13.451006179848832289
8.806646050771320233
4.475965726468643879
0.514152111640754583
-3.041357749743241357
-6.176104187882145879
-8.851167330395412591
-11.194880248159790881
-13.410815216729645272
-15.495916290893973155
-17.197864762577182773
-18.284110846336659506
-18.671415587242108813
-18.514225231159571194
-18.240886170364490226
-18.252479912183105171
-18.723282485438573985
-19.465127358158724746
-20.060258974698740531
-20.229796456179030884
-20.038557853759357386
-19.822689420715676079
-19.989714048116695722
-20.719560946900344334
-21.889220332111676726
-23.385123453775975122
-25.124352312850248836
-26.963297581906374489
-28.788238335496885156
-30.570167058982065100
-32.318437176250881748
-33.990769876055765053
-35.431425830802425025
-36.391520016084712097
-36.869806800724234108
-37.159054704558798221
-37.308119646892748733
-37.247325313676356018
-37.038344888556821388
-36.868614989746049559
-36.905538347810079358
-37.161499245608695219
-37.479315450350384253
-37.633922417677808880
-37.407836924489288322
-36.663347019736193033
-35.462416348005035616
-34.064132127216339541
-32.763863622185908753
-31.754785966328995528
-31.074984927743855678
-30.617365580483806298
-30.207469989786318365
-29.721141251732490218
-29.137142284035235207
-28.476106383580486181
-27.788292158565980117
-27.158649533828906897
-26.677656437587074834
