53.002695867947259956
53.745921350309188824
54.805543633232218781
55.933855293198647018
56.848730709728080512
57.501302856049477441
57.696586262586031069
57.824625477659800765
58.244172218900231996
58.994110801882321482
59.918385261992050062
60.887997265523488011
61.841027386009294275
62.672868366120674466
62.969678737001004265
62.474504517667263315
61.437664222189106056
60.607045331806354227
60.067078629591058814
59.312137513326305793
58.395143239052025308
57.869673948556133780
57.505810461583052984
56.942817450029245663
56.000248792489230709
54.413590928634235411
51.919751008101371781
48.683186510645356293
44.495168239292354428
38.989955207533782300
31.598892511188452659
22.778827265303945637
13.782513609746573024
5.514658816850158018
-2.314915437549615262
-9.763614187847849735
-16.382831100283368642
-22.155171539753411025
-27.799662863157749371
-33.364339133959589390
-38.446434117496920635
-42.403174387994511108
-45.277885476393493036
-47.267646766136209635
-48.902238836003078859
-50.530711029943432777
-51.909676013134600225
-52.494877481899152372
-52.237084885511393395
-51.380408570461980844
-49.717702690971094626
-46.414998776841059680
-41.609823043582281343
-35.380415630516523606
-28.570287562591289543
-22.014914464572427732
-16.387323513619008963
-11.626617106361806009
-6.737742060754470685
-0.425889762046352871
7.003854294834610528
14.417240235300255335
20.409491174724763596
24.922049614806354612
29.044785426174826171
34.009864043188201777
39.698944300099071825
45.189446231595070458
49.658327080562258971
52.910370645932630396
55.075524298671268753
56.321148066079757655
56.839642072602856615
56.944835273554133437
57.172916247654626432
57.856552902426841456
58.729404001931669654
59.022407253385978265
58.009382517806983515
55.413778823963610876
51.667522093517163739
48.133482361161952667
45.761587410920469665
44.174347471992660985
42.560829046255065577
40.116527563913621179
36.285379513528823736
31.061402949354146585
25.076164935577168080
19.170181138619284411
13.719892638145608998
8.809383030588634256
4.370012454587168804
0.365763865047597392
-3.236870479874312423
-6.456432382388101132
-9.251012548155870263
-11.722241406453520085
-14.040286954499862304
-16.176658287772397671
-17.869100614270450933
-18.890792897473147605
-19.175208670195104332
-18.897995751390965324
-18.507405885421519542
-18.419526659611221930
-18.817491241561981496
-19.516161476502986716
-20.095923082245747082
-20.272222988205157890
-20.101633736766700622
-19.911095142887177190
-20.099923578160144189
-20.842649675734151060
-22.014489767443478740
-23.503137605881818217
-25.228544807987418608
-27.050257274961325038
-28.857248429830974601
-30.622462020063608179
-32.356366378846814769
-34.016943981806207375
-35.448015222574099425
-36.399979255508355891
-36.871092786071642422
-37.153971950427489901
-37.297470182509357528
-37.232036268385286348
-37.019777735863328871
-36.848849286402241887
-36.887267393306103713
-37.147418761863775671
-37.471226605653043862
-37.631955761384119796
-37.410220026446950214
-36.667028903077778068
-35.464466078155055584
-34.063218657376978626
-32.760957859581878893
-31.752760658924103154
-31.077413412592818531
-30.627112450115816955
-30.225701209433907479
-29.747133104018189442
-29.168724217723195125
-28.510278472541131123
-27.821795221212084925
-27.188416774934296427
-26.701053095834254236
