51.697714822153578496
52.927666957900179057
54.371398235083752581
55.657314345938701194
56.598284624735910597
57.240553374953421439
57.169231584688546377
57.215890348993049486
57.767514707998778078
58.726214695369677088
59.854291416741062903
61.013528433030451481
62.157620174286350334
63.148731331509054598
63.473021285610521147
62.828591238667982566
61.591746473688701258
60.728026189712210225
60.372125979572835774
59.829565711930833061
58.815552743900063604
57.586418987092251598
56.416242535352658649
55.933749673772929611
55.283857901254627620
53.994815712274238706
51.765881888428111779
48.822578441187353349
45.061170676573240712
40.132990317490140342
33.367187226904519548
25.062722634393665544
16.133912621568171630
7.385315765338987148
-1.266684128603685622
-9.598696504812650687
-16.955146428154122873
-23.226292860157457199
-29.134151259956936997
-34.784175374804590319
-39.846614336493814790
-43.742622271785322141
-46.560774081264682422
-48.524618828230018153
-50.175188432993166998
-51.861542346161542127
-53.332285786394564298
-54.029403994847641002
-53.885620598825397565
-53.123650612247018898
-51.512319701763857438
-48.191782640800482795
-43.272954212141030439
-36.808390993297564364
-29.619222211576413883
-22.525010128900277095
-16.193296777373092254
-10.572866131065381978
-4.699126833315602880
2.664783032526912621
11.120694792911422155
19.399378711517016427
25.919027092903689891
30.420416716168773519
33.825142260710009623
37.341915787919617742
41.126981367268996337
44.781202087923304589
47.893322496722447568
50.392731453231959904
52.308728584797819394
53.646617680732930467
54.461282925332739069
54.953985802805931371
55.559889900218735193
56.533233286015246222
57.605122623969265305
58.107847602328178027
57.361645050740150964
55.026715457546146126
51.611172230423790097
48.458164504693144181
46.430398762972089344
45.123134420248476317
43.732409725867569250
41.494990177418657140
37.978917149006889531
33.304734297165140333
27.914837903986466472
22.157721756066905527
16.167751765523917129
10.196623326451685898
4.503793941694652858
-0.661455025059240143
-5.157185410566256678
-8.933445171597924173
-11.962422267171376689
-14.410604498075571200
-16.530169121480810190
-18.365053684954204982
-19.702759657708782015
-20.343847169237506023
-20.234948196061452563
-19.559974071873057255
-18.776119268495392589
-18.309359648014719824
-18.350696514389028380
-18.718712690313282110
-18.995195826927215421
-18.900071580245025871
-18.502450055022620745
-18.149928251785297562
-18.264615832077311097
-19.037361857175596924
-20.347095740474060221
-22.071509991431753406
-24.109650848058606698
-26.293808646294166920
-28.483961248578737013
-30.625408984565751780
-32.703132228395986658
-34.651673298119305855
-36.295288842412276153
-37.373582072085071104
-37.887254137141667343
-38.143610695808490618
-38.212963914315650982
-38.049754072609687228
-37.740724759480485773
-37.495998440736457269
-37.496641372426836369
-37.753034463351866634
-38.088441614623093301
-38.246139953830493141
-37.976936325257099725
-37.126184267066150824
-35.764244649675731580
-34.182825077092104493
-32.720408185663643508
-31.604893471010711892
-30.886273040621631480
-30.442423259321174100
-30.063943008686067060
-29.585774615875152449
-28.953222280722968662
-28.168578763189429992
-27.280741279450126058
-26.387354803655341584
-25.598989054259845943
