2126.867422354696827824
2105.341375541649540537
2076.526655052331989282
2015.023930425100616048
1886.986420353696530583
1627.657165087003932058
1704.451757805665238266
1741.428780902935159247
1768.394767186479157317
1773.833589408541229204
1687.653865652260719799
1574.409254458542818611
1500.645079815454664640
1453.665507309239728784
1425.649654237882486996
1416.591268204348580184
1420.729177199525565811
1429.201714646100072059
1436.756027733366408938
1443.642421588850538683
1457.106739075440600573
1499.283739173039748493
1597.139054098199267173
1524.810484514960080560
1499.623827122656393840
1567.074135552681582340
1629.778684326174925445
1712.620632156931378631
1833.776263639231956404
2077.192466433159097505
2574.117217370687285438
3458.607600588518380391
4780.081273121149024519
6464.324083739546040306
8371.821022106230884674
8898.527004053939890582
9278.715933359277187265
11162.994726139277190669
12891.144868384479195811
14434.338736289269945701
15780.713350922975223511
16928.352386713228042936
17880.927905311920767417
18645.208221950946608558
19229.563343197489302838
19643.067961415927129565
19894.856262625082308659
19993.575568824100628262
19946.939177815769653535
19761.404586096108687343
19441.901559165864455281
18991.558691808564617531
18411.425350473880826030
17700.299487230277009076
16854.608115064820594853
15868.524952323385150521
14734.432738653498745407
13443.961843304816284217
11989.802239035108868848
10368.597309125205356395
8585.784701877073530341
7365.457388016365257499
6925.834456657462396834
4985.429583345160608587
3167.471008951232761319
1656.677023336516185736
631.922003273455743511
105.361041165833427158
0.000000000000000000
0.000000000000000000
0.000000000000000000
0.000000000000000000
0.000000000000000000
0.000000000000000000
0.000000000000000000
0.000000000000000000
0.000000000000000000
20.304428531894142651
537.576144088277601440
68.805162380665478850
0.000000000000000000
0.000000000000000000
0.000000000000000000
0.000000000000000000
0.000000000000000000
0.250548113641210324
79.907864678898874899
402.029060634926452167
1058.193414639709999392
2069.519908106916773249
3359.690411498301273241
4734.393920142649221816
4910.458938685010252811
5457.665157736377295805
6661.567327281059078814
7660.039203285477015015
8441.305808904506193358
9008.500232392392717884
9373.935581024343264289
9555.927518088295983034
9576.733747946325820521
9461.103211846026169951
9235.565667868335367530
8928.203657374519025325
8568.866400168939435389
8190.250965988878306234
7839.384970990047804662
7565.941205093605276488
7363.198290857376377971
7268.987624725003115600
7275.926333207442439743
7344.924444648438111471
7406.915814716488966951
7244.482010443844046677
7090.069968375471034960
6932.787926433054963127
6754.766865768377101631
6595.844445724068464187
6474.179791944053249608
6384.224909178528832854
6301.498149415042462351
6227.158967835360272147
6148.759763969616869872
6164.941140138925220526
6319.274820179230118811
6350.358088247901832801
6342.134534884747154138
6341.754538441932709247
6343.450338768508117937
6299.397742254528566264
6166.005550102458073525
5936.544290955151154776
5659.429905847597183310
5375.632983694203176128
5124.300078189912710513
4971.310584112408832880
4918.284179949860117631
4888.235865283051680308
4819.566583529330273450
4683.500136349056447216
4478.641276736158943095
4237.400869850719573151
4012.616841367901088233
3846.786066158681933302
3717.483795208927858766
3635.023130510216105904
3595.313380663990756148
3584.116253506476368784
3565.223452456307768443
2415.557329415433741815
2414.198224381953423290
2391.906250463936885353
2362.145278172467442346
2330.441223084179000580
2297.484079994725561846
2383.266135962956468575
2446.486548830123410880
2496.351800166917200841
2550.219850050590594037
2629.515748159120448690
2726.368542312624867918
2826.885268766327044432
2929.178239340836626070
3032.958898295262770262
3138.020458666672311665
3244.165689760767691041
3351.203823394062965235
3458.882466693926744483
3567.026119318813016434
3675.782252161841370253
3784.859627695811923331
3894.175237751864642632
3969.426520924627311615
4044.874623853665070783
4109.387486082937357423
4178.122854734566317347
4249.519211817972063727
4325.797702886585284432
4404.539604165095624921
4484.588669149372435641
4566.670907471786449605
4651.369542048762923514
4739.346629712169487902
4831.333595640657222248
5162.826642256441118661
5521.814043699182548153
5630.765242110740473436
5747.103229626093707338
5871.655394978904041636
6005.195012493841204559
6148.420892196018030518
6301.940492464667840977
6466.257387128845039115
6641.763362336246245832
6828.734969375031141681
7027.333949808531542658
7237.610612589815900719
7459.509005669065118127
7692.872603188712673727
7937.449231083779523033
8192.894086896651060670
8458.769965371584476088
8734.544175101469591027
9019.582098648139435682
9313.137881334085250273
9614.343284976695940713
9922.196253594454901759
10235.551136594252966461
10553.112723118027133751
10873.436181329427199671
11082.855171566096032620
11155.118113423868635437
11468.990988271980313584
11783.418453721607875195
12091.781772674785315758
12392.909521955203672405
12685.146671304893970955
12966.919499297848233255
13236.765823947755052359
13493.360200264865852660
13735.533905397162016015
13962.290089450132654747
14172.814709070042226813
14366.483796868073113728
14542.867361216383869760
14701.729901696709930548
14843.027309881983455853
14966.899911393615184352
15153.356153059698044672
15323.129887602857706952
15476.798494005272004870
15615.071959213804802857
15738.777225450559853925
15848.845170560411133920
15946.301379964708758052
16032.260617377838570974
16107.923376143433415564
16174.571524247803608887
16233.559308967696779291
16286.296205567861761665
16342.215555784488969948
16550.845629160059615970
16699.129075646884302841
16741.013808079362206627
16783.343772694457584294
16827.038724703550542472
16872.772513044314109720
16920.955439691351784859
16971.727182502327195834
17024.963195160060422495
17080.292632450833480107
17137.125383640213840408
17194.685919253970496356
17252.051957583818875719
17308.149228806818427984
17360.441273525902943220
17406.569759020356286783
17451.931103523649653653
17496.591617380552634131
17546.390828672479983652
17610.660306798992678523
17701.476093369699810864
17734.354616406511922833
17794.517888431179017061
17882.387304749121540226
17997.471097825637116330
18130.287737939546786947
18272.803680890487157740
18419.189332055382692488
18565.816073642978153657
18706.116363802237174241
18836.070253952409984777
18938.545288512887054821
19004.888427174726530211
19067.002821653110004263
19113.445012855565437349
19138.253143495308904676
19142.820625268825097010
19134.248675264963821974
19119.181912936561275274
19099.504961247010214720
19070.010843022995686624
19026.557598798699473264
18965.537752832744445186
18880.410685329050465953
18773.467598807048489107
18657.543578345492278459
18543.679674205995979719
18438.598447848220530432
18345.192226322626083856
18261.604171965784189524
18182.974751835714414483
18105.553723383629403543
18033.950994363109202823
17968.837254092741204659
17912.873509725883195642
17869.614327384359057760
17844.098693571064359276
4286.325527720330683223
