52.070516249396789021
53.033249614677231421
54.325160599232710013
55.511119834965306552
56.296036840517658106
56.802395302701668811
56.935636190738463824
57.169102261703656609
57.770085923136441863
58.705805413453234110
59.798272684327244519
60.928786665235705300
62.043257477246719134
63.000503563293371201
63.313764504653832432
62.706625849048819532
61.543780726064646558
60.742354214284986824
60.425191085371110944
59.836677260824401969
58.318469913916551661
55.682916561524685051
53.456206970994180949
54.091515579133584879
54.858142559982347564
54.140862241631580787
52.031882568374271614
49.085709838200436650
45.268052818116359504
40.205688443929631148
33.214727365567853212
24.560683103686415052
15.209421232914223765
6.095511709670162759
-2.751178261324355390
-11.052246242333069404
-18.146551107611770703
-23.949209312198348698
-29.222895246441595418
-34.120447333306856308
-38.360580068926935837
-41.410524940597184695
-43.400841113100256052
-44.592612372413555022
-45.560227579523456143
-46.682138659145465454
-47.732229616280648088
-48.173172964883860914
-47.953119534846820216
-47.304186599736198104
-45.997745912526994516
-43.168744619461620005
-38.914183278636812702
-33.263046612633047516
-27.002420165986791289
-20.906910491241433192
-15.588467168147047914
-10.931048431276963129
-5.898984985743510379
0.816757078034072492
8.882620824578026486
17.070815540454617576
23.787809552713724770
28.659960808066074378
32.378231820313033040
35.984002537551276646
39.651393712332009045
42.991328359758455235
45.633395327228754468
47.596541867102274637
48.981268349980069843
49.845131303647747245
50.290226093098880256
50.568555388473669154
51.176223678122426008
52.424193422291608613
54.039101286126424384
55.221356916472586818
55.076253010918406972
53.150038510660522206
50.003173562539075192
47.113968336568603945
45.398179121099701661
44.399814588105584789
43.221853462705098536
41.020598826538105186
37.361803489052249461
32.464703507592986398
26.909661781967770366
21.149986421919351187
15.356365840673873890
9.755029546724102829
4.547229435449935409
-0.083662600148613819
-4.056395536348929909
-7.371451239484485995
-10.039532521414798794
-12.253201180665143966
-14.278166993878130597
-16.159526830123638774
-17.674035531606591576
-18.600558724620043449
-18.854864415003703471
-18.583737767370109850
-18.205085754368610651
-18.108365708795020055
-18.455743154176843746
-19.048386197571915091
-19.463600036980437835
-19.428626266115827548
-19.028378514557914514
-18.630284419965221332
-18.675721893047352751
-19.370504408303361288
-20.602474602668564785
-22.252961051167062578
-24.221626043543835749
-26.340377456808312218
-28.468870620393488480
-30.552770037113361923
-32.578902495676004492
-34.485713785747520888
-36.102663188713393083
-37.173376159224858384
-37.698826297506116134
-37.982540706837767175
-38.088647042162051548
-37.964097557953948581
-37.687035615112279174
-37.459092383527149650
-37.456028652493216669
-37.689478202892644276
-37.991781703109211321
-38.120932440417561793
-37.842763810112842293
-37.011177103230920693
-35.693472880318097396
-34.166759836238327352
-32.749475503149540145
-31.652928298707649901
-30.921121161524524723
-30.438942068020878651
-30.014153777226965758
-29.503100133953637396
-28.871444857491724179
-28.137942326713812236
-27.362346571552620844
-26.645969095693033069
-26.094849664356615904
