52.434364338973324493
53.271089819429292334
54.366187890031689278
55.327852596818487996
55.863615325725035632
56.202869565770143367
56.665195380195697794
57.217473231762667751
57.940926350669158751
58.866161779917781871
59.897319844829183921
60.947155808755574924
61.952998357147336606
62.788145152721114073
63.061282051596592169
62.558844882186534164
61.558711114244786700
60.768068679070374571
60.284570583015664624
59.605009029777853868
58.522521437513752574
57.242890820255112772
56.014027222761889391
55.602051008735294602
55.005058224062253203
53.797922069820984348
51.605075065271599044
48.446378118398691015
44.106630111808193817
38.416974523441595579
31.130996681196137388
22.674963317843975119
13.881447857764527498
5.470484736882141874
-2.699366237591803497
-10.450072402878689104
-17.163702156420228562
-22.761681580904706834
-27.992216456828430182
-32.983213234563805827
-37.423656370315569575
-40.749158904147634530
-43.058457716522354985
-44.581880022236646255
-45.865226943737013698
-47.261453829637702029
-48.522722881907952797
-49.094202708673350344
-48.911027753076609770
-48.196991109618238625
-46.720092558210041034
-43.617287327912663386
-38.993646003534450983
-32.893244811126635341
-26.126418927725609365
-19.500201828914413227
-13.668528960344247025
-8.565979450933213002
-3.213343438711319777
3.640829818458399814
11.609963243185404735
19.422350419957183476
25.451188877090345386
29.306778123605084829
31.743276906019190164
34.114178704523055785
37.149750389798356309
40.744829286749165931
44.142468930732491117
46.791215867657683702
48.621472150005814683
49.756729808460931963
50.367734337146544021
50.745484534681224886
51.408507709872935720
52.685024406103678984
54.319815379292549551
55.518051652496353654
55.312717869872528809
53.166560846863205825
49.728823670909577004
46.552736270275630659
44.551029962845120735
43.256399780795334209
41.796968194897232252
39.424533580270264110
35.815466176673396603
31.211212318848595260
26.121762337774470097
20.893760625313404944
15.600759187730034228
10.402534888457921625
5.468705686394770282
0.980427045992939838
-2.963417572184567916
-6.335172100880527069
-9.114461547591986346
-11.465523197319100746
-13.632472546488543230
-15.647499431653955071
-17.282671678386975600
-18.317882719337944764
-18.672422790070413612
-18.496742800501579040
-18.212070830527238741
-18.212001975013038191
-18.664977176882302956
-19.379990380364233715
-19.939936896651602183
-20.069390205625381896
-19.837665397435898740
-19.584678407227215757
-19.720723838671403882
-20.428949403925173556
-21.591157314108102128
-23.099214206034332619
-24.874045275329422111
-26.772573341124370927
-28.677690390144903176
-30.553706646278840253
-32.401846813942881909
-34.172625050221824949
-35.705444654493135204
-36.748203448754338751
-37.296312334555466350
-37.639210440341855701
-37.824205245524126440
-37.781796349828255188
-37.573707466960286183
-37.386562098639217311
-37.387411361388956266
-37.590699763445343251
-37.844575367268078026
-37.931758304813229188
-37.642869787419328986
-36.845719116141935956
-35.602874796478261032
-34.169418568145601967
-32.835130264328313388
-31.789234861483691930
-31.068877977572412874
-30.568383379704357594
-30.115118048206113599
-29.585115459607209232
-28.955093102870250732
-28.242467626774271139
-27.494401802034246884
-26.793694042360414187
-26.230331730177397276
