52.678178511106921178
53.621728176058589099
54.846749707833318155
55.985078097270047692
56.723290201162861024
57.172443761673108042
57.386586548626937088
57.624703404992615674
58.143416064557655432
58.976740672241895425
59.977064912347906045
61.030427493678217843
62.087659527753359612
63.014596055136138375
63.313638612767178415
62.688145846219931911
61.485339536295910534
60.622467736360313495
60.200033113700143872
59.543550026801320030
58.492121969499962120
57.478208108669377907
56.522451781559958306
55.578511489461831729
54.418569748890575966
52.775929867824658004
50.142023959900789976
46.621685941778842732
42.163400360743317208
36.647995823734113685
29.720698821268257461
21.786483473424553381
13.616858371147941398
5.803475277105945906
-1.902932005434323059
-9.374113119486793266
-15.996176805684385158
-21.668821670801051482
-27.106507769033868271
-32.399480297455042432
-37.200497072498180273
-40.913784832640942568
-43.612642429070646699
-45.506950663321831030
-47.125259172176683364
-48.805104035879395497
-50.284644839447580011
-50.996847184149913801
-50.867272857004905973
-50.113763644989347767
-48.502955764021578489
-45.175844763051514974
-40.247506863101335739
-33.778208339566674567
-26.600493078003069058
-19.549116234167172479
-13.310554781373724609
-7.856064063388060958
-2.246550043345138192
4.727431310286704047
12.640659808155589872
20.201803545397524431
25.820739858251329224
29.259928847016709597
31.520013138666570285
33.978292856593810711
37.030211357981471565
40.439481313264735718
43.686008106833298825
46.398876092312093533
48.459462809810986528
49.896726119706499958
50.824852087579984072
51.500733612101925019
52.420513734461053446
53.896349170909587656
55.660309906822078574
56.914709009961711672
56.721586798645745375
54.571148606460724295
51.068199533680683544
47.721372209199728331
45.423830635325629146
43.713391647441511623
41.778990915499662151
38.972148463075200198
35.067022565357518715
30.377003785987483298
25.415120908181137338
20.451148897561751028
15.455827533915197591
10.515706908470946246
5.768898746454794946
1.393400458465805514
-2.501329270088177736
-5.872477444615668674
-8.684255967495346340
-11.086628633010178646
-13.310581092742523879
-15.376378475031401649
-17.046585815060012692
-18.096280969903688174
-18.446579498350615722
-18.256324984134096212
-17.958653454049169795
-17.957189788441837663
-18.423147282800016455
-19.158867849285513785
-19.734456035316270572
-19.863539244395553851
-19.614623604745702323
-19.339816513299695089
-19.469266191544193134
-20.203310574944168820
-21.430267232025641988
-23.036708488494298308
-24.930397220304769235
-26.952471442675403068
-28.971752623924146519
-30.941941551461070503
-32.855504036312368044
-34.653225358266467993
-36.164225795118341011
-37.131610191786592168
-37.558325369648457581
-37.752801020533183873
-37.785474133442789935
-37.610003757787580980
-37.311511823213663774
-37.097711645141487224
-37.146534720578131328
-37.464594982395794887
-37.870900325735590286
-38.104185334730800605
-37.910686888101224667
-37.131460273736308864
-35.833149140815635292
-34.304604887798632262
-32.882523089980963960
-31.794185101178129571
-31.090104326286791547
-30.649660760909853252
-30.265680110705091010
-29.775737913241073329
-29.127856066584172368
-28.326849641572039218
-27.423731762542388424
-26.517709970016085208
-25.720256237617320494
