1668.573432160520724210
1577.208836961554425216
1461.941202689178453511
1352.872139476171014394
1240.751853729929280235
1101.910211968375506331
1086.618793870482477359
1030.600739427366534073
955.183926842272285285
874.867736118356106090
793.422357880959339127
712.695827154603875897
637.182125103572047919
573.436354136301019935
521.552510823251395777
480.099892546592172948
445.053896947863449896
420.483964971760599383
394.990434317674328213
354.472072240214345129
357.664655450309737716
650.281961597404006170
1668.743475440091060591
712.264710027891624122
467.710380985296808376
528.464300785322279808
666.414032593715319308
837.489591842219283535
1058.344824522988801618
1378.247792165497457972
1824.938109295428148471
2522.301611607034374174
3583.289075417765616294
5019.848933325242796855
6754.952003910910207196
8680.395123257148952689
10703.303536844947302598
12727.558273161390388850
14651.674842143384012161
16415.666534945470630191
17991.171682423999300227
19438.722652211283275392
20685.237684267005533911
21720.451869866596098291
22533.021211174655036302
23120.192827068352926290
23498.886799892014096258
23696.507189435531472554
23722.097943177283013938
23570.596845387470239075
23248.307588050462072715
22785.734792684535932494
22172.044988197030761512
21403.402115696622786345
20446.176217577445640927
19271.695881874045880977
17857.385067141287436243
16206.305153963736302103
14358.426901415083193569
12383.329316948853374925
10305.745059960408980260
8143.858629064602610015
5922.066869220117951045
3735.075952557596792758
1745.604098937498065425
1427.994556898730024841
326.801812361155270992
0.000000056215245407
0.000000000000000005
0.000000000000000000
0.000000000000000000
0.000000000000000000
0.000000000000000000
0.000000000000000000
0.000000000000000000
0.000000000000000000
0.000000000000000000
0.000148317451317316
145.520839736391138786
0.000090433069312880
0.000002078751545111
0.000000180291713363
0.620948879773759899
5.915599567278753135
83.860880577682635817
230.998371956247581238
496.081745380845802629
992.537278359012589135
1812.057792138085460465
2947.019637938029518409
4268.138056309817329748
5670.566033868532031192
7043.082679266548439045
8321.321047769319193321
9456.013180255467887037
10411.093077861603887868
11192.997927153654018184
11787.954142558477542480
12175.948343865995411761
12361.981608328465881641
12386.964019667668253533
12278.609395054632841493
12060.533720967143381131
11752.754075906614161795
11335.702084901840862585
10812.613778175080369692
10194.223345816521032248
9523.982448393835511524
8873.484162862170705921
8296.906123847278649919
7809.169387153198840679
7402.141251777867182682
7046.161914909580445965
6757.116433952729494195
6529.440943735744440346
6354.497521780841452710
6213.738749057025415823
6111.672755440418768558
6044.081018709975978709
5998.096895580609270837
5953.931221711924990814
5903.851226486891391687
5835.829301756655695499
5792.807959702526204637
5800.794363395204527478
5746.384534935079500428
5670.682399408810852037
5593.345450981540125213
5509.522483880641630094
5397.558313199142503436
5239.089554143408349773
5032.268490019775526889
4799.234907537301296543
4558.799746171126571426
4328.564101366181603225
4137.492102787643489137
3987.893787410446293507
3850.144433516839853837
3701.757129312605684390
3533.072101574312455341
3343.952763367167790420
3146.644148930100072903
2960.944232107494826778
2802.198659912934999738
2659.350681567733317934
2538.295316957725390239
2442.708294042122815881
2375.365398377544352115
2330.646758287054126413
3251.794162853581838135
3187.709849049003878463
3101.149401835720254894
3030.551333736466403934
2986.746724574973086419
2939.616328674298983969
2964.406401199124957202
2957.697349339237007371
2923.615650600693697925
2869.760666256590411649
2806.668837907769102458
2740.483720303120207973
2674.295545407184363285
2617.284387453645194910
2598.405265334908108343
2634.451922951189317246
2702.615518792625607603
2746.274692904379207903
2750.870122325217835169
2751.194481656763400679
2790.978266824531601742
2986.819883603158814367
3601.294737049705872778
2744.605940019404442864
2305.517537547671963694
2040.811712086107490904
1836.587567268652492203
1645.975814486127774217
1471.260444703664916233
1340.267600001712025914
1401.999180629237571338
1702.996107083749848243
2233.322674599959100306
2980.151092526532465854
3924.245378832970800431
5015.945359316508074699
6165.677042609894670022
7314.061123030027374625
8453.753898020919223200
9558.100154466459571267
10592.185425829415180488
11413.323860747859725961
12118.958096602726072888
12724.716866745762672508
13260.207191745672389516
13748.658311323617454036
14185.024547604332838091
14546.406208155292915762
14834.416417309541429859
15066.268086760355799925
15233.755871740057045827
15283.446573511635506293
15222.131018217820383143
15041.310508313272293890
14778.489884790878932108
14465.419805117182477261
14130.689195525104878470
13773.519014020181202795
13351.449982997319239075
12798.828028751957390341
12154.241899275681134895
11508.764570574572644546
10994.502897661259339657
10689.054885016068510595
10622.321722888264048379
8780.249133601651919889
9044.980470557053195080
9744.682131985300657107
10567.215221663538613939
11296.152485214675834868
11959.082188642898472608
12578.492914927257515956
13163.118538293831079500
13712.293683100146154175
14159.261543098606125568
14446.905776097722991835
14598.710738147437950829
14705.299745822132535977
14986.555522996171930572
15296.612870307651974144
15851.328333403887882014
16293.170061047623676131
16431.286210013156960486
16414.566709026588796405
16379.456951030961135984
16399.255049223036621697
16551.217328996193828061
16871.880077127556432970
17361.567340150286327116
17998.875302147047477774
18778.369036811145633692
19606.751292070039198734
20417.737536749456921825
21138.928577531271002954
21735.924330743979226099
22204.227773411508678691
22517.886317067124764435
22697.619232958724751370
22783.804671435816999292
22790.780548759175871965
22690.090779504633246688
22472.510149063720746199
22136.992232468499423703
21691.397057149260945152
21199.963134219528001267
20704.318753353396459715
20242.657080087912618183
19815.510119012687937357
19387.966568497009575367
18942.938638525869464502
18503.885881891568715218
18110.201335141555318842
17813.652093651457107626
17770.860816204734874191
17799.139610508125770139
17888.863872353376791580
18038.442478246764949290
18215.242773402831517160
18398.515658238011383219
18580.742220669875678141
18766.247625915868411539
18947.311760904925904470
19125.320750592094555032
19234.932998391002911376
19236.162681998521293281
19270.976242307417123811
19286.259399604299687780
19258.551935493160272017
19197.179337499961548019
19133.571527211683132919
19094.885008889010350686
19086.746362655321718194
19083.761519092935486697
19064.980706626120081637
19011.964941743484814651
18893.435720994879375212
18714.216375415093352785
18521.385535630201047752
18352.785416319333307911
18227.866825615266861860
18150.334101708820526255
18103.920893862697994336
18059.536229333352821413
17993.191604075796931284
17917.676951198154711165
17830.341507424924202496
17739.118861267703323392
17658.594189238065155223
17612.190954063436947763
3275.987365884576320241
