2501.054165185812507843
2481.465460645411440055
2439.199939329687367717
2344.067313404269498278
2164.678198995195998577
1886.177316289829150264
2020.762174638619171674
2068.866982977539009880
2065.257489888137570233
2036.205013350047011045
1993.137195412435175967
1947.682494542984386499
1914.374220070926867265
1899.619972062772603749
1879.017683408347693330
1836.172154925453469332
1786.515134683920223324
1785.502679891476873308
1830.805974803182834876
1863.619744595176371149
1867.280608510219735763
1864.822223573130258956
1825.336478906941238165
1878.960310233210748265
1938.038188442207911066
2004.558467427101732028
2059.334360059148366418
2142.659585812160912610
2271.803191277689620620
2445.038861516803990526
2815.069219847141539503
3783.699622890806949727
5434.153396790797160065
7661.130913484625125420
9899.893750984498183243
11260.392377928161295131
12223.969025886097369948
13176.992102657892246498
14295.053553870497125899
16109.998704934874695027
18822.662623983567755204
20162.873894143758661812
21310.863707796066591982
22239.830141689046286047
22940.985499757454817882
23411.435404980795283336
23652.488160568685998442
23668.983435742564324755
23468.962092067664343631
23063.830047637889947509
22468.943102006000117399
21704.524597035211627372
20797.898208378028357401
19795.144532291546056513
18812.087498328688525362
18105.628573523084924091
17778.288511338319949573
17613.508519327850081027
17521.057480477771605365
16101.171534623172192369
14699.836412879330964643
12956.835300811319029890
10252.768854924097468029
6724.667322124794736737
3703.689932980802041129
1671.896049365294402378
690.197707153494320664
380.088043367575153297
278.155145124428543113
0.000000000000000000
0.000000000000000000
0.000000000000000000
0.000000000000000000
0.000000000000000000
0.000000000000000000
0.000000000000000000
233.610806654656812498
462.647504547476955850
767.796866299254816113
505.105602200038674710
220.115526020647564565
0.000000000000000000
0.000000000000000000
0.000000000000000000
0.057025952401232330
0.003089741145575151
89.247564823708628978
593.972567910743691755
1611.331460340887360871
2765.381027506345617439
3469.736821631629481999
3940.356944294770528359
4404.374014944258306059
5132.381371181418217020
6347.710753441090673732
7611.989604337569289783
8598.852993311571481172
9242.311116001881600823
9547.067919207143859239
9544.547501618582828087
9321.593186878959386377
9033.951910258585485280
8815.767439210712836939
8701.003389554087334545
8592.573568455683926004
8428.725257308162326808
8167.684330235711058776
7843.025969035163143417
7553.811039761482788890
7368.978862640739862400
7290.198174723583179002
7291.769705769474057888
7317.793526405601369333
7058.604892511667458166
6851.770652675503697537
6682.061539141362118244
6518.372817235655020340
6384.730865195358092024
6291.241780225090224121
6229.164145900422226987
6171.913277838960311783
6114.940068262286331446
6039.531390894513606327
6039.722026416989137942
6170.078450114704537555
6187.936645967537515389
6180.419018222717568278
6189.309135236099791655
6203.490866496591479518
6174.844942344411720114
6061.918186867113035987
5859.059215383339505934
5612.667093896759979543
5361.755876033401364111
5142.134647549220062501
5013.257253034313180251
4975.555001131924655056
4958.454965801000071224
4906.309863751431294077
4793.499053292834105378
4618.896580533900305454
4411.803337417261900555
4220.128568199257642846
4082.108730429434672260
3975.578272731549532182
3908.836751239661225554
3877.329260526712459978
3868.303204037817522476
3852.084773150039382017
2759.792087130118943605
2782.849372098732601444
2787.722619513731387997
2781.413466244682240358
2762.211098655054229312
2717.783516674441671057
2840.924887603623574250
2926.704778795959100535
2981.739456963451630145
3016.005032955084516288
3040.265830943789296725
3063.095484872691031342
3091.159630618286428216
3131.389499783860628668
3193.364215195333144948
3280.390713599751052243
3384.498531554509554553
3488.391945322121046047
3585.633094045409961836
3681.672823196458466555
3776.050894195071123249
3861.078548635915922205
3937.281079379598395462
4068.528096831408674916
4183.836605741874336672
4289.370837102003861219
4396.988000630365604593
4509.968506530449303682
4636.981829597546493460
4794.419683194042590912
4981.719675093893783924
5163.368162094408944540
5342.711128214748896426
5528.527228007849771529
5786.655551192860912124
6234.591771247593896987
6777.375930602394873858
7337.793519581608052249
7873.941167746131213789
8289.297047743377333973
8544.181620431809278671
8756.463539938551548403
8977.878994814802354085
9211.695537615378270857
9459.103339159541064873
9720.859736600710675702
9997.365390690098138293
10288.634913795625834609
10594.268165640820370754
10913.430017432461681892
11244.837773078314057784
11586.735547905558632920
11936.693606022410676815
12290.016256489167062682
12631.914381699578370899
12926.466490110879021813
13163.954235819515815820
13386.473452256279415451
13615.841352787170762895
13235.672161077713099075
12889.055260537015783484
12646.140817547620827099
12620.875367648573956103
12813.618043004522405681
13043.585222563227944192
13256.038560518562007928
13450.752879503417716478
13628.211148379636142636
13789.846324062558778678
13935.953196613345426158
14078.662584863077427144
14214.474070538622981985
14342.943116331774945138
14464.241343738598516211
14572.299455560438218527
14661.363495399289604393
14752.395264836013666354
14835.780398746268474497
14928.623982976527258870
15003.260895805300606298
15116.669171368565002922
15248.894429488018431584
15354.955667619064115570
15407.400957485337130493
15439.538520784783031559
15476.535020913335756632
15528.523537225335530820
15583.949800233825953910
15645.807307801158458460
15756.529571325483630062
15970.118632977479137480
16235.528236533356903237
16499.914910651048558066
16707.673701539883040823
16816.288267895684839459
16877.458832565906050149
16933.979984285055252258
16996.984924012522242265
17068.994701936244382523
17149.230051752878353000
17229.913625782977760537
17294.711406889418867650
17330.613821941482456168
17338.092952747047092998
17334.907530220341868699
17334.580961808624124387
17348.286542519719660049
17377.727873504678427707
17416.313812214037170634
17461.085073072896193480
17516.959236343529482838
17591.118415406461281236
17692.997039261368627194
17708.856220107201806968
17749.189584607513097581
17813.846349087394628441
17903.023422893718816340
18008.566915082057676045
18123.215477872330666287
18241.740346219859929988
18361.342876752049050992
18476.986687263142812299
18586.355403966943413252
18673.782445676610223018
18729.947135442140279338
18784.919125519780209288
18827.344418663426040439
18852.374905363532889169
18862.427244557646190515
18864.886801526179624489
18866.295172150628786767
18868.507295962437638082
18866.612345621739223134
18856.646377733861299930
18835.201919391824048944
18796.131801859854022041
18741.202391758211888373
18681.516845276360982098
18626.272236091575905448
18580.585704992579849204
18546.024949037764599780
18519.769226789769163588
18496.165375368123932276
18470.528379871844663285
18445.914435342609067447
18421.730972297649714164
18399.326194320950889960
18381.140299063081329223
18371.315906195508432575
4192.263016158330174221
