1088.576116553103929618
1051.281250240859890255
997.729004749948444442
934.518251958972655302
859.351465703792086970
797.861970365084857804
682.814640646016073333
589.395174868058575157
515.007429746231423451
453.993839164320206692
395.789169937697238311
339.239703315722579191
293.034619430246152660
262.876384072562814254
222.292754085831120392
143.779482156626897904
39.557256305502001226
0.291805341763924364
95.710006059122321176
140.729791622038817422
148.383060399697853882
181.401497712526378336
216.569337214611749687
265.033693837208545574
329.482813054112568807
415.600313561365396708
510.009711516542097343
644.455018824455578397
832.390806905451427156
1094.364885166076192036
1431.248458915134960989
2554.660937130607635481
4349.249663804642295872
5766.154123658609933045
6441.363553805394985829
6975.844883730494075280
7516.185054765813220001
8172.165748964190242987
10135.589238413904240588
12218.322061218639646540
13984.899061716361757135
15465.641585267760092393
16690.365630243759369478
17685.040826614393154159
18471.468698632299492601
19067.276635482543497346
19485.899979459016321925
19736.530970083491411060
19824.098319336848362582
19749.276289916047971928
19508.478206607942411210
19093.811707031039986759
18492.895120426434004912
17688.567809822736307979
16658.377747974365775008
15374.043704549829271855
13800.895605517322110245
11897.985253682023540023
9679.059053519213193795
8377.495781863088268437
7993.102163684226070473
7610.759516426480331575
6991.359007836646924261
6083.570006105459469836
4531.024506813502739533
2105.593979174652758957
504.440977773105203141
0.719398743847450173
0.000000000000000000
0.000000000000000000
0.000000000000000000
0.000000000000000000
0.000000000000000000
0.000000000000000000
0.000000000000000000
0.000000000000000000
0.000000000000000000
0.000000000000000000
0.001928356199930042
0.000012744259724360
0.000000000000000000
0.000000000000000000
0.000000000000000000
0.000000000000000000
0.000000000000028554
0.000000000111097732
0.884218967362667141
436.959068640439397768
1843.503266030910936024
3571.965540726025665208
4269.897120689498478896
4671.194192070124699967
5034.765766815079587104
5409.274485473285494663
5825.007838055797947163
6425.034518699761974858
7449.515022946723547648
8573.626045734856234048
9403.241323810749236145
9835.638467786746332422
9896.797454734478378668
9663.424721823699655943
9276.473338405987306032
8929.203426535839753342
8670.163953931019932497
8430.776547435254542506
8131.429889502489459119
7787.100413534908511792
7495.567101407353220566
7326.492123210407953593
7270.384646715125199989
7278.565044553298321262
7267.901796980386279756
7065.265209476483505568
6881.788778591971095011
6717.714217004308011383
6553.311809372464267653
6422.659153395528846886
6337.416620105603215052
6286.052770032572880154
6237.623261680042560329
6186.019606746743193071
6111.811597260079906846
6120.030881519702234073
6273.065925955032980710
6307.524456117452245962
6316.971700251981019392
6344.201871641078469111
6374.964111426549607131
6356.190475829337628966
6242.810438826218160102
6028.608079794892546488
5763.588388655910421221
5490.079878574557369575
5246.942405688755570736
5098.134709419740829617
5043.752669317998879706
5008.050779833323758794
4931.975291062644828344
4788.466776253966600052
4576.453452852623740910
4328.050662004287005402
4096.159238462228131539
3923.660495660733431578
3788.360537885032499616
3700.592829307541251183
3656.634894062071907683
3643.747995151656141388
3630.272634029914570419
3858.881257961324990902
3826.672378590390962927
3777.046675474356561608
3734.661761547808509931
3714.456181402758375043
3715.792652074962461484
3685.091431107907283149
3660.528448324640976352
3632.429116607567266328
3596.651389984576780989
3555.502112717885665916
3513.675120088701987697
3476.981110211633676954
3453.955728969244319160
3456.934990489766732935
3486.501119888019275095
3519.747036246038533136
3582.855219105460491846
3678.161447597995447722
3749.601659239524906297
3812.099072770268776367
3863.176637983931868803
3912.224417684347372415
3964.190784230297595059
4022.126207586719829123
4090.914798772286303574
4177.503789939706621226
4278.669267686907005555
4393.273329445518356806
4525.098166198691615136
4697.625266495845608006
4837.608741521352385462
4981.907659686811712163
5272.021383598392276326
5732.597628331958730996
6237.683909764519739838
6735.329311062439956004
7184.726970374426855415
7380.248706607500025711
7512.676629419576784130
7657.491922013937255542
7815.878850115030218149
7988.576440830221145006
8176.198268657481094124
8379.234431737662816886
8598.059253157160128467
8832.943003904198121745
9084.065193032012757612
9351.526709624116847408
9635.358071042235678760
9935.521240904199657962
10251.902928791228987393
10584.297967564527425566
10932.382267140870681033
11295.675946653271239484
11673.498505549887340749
12064.918967061594230472
12468.626605540042874054
12873.137429241358404397
13071.073895596759030013
13064.003803386345680337
13014.929290986208798131
12985.867555668844943284
13013.675857458707469050
13187.544216638365469407
13581.477602985178236850
13985.984522274920891505
14377.238977077167874086
14752.798636270836141193
15110.526297308664652519
15448.610097084943845402
15765.584626201862192829
16060.331002919150705566
16332.058920507901348174
16580.274744092570472276
16804.740056531885784352
17005.425036474796797847
17182.460987667513109045
17336.096362614604004193
17466.660696958137123147
17574.540829531684721587
17660.173395390840596519
17724.056593207951664226
17766.782424332879600115
17789.087857402046211064
17791.919925544414581964
17776.512653126465011155
17744.741326865751034347
17704.941513361220131628
17731.441092087323340820
17964.719873489248129772
18282.910842574718117248
18622.295405660646792967
18945.964599012851977022
19224.035865399426256772
19420.078452888985339087
19495.285004872366698692
19494.024984676434542052
19474.610664043015276548
19458.283709438983350992
19449.028611153102247044
19443.776386534547782503
19431.211225999835733091
19393.831103816039103549
19333.366720078567595920
19266.883000362002348993
19212.820803636281198123
19177.362706048705149442
19155.856165796449204208
19146.650187560589984059
19157.054652895491017262
19197.733344601845601574
19281.820342117513064295
19320.309013050889916485
19397.273860258752392838
19509.874765616856166162
19655.809485915993718663
19824.249356560037995223
20006.003770839397475356
20194.214597068752482301
20384.519717386279808125
20569.935819485395768424
20746.151163361319049727
20894.128285058734036284
21001.842496881177794421
21100.717993951213429682
21177.499562242534011602
21226.424699188555678120
21249.851455214760790113
21255.639211977748345817
21250.868842800242418889
21237.726736038195667788
21211.270297124076023465
21167.744053969232481904
21104.199821636313572526
21014.979297350178967463
20903.166475256053672638
20781.950567109688563505
20662.460619139175832970
20551.527079116069216980
20452.261417056779464474
20363.053684447939303936
20279.201568982261960628
20197.026494606318010483
20121.181486677774955751
20052.360096500779036433
19993.152750205266784178
19946.846594069014827255
19917.766523693808267126
2119.320149435317944153
