52.938213127298567429
53.683661966591287751
54.740062416565827164
55.851640260374047386
56.739941570761295964
57.377716171472037843
57.589714044089056699
57.752421749687741226
58.202400212028635451
58.971880667067360093
59.906509801919305858
60.879984518903377477
61.831521179296295543
62.658866398486509297
62.956585564673929412
62.478878977230422720
61.484432871529946851
60.723576099815190332
60.279419429692538301
59.612742431278626043
58.648678470648512473
57.825267660139694215
57.085699949905766459
56.196035858627396919
55.125176328086297417
53.672974900011467980
51.276540396503506258
47.915954589542025133
43.436359563350734447
37.740958779557956859
30.601858768711082348
22.473338305130624803
14.233602711068201074
6.518604103820763385
-1.004941959116422368
-8.337405127537579119
-14.962125203047605737
-20.817115878050003630
-26.599589762167710205
-32.345494278866510740
-37.639187352871061876
-41.821281528578708730
-44.916950718903848383
-47.106676889446134737
-48.906956727506980087
-50.657237547414609935
-52.107889503534522646
-52.711327321078243813
-52.417602417984227259
-51.472628644771020845
-49.673683549304428198
-46.194054288788748863
-41.181571240530701061
-34.727909055760164847
-27.692957996255671560
-20.931018090130038445
-15.135723306899791396
-10.268137199124424797
-5.356819801626528488
0.866615977088059708
8.066791427451562413
15.077363026835570281
20.471412716684199040
24.211057200904321007
27.514347833828168177
31.904081538033267407
37.598948928397931013
43.674565339190934310
48.859162866006812465
52.638376304123170257
55.115500921660526501
56.518363325795178298
57.091593316664358326
57.182982985100579754
57.350419360352645981
57.941604420942013576
58.701781203075853455
58.867970993338559538
57.704811815718443313
54.925977656265388305
50.983656785117318577
47.260070189595836609
44.708294211488663450
42.946248619298359017
41.151064125010520911
38.501793785164466044
34.474074905708050665
29.277214313324748218
23.755918822900810028
18.513555729714028075
13.580672783766402745
8.935565807394112881
4.579139727257199866
0.585459631753025178
-2.995796935692879970
-6.144522227201065334
-8.821367002159661297
-11.157710099517885283
-13.361745446084171363
-15.434900305726841907
-17.128043492017013705
-18.210069543681584037
-18.597599014861998512
-18.443867103805587249
-18.175541295241316675
-18.192057382276232147
-18.666406141855645728
-19.409674914573770366
-20.003989112780857340
-20.170998667544438376
-19.976627095401340739
-19.758461520099842801
-19.925372748928850797
-20.658054246662288733
-21.833409854325907418
-23.337075796738417921
-25.085034855270919252
-26.932649324449300821
-28.765439529665457030
-30.553955565453918553
-32.307395165893069588
-33.983553293577131171
-35.426919200316660863
-36.388895484724230300
-36.868491690370831293
-37.158663107811776172
-37.308397230082732676
-37.248093266585271977
-37.039422886430941162
-36.869753967889835167
-36.906413594695777647
-37.161781628636163077
-37.478791111263603852
-37.632603279394459150
-37.405998865735000436
-36.661444936777002113
-35.460882035574798010
-34.063154060599856621
-32.763277137392151417
-31.754125449706009476
-31.073656935230019371
-30.614857283476851535
-30.203499846515910576
-29.715694645334849611
-29.130419068221272028
-28.468452769596751750
-27.780148428942595729
-27.150515156313019816
-26.670066770547691704
