52.925100872597148793
53.626920706351526746
54.639783191051705558
55.691341381642693875
56.504810949702239498
57.100692300239970223
57.356497646813735969
57.604920859712059666
58.129252011181449689
58.949574398822100818
59.918138192158515665
60.915322831964012096
61.879271660174971714
62.704387963384370153
62.993708427035279840
62.512142152099045234
61.514909694529691819
60.727476188992469019
60.237238887525776931
59.547308619162961918
58.635882775530049571
57.981906977203301778
57.354723337527858007
56.337694552135936021
55.128948483469173425
53.701495981644519873
51.537014003088295055
48.612806102424009680
44.670370579177344439
39.296302089500628085
31.897467173481018676
23.077370517961199425
14.258915717221015029
6.299837330441576455
-1.231994426380495611
-8.496228318865334472
-15.087651421102975746
-20.988403814097239319
-26.888884726840160511
-32.796140719252747431
-38.269075760724973634
-42.636800674982509918
-45.923811308461779390
-48.313195053871282880
-50.321723665590752717
-52.284238558712530676
-53.941028701918241950
-54.729189984279543069
-54.578716224876529850
-53.711361266916270552
-51.897060453790203383
-48.280101540345810918
-42.980247618423362610
-36.066243202651889987
-28.386484411603561284
-20.803570403250347454
-14.048239270941991208
-8.153306404644183658
-2.250231993912251482
4.813072703353753923
12.600166223260316656
19.884392768475578350
25.227275923090218157
28.614766677505684811
31.291087668463916316
34.766279637595431495
39.209498623529356109
43.771188591387243605
47.526585115920539693
50.286663378034518246
52.193886609565112167
53.377263088168291461
53.987698343859790384
54.308126473532212231
54.857047094467077386
55.966447397156883881
57.386733183102478506
58.329739552021322879
57.835755270357623203
55.376112030364083694
51.612540055263451677
48.117690930715724562
45.833667228553707673
44.333723386384548348
42.766273336606388966
40.292416068801884421
36.338193056389030744
30.948876396586541659
24.868894324643520122
18.973196531595476699
13.592016314693097456
8.764455357441960359
4.402728534299399143
0.464165788501617271
-3.088778993343737511
-6.278693255259526040
-9.067306012905163470
-11.557878706141849534
-13.918622558785642696
-16.115058566132233864
-17.875904938237340502
-18.964146950050576379
-19.303886547457580036
-19.063746332112657456
-18.688058188271952531
-18.592134177237937820
-18.961115197006449762
-19.614196166879480643
-20.137899401379343090
-20.254858391274638052
-20.028839074143434118
-19.792869359069470647
-19.950398432805855009
-20.677736973913567908
-21.849598496779776724
-23.351387625199663489
-25.099768204758674983
-26.950744748423858255
-28.789941467342828219
-30.587400748611742074
-32.351433284735264806
-34.038903459231050874
-35.493516467218626076
-36.465951852479861373
-36.954391142054305419
-37.250968994104198373
-37.404165101178762143
-37.344249958735474593
-37.132959192201326459
-36.957803819628395559
-36.986414242186583579
-37.231773452238996924
-37.537749227354481718
-37.680634969671416457
-37.444275159073072246
-36.691809044166575404
-35.485234206641564469
-34.082912294775439932
-32.779208917115226996
-31.766589701505097310
-31.083063770303340334
-30.622095029928914300
-30.210126356479236165
-29.723801921241317814
-29.142234152553385229
-28.485801936311361260
-27.803861704845928671
-27.179897901634149093
-26.702759073742811324
