2122.770371945554416016
2107.224370103440378443
2048.528874318340967875
1955.581487404227573279
1790.745164279440359678
1481.548946425226404244
1693.690455146053864155
1747.989882163559286710
1718.073382436655720085
1659.620641136187941811
1597.901861178090030080
1541.502687603317326648
1495.266977137605863390
1464.087134411360239028
1444.672168433708748125
1433.326592118959979416
1429.667126231575821294
1446.811823526397802198
1485.662071423663519454
1540.104481987216331618
1627.947502939412061096
1620.831281579533424519
1655.226284158356975240
1636.483349679439925239
1669.409200283363361450
1740.557552538347408699
1817.920116958578546473
1929.713240527040852612
2106.328179795442338218
2386.899435253491446929
2768.915520733391986141
3413.993221572678521625
4637.723051724099605053
6252.906255672252882505
8147.775170464728034858
10150.387866607628893689
11834.557792648389295209
13379.685518420174048515
14918.402695710732587031
16621.844503894677472999
18888.836301179453585064
19721.157033932220656425
20470.982065491771209054
21124.841321297364629572
21672.725311462414538255
22107.633466027098620543
22425.188465326991718030
22623.262028163466311526
22701.641775683667219710
22661.853856316251039971
22507.113476854825421469
22242.293907527273404412
21873.876037355425069109
21410.131041549189831130
20861.352086209266417427
20240.301562878474214813
19597.660727634716749890
19299.319940831956046168
19048.914472243643103866
17180.050419748546119081
15111.678795352907400229
12493.137100396304958849
9814.664532678831164958
7333.156022778140140872
5166.974972943833563477
3424.853222887782976613
2245.581100654330384714
1602.804381997976179264
1356.722428069237366799
1330.158371134544040615
1381.950760472502906850
1429.016375468809201266
1436.105026315706709283
1398.235574036385742147
1326.698536223214887286
1240.682091692807262007
1163.470393420004029394
1119.848925775688030626
1130.983686012669750198
943.455559300897334651
815.894114111870067063
695.791983949965128886
574.910690562765466893
491.180736374344235173
422.433177789743353969
358.792747401156702836
342.659536250081998787
615.410865093249640267
1283.109564390673085654
2266.562402574422776524
3435.328693293490232463
4252.806850854624826752
4993.403203250906699395
5790.685910063886694843
6881.156331941802818619
7810.366473025947016140
8538.150713018927490339
9062.800929061788338004
9390.729669889151409734
9533.739245328861215967
9507.402965881703494233
9330.729332479168078862
9050.758861201233230531
8848.952857339492766187
8697.219467120345143485
8514.185937963011383545
8280.230456473742378876
8019.854211310676873836
7787.869506554420695466
7625.396078260141621286
7545.002327246491404367
7544.607838173949858174
7599.542060458114974608
7394.198584893670158635
7252.199801986273087095
7168.211884701442613732
7126.391842710491800972
7132.369711409014598757
7181.537758686165943800
7259.387561296018247958
7343.781457131708521047
7424.381570468105564942
7486.555916710568453709
7570.500557481634132273
7699.678392574773170054
7759.152142627952343901
7788.088090168851522321
7804.714835818673236645
7803.276782710471707105
7761.745917223887772707
7661.991708352324167208
7503.073048261903750245
7308.629622989817107737
7099.340615559335674334
6894.675510471261077328
6725.055855233322290587
6593.520946428207025747
6470.304552462931496848
6332.360450833277354832
6169.876262781252080458
5983.526909209255791211
5787.429576043467022828
5604.053378134698505164
5451.536516499834760907
5320.699725451571794110
5217.209726401140869712
5141.397025888351890899
5089.516287781942992297
5048.208163156263253768
2301.825063055977352633
2307.069257105267297447
2276.431414874173242424
2241.572420500000134780
2190.881730460763265000
2071.376860652796494833
2261.898736727155210247
2350.997300234557314980
2375.384023946283832629
2367.822549489633274789
2351.504351185382802214
2336.523384152837024885
2326.284809524297088501
2329.362375442098255007
2372.850484397601121600
2470.304749329278365622
2600.048105119874890079
2711.747685403689956729
2798.895815261618281511
2900.548122194811639929
3036.227814127785677556
3443.771042968396614015
3898.552882727034557320
4066.775866395915727480
4181.838717985862786009
4244.475662415817168949
4321.189821542339814187
4406.997661612076626625
4511.601881976610457059
4655.905973301106314466
4959.655861456326420011
5293.726200756202160846
5240.374914681436166575
5085.889654874341431423
4919.513010961972213408
4897.185309804213829921
5588.016947927763794723
6616.173338138522012741
7699.019772465469031886
8509.088839648602515808
8371.093180028085043887
8244.823155342024620040
8164.426734286565988441
8137.763681049869774142
8171.715460366938714287
8272.097389900034613675
8443.585829257168370532
8689.656183872117253486
9012.523612516501088976
9413.079486071123028523
9890.818044012636164553
10443.749301432017091429
11068.296149577879987191
11759.176022465422647656
12509.270790029162526480
13309.414277690615563188
14092.225088120439977502
14289.068724177117474028
14394.811704015970462933
13517.506161617151519749
13001.652890996079804609
13458.689549701186479069
14181.822240884026541607
14873.138383600140514318
15490.878282518595369766
16019.249831067047125543
16459.130308377560140798
16804.552862307420582511
17053.191359370710415533
17205.529657301533006830
17264.308557419055432547
17233.837098110481747426
17119.324604142206226243
16926.308298604813899146
16660.238522744464717107
16326.233736847643740475
15928.982156687354290625
15472.750900250079212128
14961.463253868829269777
15087.025387453464645660
15164.837769634374126326
15243.898466595977879479
15313.395791094459127635
15313.533241247332625790
15285.757420112739055185
15291.425284004868444754
15366.986843885359121487
15328.610890289870440029
15152.606834242593322415
14961.871016640132438624
14836.401179875001616892
15321.401316657162169577
15933.755311631864969968
16390.909490749720134772
16312.009692553850982222
16242.214285580481373472
16221.081551758265050012
16253.354447977690142579
16341.865879912973468890
16487.682903051252651494
16690.086190753161645262
16945.638436066314170603
17216.186252091283677146
17292.761760620385757647
17236.935558147317351541
17180.543168014322873205
17178.210253578839910915
17229.752694807182706427
17297.088228796063049231
17358.927337287332193227
17427.309381919247243786
17526.923209829474217258
17702.721214910900016548
17739.048316990996681852
17843.431280505232280120
18011.786762264855497051
18245.370580379989405628
18512.338137430120696081
18791.101953455083275912
19072.468363765412505018
19358.760264326778269606
19640.297046366798895178
19916.774778396502370015
20121.824565499224263476
20214.668989265817799605
20335.629307261333451606
20430.830722841998067452
20475.896951734768663300
20479.320114631856995402
20472.088583769938850310
20481.473379403105354868
20513.768906093486293685
20544.717728191299102036
20554.751328372236457653
20526.723221828779060161
20430.218035847978171660
20270.330862485516263405
20094.069176287899608724
19939.057197954556613695
19824.545058549469104037
19754.509316255047451705
19713.877561848355981056
19675.588406194405251881
19617.858520727630093461
19554.835081876441108761
19483.449566543888067827
19409.147178213126608171
19342.727507975854678079
19304.667470870263059624
4329.728759662545598985
