2299.142657723940828873
2292.255357685522540123
2248.556352933466314425
2151.016020734579797136
1979.092825340383114963
1742.132302397416424355
1773.101105489725114239
1755.768624241634825012
1711.549180638776078922
1655.748303290939020371
1591.760241164318131268
1526.607875472238447401
1473.194476120841727607
1437.884300085788481738
1393.651395101554044231
1320.970058453537376408
1238.791538073792935393
1213.092844597989369504
1249.591780037158514460
1295.373136772945372286
1314.282754505068169237
1280.088954860554622428
1450.182229435981753340
1276.727627705493659960
1220.972369892607503061
1305.701541202108728612
1381.892488779486484418
1475.557652516852158442
1605.676821784809817473
1798.969590412839806959
2308.835560323423578666
3333.654303373666607513
4910.477813289103323768
6894.873074319753868622
7827.303340922529059753
8212.820516850908461493
8624.209869945922037004
10054.803182039888270083
12039.236469277009746293
13789.153672612121226848
15302.759808414106373675
16587.895215954416926252
17656.288032617987482809
18520.866238674712803913
19194.338901711565995356
19688.428456047764484538
20013.339685992821614491
20177.305349179157929029
20186.189563810246909270
20043.173382093034888385
19748.536891881518386072
19299.521049860974017065
18690.139285604349424830
17910.984230096011742717
16948.977984463621396571
15787.314426442204421619
14405.705420332064022659
12781.250558545612875605
10890.353638233838864835
8747.180785081785870716
8008.836198313283603056
7690.856308795393488253
7150.645166475843325316
6236.186673086246628372
3854.302249077498800034
1820.624987199922543368
535.956667158426171227
13.020207369204664261
0.000000000000000000
0.000000000000000000
0.000000000000000000
0.000000000000000000
0.000000000000000000
0.000000000000000000
0.000000000000000000
0.000000000000000000
0.000000000000000000
0.000000000000000000
542.616099171745531748
2.250757105144105541
0.000000000000000000
0.000000000000000000
0.000000000000000000
0.000000000000000000
0.000000000000005851
0.000000023813977124
0.006996174148429823
277.762066993870689657
1206.252933111068387007
2811.314860328759095864
4413.592982837884846958
4767.977852182949391135
5027.903263465533200360
5302.280672353330373880
5684.433901894106384134
6613.649335548288945574
7835.153983551585042733
8769.998537994693833753
9348.369561166149651399
9595.344716813764534891
9552.141814383427117718
9273.598642974146059714
8859.784767546771035995
8501.326215884890189045
8271.816264560686249752
8071.151293479992091306
7805.245030705190401932
7489.050250199787114980
7221.457635780911914480
7072.772676290648632857
7034.273801808008101943
7058.195828938695740362
7062.296301673649395525
6859.277570012921387388
6674.913062971116232802
6509.329810542274572072
6342.863081500539010449
6209.723170016995936749
6121.791402349737836630
6067.707406354872546217
6016.635857388157091918
5962.497669604737893678
5885.872284587076137541
5891.541705673558681156
6041.729065577434994339
6073.530294356309241266
6080.671859578602379770
6106.382200564079539618
6136.847681738201572443
6119.227196673854450637
6008.456863191006959823
5798.190277641554530419
5538.213764506632287521
5270.612260936317397864
5034.065528540898412757
4892.442355060878981021
4845.808321123144196463
4818.304682439132193394
4750.662715248526183132
4615.624262480138895626
4411.983877433757697872
4171.736469581979690702
3947.621950035995723738
3782.334961502197074878
3653.518338682434205111
3571.382405992885196611
3532.103716968999378878
3522.840253003850648383
3511.840276323687703552
3557.777201791944207798
3548.185114419167348387
3508.005235729396645183
3449.653647462980643468
3377.802352144205087825
3282.764356457173562376
3343.533666474102574284
3368.933689869472345890
3363.489086510387551243
3335.578282137158566911
3295.638936406727225403
3253.028631388569920091
3216.022817738050434855
3193.891066406296431524
3199.232533931764919544
3237.256523997416479688
3298.882668338262192265
3364.659615532447787700
3430.109964011492593272
3507.944154069765772874
3611.626288440924781753
3751.610815888644538063
3889.953355479010497220
3983.860311519966671767
4075.971326807079549326
4150.588657423225413368
4228.025703006993353483
4306.404446872160406201
4388.497622054981547990
4482.871926436542707961
4574.186511528788287251
4661.791830161323559878
4750.949040910993062425
4847.041109831989160739
5154.122852517758474278
5569.856917321217224526
5983.054347320481610950
6217.039640781041271111
6335.952844698997068917
6463.554319576885063725
6600.871120247484213905
6748.799198804192201351
6908.128984998504165560
7079.534849896223931864
7263.570399104845819238
7460.668948131889919750
7671.148002471684776538
7895.216163308285103994
8132.980633599108841736
8384.453426551261145505
8649.554485947328430484
8928.110218131138026365
9219.846401433080245624
9524.375064522739194217
9841.175686350616160780
10169.571919516332854982
10508.705916013237583684
10857.513146705936378567
11214.698257683412521146
11573.195825654092914192
11664.977911994590613176
11658.229540576425279141
11673.944910225320199970
11757.771219329408268095
12108.135920341090240981
12469.673965649757519714
12823.590519920264341636
13167.886946685148359393
13500.707841842155175982
13820.372828812824081979
14125.403902188967549591
14414.541115459696811740
14686.747929651470258250
14941.208329573202718166
15177.318007791574927978
15394.671664027860970236
15593.048001953098719241
15772.393559995642135618
15932.806261237117723795
16074.519604551407610415
16197.888729617276112549
16303.380035796073570964
16391.566360676806652918
16463.129602614004397765
16518.871820926648069872
16559.734166807425935986
16586.820676224586350145
16601.421496247643517563
16605.029588281729957089
16599.750225078492803732
16652.546495720616803737
16896.199453997323871590
17162.071816172032413306
17414.010347312669182429
17620.255919959927268792
17710.627385666648478946
17713.916297881001810310
17707.556189951872511301
17705.216626786754204659
17708.629254472474713111
17717.478084877966466593
17729.748032497838721611
17737.847747325125965290
17723.036228721928637242
17682.174427219029894331
17634.793491101940162480
17599.833676701684453292
17582.413303116536553716
17576.999895585588092217
17581.497754575895669404
17603.123524519389320631
17652.706745692972617690
17743.704678396516101202
17783.193581236915633781
17860.016124740650411695
17971.742077782677370124
18116.384443739960261155
18283.337632936199952383
18463.547733735264046118
18650.240727320720907301
18839.108612938729493180
19023.217043016771640396
19198.311660553023102693
19345.467817062952235574
19452.786276513874327065
19551.740944292934727855
19629.185154170947498642
19679.425545453315862687
19704.859967958553170320
19713.369559897972067120
19712.036884409451886313
19703.022075062854128191
19681.325190511241089553
19643.098445088664448122
19585.271411725716461660
19502.053253732894518180
19396.408627661687205546
19281.447005946352874162
19168.249676795778214000
19063.596326502607553266
18970.520808360881346744
18887.307060640418058028
18809.130385048298194306
18732.192037634846201399
18661.050333938088442665
18596.348973732063313946
18540.691266908765101107
18497.443854502165777376
18471.058094708641874604
3566.386696246929204790
