51.969492110202978097
52.941250289777208593
54.004233709011344899
54.791759800299324468
55.047033006311806957
55.088121805555928745
55.906654367468718192
56.763723338486009595
57.622307680688315656
58.572779007711282873
59.580184605004362197
60.588054839000470508
61.548397707190943606
62.354593276905447397
62.666284170482519755
62.290136890965754901
61.437132092896547420
60.667932262665971166
59.952586237283711057
58.665212742829886849
56.464793014323412024
53.805556410570332559
51.997003651224872556
52.389063161315789330
53.164313930156957611
52.892959104373211687
50.941510401541023612
47.433576165855484419
42.436230450335955311
36.167968990349891101
28.682541076874585428
20.445289927149971732
12.179879303300211291
4.486202986746349097
-2.839223737956928062
-9.662237682882221179
-15.408430203627119681
-20.021206899686347924
-24.244287398391350052
-28.222015787768810924
-31.675110777927443451
-34.079910248281748864
-35.554990550593146281
-36.345751877742571878
-37.001618881227614111
-37.883105485705641513
-38.766088672123288461
-39.125523934729642406
-38.906362116440448062
-38.328091822912881526
-37.163579469007004263
-34.569182144661454004
-30.633024571958912929
-25.379033659179697224
-19.568578995232115858
-13.956507439925815106
-9.147491826204657173
-5.049367123508659461
-0.686586415966047525
5.176659643832181246
12.184085827028809490
19.111284703580679434
24.371484432843203649
27.553149435572549919
29.350722776066191955
31.089221989683522906
33.558408243562865891
36.741611533756611152
39.879104529919203515
42.255185733263772363
43.641233532291721531
44.177675709475437316
44.119988386707319705
43.808518377027695578
43.763354889347908738
44.283273665912986417
45.082946380131062369
45.456134897759852720
44.800087259741729895
42.884426899932492461
40.105389588685198987
37.638591705337518079
36.320906838297588592
35.791214125961460013
35.273391089932715659
33.998179004964697469
31.500237634744991055
27.887136680649319942
23.617120686071530145
19.053706169904245371
14.315847560313329723
9.596873948287992562
5.084914924076855414
0.968933165637764660
-2.647959701837805824
-5.735250388852591641
-8.271796466345676890
-10.416949794588276745
-12.409137759586087668
-14.282937037684973802
-15.820581388125106059
-16.808468167874025312
-17.162059967328787025
-17.014096777995064258
-16.754693204817840524
-16.746062586603500222
-17.135757402713068132
-17.731091721502366454
-18.132377110186496338
-18.092798113360174739
-17.717319460391877328
-17.387349148305816016
-17.551000460877787646
-18.408785142508804711
-19.825451603193528172
-21.642587504014102251
-23.723517675495031654
-25.883103612866534604
-27.981563581035288735
-29.976443050194404805
-31.874793923852678290
-33.643279249139084186
-35.144943764955542065
-36.153655026055218968
-36.678707173226200666
-37.008741358339193539
-37.193717777937479241
-37.167071046389366984
-36.985978491839034632
-36.826284361213993179
-36.845164883428026315
-37.055137419145069089
-37.312211165724932016
-37.412749298526591701
-37.161659747348608107
-36.435349096703419036
-35.291926787832039736
-33.968800112500105115
-32.733895060566169377
-31.760405178359917500
-31.081220485785365781
-30.599211034344421023
-30.158543978290367704
-29.652113790632824930
-29.067929381066619499
-28.429408894252333084
-27.784441395402268427
-27.211557529185540716
-26.793761599894253322
