6082.389549428696227551
5952.622438748976492207
5807.494196293127060926
5665.093320284438050294
5538.767529253173051984
5431.147294080448773457
5336.477027499161522428
5245.845501570979649841
5151.267077197487196827
5047.770378273274218373
4934.105641135804944497
4812.805108389301494753
4689.857506572780948773
4573.629490517306294350
4472.283168259401463729
4389.837612213058491761
4323.776525060507992748
4267.128108345445980376
4212.572644175464120053
4154.871443160223861923
4090.975825926487686957
4018.832913838189142552
3936.195278523916840641
3840.577742493328059936
3731.206565452295762952
3613.425983046704459412
3505.555381514282089483
3447.419548158352426981
3507.505514608879366278
3780.674079213324148441
4362.776049524561130966
5302.962921781348995864
6572.173012111323259887
8080.907995678218867397
9720.745986820556936436
11393.919848501838714583
13024.739183414076251211
14559.735627570778888185
15963.535444930892481352
17214.349657879643928027
18300.129791118397406535
19215.567692928139877040
19959.869796286871860502
20535.307490296057949308
20946.233794618867250392
21198.436763289511873154
21298.631539084915857529
21253.989054074994783150
21071.718955526317586191
20758.753498269368719775
20321.464194045212934725
19765.353292859414068516
19094.730671917463041609
18312.485615099725691834
17419.902164650789927691
16416.659779064295435091
15301.112300044473158778
14071.029762793994450476
12724.943906977121514501
11264.243304225867177593
9696.384266166052839253
8040.376580141774866206
6334.944969167998351622
4648.012605061280737573
3081.111591514273641224
1755.236847474720207174
811.934588804118334338
261.072655563965383863
20.626924366753975448
0.000000000000000000
0.000000000000000000
0.000000000000000000
0.000000000000000000
0.000000000000000000
0.000000000000000000
0.000000000000000000
0.000000000000000000
0.000000000000000000
0.000000000000000000
0.000000000000000000
0.000000000000000000
0.000000000000000000
0.000000000000000000
0.000000000000000000
0.000000000000000000
0.000000000000000000
0.987649913107501165
177.080291841341789905
683.094178958718657668
1464.439988859949380640
2429.611579679627084261
3472.194403988080011914
4497.999609645406053460
5438.097619365590617235
6249.117794282374234172
6908.292308727034651383
7408.023268377939530183
7751.246766432641379652
7948.280389233917048841
8014.572932203074742574
7968.774734306628488412
7831.036827310951593972
7621.735588393422403897
7360.477011638869953458
7065.357647981348236499
6752.450564957533970301
6435.496425759077283146
6125.782149970579666842
5832.139802418993895117
5560.986553437846851011
5316.334100691012281459
5099.827684535539447097
4910.985524734705904848
4747.713374779636069434
4607.038872994996381749
4485.836869482413021615
4381.270752502080540580
4290.929717913369131566
4212.725380206789850490
4144.661751111265402869
4084.605506677832181595
4030.142747455154221825
3978.561970489550276397
3926.952507817046353011
3872.373481324349086208
3812.039250797286513261
3743.561571993788675172
3665.130764749853824469
3575.652180545868759509
3474.845291828341942164
3363.296712043156276195
3242.438937252193227323
3114.435522612454860791
2981.978900387106477865
2848.037758971787297924
2715.580157461164617416
2587.307269243914106482
2465.420260555101776845
2351.426538935009830311
2246.019846076946123503
2149.061740977083445614
2059.675846880648805381
1976.464588024590057103
1897.857855300303981494
1822.601885674751429178
1750.370954104009797447
1682.335022638763348368
1621.256558949878808562
1570.392695055777494417
9198.210865651664789766
9210.296024681114431587
9222.816170532698379247
9235.738381064595159842
9249.026133707902772585
9262.640165449787673424
9276.539182491360406857
9290.680345669346934301
9305.019520119680237258
9319.511334718779835384
9334.109129317655970226
9348.764871756657157675
9363.429105829598483979
9378.050960518365172902
9392.578227717101981398
9406.957514393632663996
9421.134504052522970596
9435.054421475017079501
9448.662875037791309296
9461.907338209895897307
9474.739611006360064493
9487.119654486277795513
9499.021200231094553601
9510.439484503081985167
9521.401324451573600527
9531.977529374435107457
9542.297321149408162455
9552.564043193780889851
9563.071010922640198260
9574.215973281892729574
9586.512402198337440495
9600.595792817881374503
9617.223397583211408346
9637.266337175266016857
9661.693770590385611285
9691.549654706397632253
9727.923439712749313912
9771.916697715816553682
9824.608075191019452177
9887.019053850215641432
9960.082816468935561716
10044.618100861916900612
10141.309363713206039392
10250.693947966095947777
10373.156321085749368649
10508.928879479672104935
10658.098330489632644458
10820.616292414157214807
10996.312504763027391164
11184.908927374710401637
11386.033032366894985898
11599.228761102885982837
11823.963928335590026109
12059.633298275562992785
12305.557112335918645840
12560.975480872071784688
12825.039709514654532541
13096.802243011261452921
13375.207390811861841939
13659.085251843893274781
13947.151188036215899047
14238.012740383552227286
14530.185023699779776507
14822.114446482504718006
15112.209255128058430273
15398.874163432881687186
15680.989765443979194970
15957.187282140695970156
16226.179263989588434924
16486.775675181477708975
16737.892491143255028874
16978.553940651334414724
17207.890379755321191624
17425.134052469256857876
17629.614749904201744357
17820.756847569340607151
17998.078621185359224910
18161.194278314193070401
18309.818840989199088654
18443.775820142567681614
18563.007444771417794982
18667.586969313157169381
18757.732245799124939367
18833.819333037066826364
18896.394476246063277358
18946.182406296822591685
18984.088666411636950215
19011.193674739355628844
19028.736580661810876336
19038.087757807716116076
19040.710017161298310384
19038.110199316219222965
19031.784437235939549282
19023.161685537954326719
19013.550729205060633831
19004.095615717447799398
18995.743351131688541500
18989.226025965050212108
18985.057674189560202649
18983.544485621427156730
18984.805753705182723934
18988.802267651870351983
18995.368736143118439941
19004.247151627812854713
19015.118610858993633883
19027.631836053995357361
19041.427350693673361093
19056.156863949381659040
19071.497862814710970270
19087.163706432027538540
19102.909696783841354772
19118.535703200792340795
19133.885978638769302052
19148.846836863718635868
19163.342854931142937858
19177.332218323110282654
19190.801729241065913811
19203.761863165003887843
19216.242105018536676653
19228.286654111998359440
19239.950480222560145194
19251.295656116464670049
19262.387885381212981883
19273.293178272906516213
19284.074683773047581781
19294.789744922843965469
19305.487291143672337057
19316.205706462173111504
19326.971309230750193819
19337.797552540068863891
19348.685005436906067189
19359.622114047055219999
19370.586673058605811093
19381.547873464700387558
19392.468739094230841147
19403.308730699995066971
19414.026284471205144655
19424.581070008403912652
19434.935793686207034625
19445.057440224707534071
19454.917923468714434421
19464.494203629470575834
19473.768005051897489466
19482.725324790313607082
19491.355936619100248208
19499.653066682472854154
19507.613333753412007354
19515.236936957539001014
19522.527967694597464288
826.612929784643938547
