52.679374580693831831
53.415609916227104748
54.405416326715297259
55.290382397887952948
55.787359711498766046
56.122295459823391184
56.634967194713766503
57.237094725541297180
57.985749019430386397
58.910113952641189883
59.923210675923080260
60.946769442007507678
61.928580912827939642
62.768724888762527314
63.134273377165072816
62.868305877619675925
62.192794529690154093
61.514409686817437262
60.710904599503692225
59.895239151346018502
58.990986301686170634
58.203315184269150961
57.446999687123401657
56.425354811558150914
55.196989363461888445
53.703934142994363299
51.531889482380925926
48.712457417263934190
45.033244463951547232
40.004346887877574090
32.675743625487157829
23.430278505427907021
14.069777242310081533
5.740462210378822761
-1.934644407271164823
-9.179830397545188703
-15.670388248068036319
-21.448524111762665711
-27.236695549842124819
-33.051079329016999964
-38.447645574693268600
-42.750153959663634851
-45.979637274047234996
-48.318003179655505619
-50.282226855144614319
-52.207863650592912563
-53.835904994564174331
-54.603907285685210127
-54.442018497298704460
-53.571851269482124280
-51.762943230913208481
-48.158975368209041790
-42.878948303236683159
-35.990757165367000425
-28.341966504624195977
-20.794519665219752369
-14.078834523629154774
-8.227627193009112716
-2.371454992031715392
4.646044509567076375
12.399656301511015499
19.683050210686673154
25.084283515943724296
28.608562288631731008
31.478258337321079807
35.098983998558765052
39.496017633898190979
43.819057533637504775
47.328655575640993902
49.940473213194650270
51.786758313641684026
52.966660976740485012
53.609505962429125248
53.984689695966864065
54.602152007368488285
55.788226212598431175
57.289377180623802133
58.314525402602413351
57.901658421748919636
55.520152530613131603
51.829935063979121423
48.401844266791471227
46.175970593773826067
44.723073648679047665
43.188179405172832048
40.728262642266201965
36.769639818207025428
31.374619435817322710
25.297864348272099733
19.388897829514945670
13.975514863970261104
9.109825950045859599
4.697273606502307075
0.674878578389552786
-3.010096374584605883
-6.376893914248711326
-9.362579661529650821
-12.033442573446052393
-14.522908311966091333
-16.774525780895601201
-18.511265769226724842
-19.505379302000278585
-19.701981743614794595
-19.297525106615807999
-18.764550743089273510
-18.540634595010260455
-18.823293156343879673
-19.433721288070728406
-19.952384789074017135
-20.091489344506499037
-19.903664992859887661
-19.712623962089480756
-19.915093802070316542
-20.682606512218967509
-21.886178013890173588
-23.408436486608479754
-25.164518165858794418
-27.010429396662573254
-28.833369661675646967
-30.606194079459953628
-32.340439903257220067
-33.995608345643972825
-35.416994091678304812
-36.356415217058383860
-36.813721442504345305
-37.083194307234464304
-37.215045873116196162
-37.140734993539012976
-36.923322428087033131
-36.751924028210396500
-36.795154969413488288
-37.065138093917141759
-37.402446206471097412
-37.578146887158709433
-37.370475087121576507
-36.638788798773646249
-35.444972164379407786
-34.050950159199146583
-32.756249213368676010
-31.757379613165880983
-31.093484663717902095
-30.655986442454718599
-30.267298808478301453
-29.800004760238380186
-29.230604052522153324
-28.578709322793997671
-27.894614539588303614
-27.264037422030696689
-26.778461268639489390
