2160.995002269999986311
2160.995002269999986311
2160.995002269999986311
2160.995002269999986311
2160.995002269999986311
2160.995002269999986311
2215.546401281633734470
2273.423393601896805194
2331.300385922160330665
2389.177378242423401389
2447.054370562686926860
2504.931362882949997584
2562.808355203213068307
2620.685347523476593778
2678.562339843740119250
2736.439332164003644721
2794.316324484266715444
2852.193316804529786168
2910.070309124793311639
2967.947301445056837110
3025.824293765319907834
3083.701286085582978558
3141.578278405846504029
3427.398570247474253847
3763.405640211987702060
4099.412710176502514514
4435.419780141013688990
4771.426850105528501444
5107.433920070042404404
5443.440990034554488375
5779.448059999069300829
6115.455129963582294295
6451.462199928096197254
6787.469269892611009709
7123.476339857123093680
7459.483409821637906134
7795.490479786150899599
8131.497549750663893064
8467.504619715178705519
8803.511689679691698984
9139.518759644206511439
9475.525829608717685915
9811.532899573232498369
10147.539969537747310824
10483.547039502260304289
10819.554109466775116744
11155.561179431286291219
11491.568249395801103674
11827.575319360312278150
12000.000000000000000000
12000.000000000000000000
12000.000000000000000000
12000.000000000000000000
12000.000000000000000000
12000.000000000000000000
11855.700894314781180583
11617.293676226152456366
11378.886458137523732148
11140.479240048898645910
10902.072021960268102703
10663.664803871641197475
10425.257585783014292247
10186.850367694387387019
9948.443149605758662801
9710.035931517131757573
9471.628713428504852345
9233.221495339876128128
8994.814277251247403910
8756.407059162622317672
8517.999841073993593454
8279.592622985364869237
8041.185404896737964009
7802.778186808111058781
7564.370968719481425069
7325.963750630855429335
7087.556532542228524107
6849.149314453598890395
6610.742096364971985167
6372.334878276345079939
6489.546232361806687550
6698.821277720131547539
6908.096323078454588540
7117.371368436777629540
7326.646413795103399025
7535.921459153426440025
7745.196504511749481026
7954.471549870075250510
8163.746595228398291511
8373.021640586721332511
8582.296685945044373511
8791.571731303369233501
9000.846776661692274502
9210.121822020015315502
9419.396867378341994481
9628.671912736663216492
9837.946958094988076482
10047.222003453309298493
10256.497048811635977472
10465.772094169959018473
10675.047139528282059473
10884.322184886606919463
11093.597230244929960463
11302.872275603253001464
11512.147320961579680443
11721.422366319900902454
11930.697411678229400422
12139.972457036552441423
12349.247502394875482423
12558.522547753198523424
12767.797593111521564424
12977.072638469846424414
13186.347683828167646425
13395.622729186496144393
13462.525712902159284567
13468.001212590548675507
13473.476712278938066447
13478.952211967329276376
13484.427711655718667316
13489.903211344108058256
13495.378711032499268185
13500.854210720888659125
13506.329710409278050065
13511.805210097667441005
13517.280709786058650934
13522.756209474448041874
13528.231709162837432814
13533.707208851228642743
13539.182708539618033683
13544.658208228007424623
13550.133707916396815563
13555.609207604788025492
13561.084707293177416432
13566.560206981566807372
13572.035706669958017301
13577.511206358347408241
13582.986706046736799181
13588.462205735126190120
13593.937705423517400050
13599.413205111906790989
13604.888704800296181929
13610.364204488687391859
13615.839704177076782798
13621.315203865466173738
13626.790703553855564678
13632.266203242246774607
13637.741702930636165547
13643.217202619025556487
13648.692702307416766416
13654.168201995806157356
