486.890127878996850086
473.504990499019982053
447.778320361399721605
424.448128570930293790
409.174881453380123730
440.358493635868683214
310.363222898211063239
232.809681130877379474
189.519594019583962563
165.625237837141980890
146.897146523051162603
130.729900228338209445
125.131529943819955975
136.852221788896343924
143.721985265012222044
126.710708472317534756
95.699299920547332476
105.761676607177633969
174.122654577407615761
304.296639099971571341
615.755667267372587048
1348.448754695999696196
2643.483309121714228240
1530.024781171579888905
954.298167051419909512
779.920710545051178997
819.472029698515257223
1029.959154230804188046
1447.843688699814720167
2163.263129251614827808
3088.639596234935197572
4294.981014200242498191
5849.420180756738773198
7689.033902931226293731
9668.138620002802781528
11662.503355681150424061
13631.484320246619972750
15513.766983113000605954
17195.960599789104890078
18640.541420243007451063
19859.120413442622520961
21085.740695013730146457
22141.125251784051215509
23008.782130443021742394
23654.939821756186574930
24060.516217598793446086
24256.910247451200120850
24304.275179940414091107
24212.843821620514063397
23957.810484521931357449
23553.156940712706273189
23088.262115611392800929
22538.261126863326353487
21902.527731066300475504
21095.502050870709354058
20042.867757448930206010
18679.962236040439165663
17003.640942859707138268
15100.655829325178274303
13122.038063799975134316
11060.664719608279483509
8853.462088450560258934
6410.179787863494311750
3795.274926440930812532
1223.451681047884449072
2674.901321614381686231
1121.976769989202693978
205.646822392419949210
0.000000000000000000
0.000000000000000000
0.000000000000000000
0.000000000000000000
0.000000000000000000
0.000000000000000000
0.000000000000000000
0.000000000000000000
0.000000000000000000
0.000000000000000000
0.169703463013489819
0.000000000196703987
0.000000000000000000
0.000000000000000000
0.000000000000000000
0.000000000000000000
0.000000000002518618
0.000459532985882585
0.874606940789126264
286.616721936636679402
920.977642724945212649
1849.111920400125427477
2890.889990133558967500
3994.214079965417113272
5082.504847068958952150
6141.108283718795973982
7138.757654824331439158
8033.038246561716732685
8851.676708977447560756
9557.878828974458883749
10090.860312373231863603
10443.041236200997445849
10687.489531333032573457
10864.201519711139553692
11000.474387199476041133
11110.372401514527155086
11109.012900797348265769
10956.578451980922181974
10623.006704122413793812
10149.133243218388088280
9640.497603049043391366
9167.138029237641603686
8718.633435279971308773
8246.171636349858090398
7667.823866653439836227
7813.721577121144946432
7899.702805802239709010
7932.926291878970914695
7902.013920916360802948
7850.376047477739120950
7799.479749958538377541
7747.393545272874689545
7671.950659904036911030
7574.703560853570706968
7442.707995996751378698
7386.968390541659573501
7474.949157194282634009
7445.302396653654795955
7394.334625640339254460
7366.169797498740081210
7346.548968041356602043
7281.673332691034374875
7125.721769488612153509
6872.012105591777071822
6570.374754879743704805
6262.965436334850892308
5988.436900677933408588
5810.506950505433451326
5728.932345286704730825
5667.690111487347166985
5567.554995540788695507
5401.283866896130348323
5167.560578915496989794
4898.233848583160579437
4645.951501223551531439
4453.325678696691284131
4297.813372642423928482
4189.312195041165978182
4123.655435987209784798
4087.838620299919966783
4050.334986841724912665
778.050651800508262568
760.087950309923826353
726.632821867627626489
707.231384836578399700
721.661662779520838740
776.891918836046443175
735.573370984016946750
719.008847571132037046
707.825840999629804173
692.251712132549755552
672.256213261074776710
651.467474995092288736
635.170529324046583497
632.702227734112625512
659.734689337109784901
722.515924504622262248
806.557149531588947866
885.608661968168121348
962.234682761326325817
1081.873533764455942219
1323.917683984811674236
1799.939207334330831145
2599.087480879867143813
1843.171675743681362292
1401.614230862740896555
1190.797797028570130351
1121.285435752429975764
1146.200047460160476476
1278.923790963084684336
1570.924452112742301324
2101.988251083378145267
2886.618058576092607836
3886.995335321045331511
5045.031188401646431885
6299.819504988009612134
7591.220838402563458658
8859.662661263761037844
10065.278465787103414186
11192.328568650602392154
12226.067842147567716893
13153.771375376774813049
13934.258926600456106826
14600.152463137404993176
15161.769929558848161832
15633.897670998519970453
16028.766669713450028212
16348.886716309742041631
16590.010359261661506025
16753.878328687162138522
16845.637430028233211488
16861.609763932898204075
16783.729069538254407234
16611.328359140959946672
16339.197820213939849054
15975.789816043055907357
15527.873350539204693632
15001.406500609784416156
14394.477079124550073175
13695.127250250512588536
12888.927766181081096875
11998.358039769986135070
11068.956785028236481594
10167.326426057585194940
9355.650640749820013298
8697.286485816513959435
7683.763430232037535461
7375.194472227033656964
7413.701419984734457103
7874.007406918711239996
8411.163804923515272094
8903.885025529853010084
9376.844361670953730936
9840.646847415866432129
10296.138799362306599505
10677.667921834474327625
10928.700573967518721474
11072.704320869983348530
11199.742538289730873657
11421.756554911980856559
11844.475137795720002032
12429.746777942600601818
12925.718512455832751584
13139.424944956697800080
13214.770657067580032162
13235.997878796924851486
13276.824547318308759714
13377.089094310411383049
13696.912848408574063797
14213.716915686854918022
14869.175161010101874126
15618.148325173906414420
16403.765037696797662647
17182.687865968724509003
17916.422341929315734887
18581.100632726953335805
19164.961543959780101432
19655.427617343473684741
20054.479990953539527254
20371.306244730938487919
20610.430500095724710263
20767.123866800102405250
20841.858317152764357161
20837.455946630663675023
20758.914457565115299076
20624.119887388111237669
20444.748989477382565383
20230.613352677701186622
19981.808869627548119752
19689.721680739410658134
19350.069295331803004956
18968.603340542802470736
18555.532042620077845640
18124.734969236349570565
18371.904948796349344775
18602.298750070265668910
18818.147160847947816364
19023.260472754187503597
19213.670852955809095874
19387.489919562638533534
19545.142720399657264352
19689.057211829465813935
19818.172196728392009391
19933.011268122372712241
20018.132797880418365821
20063.881335912494250806
20103.186201072254334576
20123.417841414408030687
20119.001771682702383259
20092.243520632146100979
20050.843431813707866240
20001.695547991850617109
19946.827800678503990639
19881.196087328982684994
19801.014381964938365854
19703.330831519906496396
19582.447093740760465153
19441.319040379556099651
19292.895482089392316993
19147.999043162544694496
19013.158106613085692516
18891.228249728843366029
18780.392543658184877131
18675.761308009830827359
18573.440231065458647208
18477.791660402897832682
18389.130126295669469982
18309.626551168781588785
18242.243480892382649472
18191.284299091978027718
4338.613656557056856400
