2222.250606036743192817
2164.714420491762666643
2085.112019677433181641
1987.367348121883651402
1871.755014317963059511
1735.022674181831234819
1724.015723515028412294
1689.980337336679667715
1636.885939902756035735
1569.638129938341535308
1492.921366615108581755
1410.937735708937907475
1327.585037656542226614
1246.660967937837085628
1171.634237104393150730
1104.577193127882310364
1045.219920184392321971
992.409163610483346929
946.046759682736706054
908.272435154541653901
884.157220054969457124
881.894906034179712151
911.698750134321244332
821.750477798578799593
777.823874572885301859
785.603553474703630854
856.584067818082644408
1009.320800062443936440
1267.030123372595198816
1652.674907127646520166
2181.994036391868576175
2855.773246582148658490
3656.201983398055745056
4551.872985112032438337
5506.430807157519666362
6485.037239641656924505
7457.623674845854111481
8399.771806701122841332
9292.370290459335592459
10120.896211799317825353
10874.603239869589742739
11545.734899374036103836
12128.820585425901299459
12620.147371834958903491
13017.345794839387963293
13319.086322159320843639
13524.826913157405215316
13634.573242958869741415
13648.668095488146718708
13567.662695203516705078
13392.249177875821260386
13123.201533699995707138
12761.301536218838009518
12307.386884015477335197
11762.435244785781833343
11127.795172490597906290
10405.532920830833973014
9598.939277978739482933
8713.183571917959852726
7756.109890058251949085
6739.250203871242774767
5679.378874196761898929
4600.400379555662766506
3534.970356571478077967
2524.518413558768770599
1616.229033638509008597
877.151663644645395834
348.639302900363873050
54.001261559925140432
0.000000000000000000
0.000000000000000000
0.000000000000000000
0.000000000000000000
0.000000000000000000
0.000000000000000000
0.000000000000000000
0.000000000000000000
7.374076098916928501
79.187525009719522018
3.006030259363069668
0.000000000000000000
0.000000000000000000
1.133363620855444509
55.275133676731876164
188.521831686997359157
418.441260187942702942
763.604389885396130921
1234.003078761742699498
1824.042461648419703124
2511.692039919465514686
3263.414320864263572730
4041.389160811262172501
4809.979379141343997617
5539.429917973686315236
6207.120965832988986222
6797.341607413244673808
7300.462155927114508813
7711.853215175610785082
8030.990835322028033261
8260.738522092568018707
8406.663099746900115861
8476.362973582754420931
8478.967234297311733826
8424.732609550406777998
8324.697441801417880924
8190.377305549570337462
8033.376640953585592797
7864.958039968925731955
7695.609951132663809403
7534.688586376255443611
7390.137150568185461452
7268.245685640268675343
7173.473147898789648025
7002.218161647097076639
6861.626291824801228358
6751.072512011909566354
6668.571565468136213894
6611.083024812004623527
6574.845961646126852429
6555.674707103991750046
6549.209988697640255850
6551.130540510649552743
6557.331540485326513590
6564.067260541586620093
6568.046483018530125264
6566.488147629327613686
6557.217577437842919608
6538.687359178512451763
6509.977836225020837446
6470.788195908722627792
6421.414050104523084883
6362.696154379164909187
6295.933344470626252587
6222.765998809190023167
6145.052517550736411067
6064.746219746516544546
5983.780615222606684256
5903.970461467712993908
5826.922848451085883426
5753.965200866498889809
5686.102632470519893104
5624.009732776722557901
5568.054882995042135008
5518.346531716414574475
5474.786273794722546882
5437.113869466667892993
5404.944644450900341326
5377.790019060982558585
5355.066386888807755895
2432.439760315788589651
2502.850012903108563478
2575.655241182792906329
2650.647455954719134752
2727.558989863716760738
2806.059763490438854205
2885.755886145217573358
2966.189756897020288307
3046.841787104968716449
3127.133821300146337308
3206.434294149191828183
3284.065140139871800784
3359.310466522334081674
3431.427015633946666640
3499.656477319419991545
3563.239757421384638292
3621.433355076526822813
3673.528035922412982472
3718.869985023070057650
3756.884578091598541505
3787.102795753504778986
3809.190124170675062487
3822.977536571640939655
3651.840115346811671770
3472.814286620963230234
3286.552249903488700511
3093.996234765625558794
2896.392483380647718150
2695.297087033387470001
2492.572449373115887283
2290.373690221137167100
2091.124963158675654995
1897.486360320544008573
1712.312720700296949872
1538.606165547903401603
1379.464491932647661088
1238.027642329655236608
1117.424347321607228878
1020.720749393505911939
950.872416887460190082
910.680698958164271062
902.753895526204928501
929.473255097282390125
992.963411881410934257
1095.066599410459275532
1237.319872779568413534
1420.934586781640064146
1646.777409629931071322
1915.352141821279246869
2226.781606433181423199
2580.788923711538700445
2976.677601315345782496
3413.310049698695365805
3889.084379375162825454
4401.909659138745155360
4949.180236150362361514
5527.750256780341260310
6133.910200236115997541
6763.368037108541102498
7411.238527515193709405
8072.045083697223162744
8739.739404665897382074
9407.744503567206265870
10069.026506577589316294
10716.199381232967425603
11341.664307632145209936
11940.349386646215862129
12505.422855523940597777
13030.382519345659602550
13509.245070583412598353
13936.719048160422971705
14308.346648716476920526
14620.602686718570112134
14870.944062454525919748
15057.809169794600165915
15180.572618247646460077
15239.465467673337116139
15235.474196236687930650
15170.232523449143627658
15532.278687447171250824
15836.963545186925330199
16086.510294111523762695
16283.605243190788314678
16431.371010477072559297
16533.360856886512920028
16593.566493329009972513
16616.426777349315671017
16606.822362263428658480
16570.042506293051701505
16511.714867410322767682
16437.696113729816715932
16353.928703201981988968
16266.275289362867624732
16180.345551893175070290
16101.330483721925702412
16033.856844946791170514
15981.870696666412186460
15948.554786504822914139
15936.280919278107830905
15946.595753710262215463
15980.236799575914119487
16037.174588479088924942
16116.676791725323710125
16217.390186633005214389
16337.436607168236150756
16474.519207515360903926
16626.035439440140180523
16789.193093591438810108
16961.125611124640272465
17139.002732906650635414
17320.132508074544603005
17502.050839445713791065
17682.595177782903192565
17784.196544686368724797
17881.251275380705919815
17972.802059361736610299
18058.288531713995325845
18137.518202475392172346
18210.624084105744259432
18278.012615133196959505
18340.305568576903169742
18398.279452386825141730
18452.805521907019283390
18504.793031904493545881
18555.137821094853279646
18604.677789760775340255
18654.156346032479632413
18704.194460113525565248
18755.271576565082796151
18807.715291630382125732
18861.699388022556377109
18917.249528775795624824
18974.255651457653584657
19032.489866659565450391
19091.628481772011582507
19151.276641313743311912
19210.994032107741077198
19270.320150508177903248
19328.797776060251635499
19385.993534104858554201
19441.514741121889528586
19495.022070862960390514
19546.237922810636518989
19594.950684237130190013
19641.015299351132853189
19684.350707700839848258
19724.934773461114673410
19762.797324552331701852
19798.011899073677341221
4485.313982545141698211
