52.598394611022484924
53.451897990262033034
54.563124293094958261
55.679804810114262636
56.592541031384030248
57.299046310527209869
57.442560776502702424
57.441073548633845292
57.717102201822648055
58.436884357188169759
59.560736089198911714
60.867284515805025080
62.127202918875475746
63.154721085916513346
63.474199793588731211
62.819428717561855535
61.574325682688325401
60.694917496827372361
60.308745042023197414
59.748431095469499041
58.837293844263143683
57.980747989101800499
57.193033044775773988
56.394079077714593495
55.407899471030290783
53.992135847692921402
51.784923375054802364
48.905517020884701651
45.120410228956998822
39.972698485527288881
32.846190492480630496
24.178631841496468269
15.058963460319006344
6.393610324675151446
-1.924441818335893117
-9.788500882318061258
-16.686023813399557980
-22.610277397721233683
-28.318155091452467786
-33.899052573323643855
-38.987601727105158034
-42.969974054158456056
-45.907087052728712706
-48.002271205817891087
-49.782220295372042074
-51.585994613816012588
-53.155318739993845156
-53.927526398087223924
-53.832338437741384496
-53.090803036691056604
-51.471315457996553278
-48.114903816125604408
-43.134874443629740881
-36.588074982434250160
-29.302436792540390798
-22.107766684657605083
-15.686573301208312614
-10.008652166114444526
-4.136563302424406174
3.137508615226721531
11.397455747689832606
19.388855785228940931
25.593060824271532283
29.848534401246467951
33.166688529734813073
36.797305144663226883
40.856142584238000381
44.812570842777489588
48.098327040956547762
50.563997021400155063
52.280003870812606692
53.333716909105419290
53.850704994137373660
54.094293956840772353
54.563087676307759466
55.561798592217371606
56.803880025591581671
57.503536696444598419
56.894175833767206996
54.668907955744913352
51.306875215223499254
48.167455033190321956
46.172310071280179500
44.936359571327130880
43.649251394530665493
41.519057884424199756
38.043758679146975510
33.275679928396669993
27.681857554882185468
21.736901861392823321
15.711581986456735649
9.904623606559056270
4.500996016750463014
-0.386128962195982695
-4.712635539921649297
-8.444002415020378294
-11.514279843705935491
-14.041738120398434830
-16.242063121081059762
-18.137987565903813447
-19.508246374009274859
-20.153844015706226855
-20.028922621861227071
-19.330621470689493435
-18.533755305309227879
-18.084173965249249250
-18.191481648615649647
-18.686793485482382948
-19.153326150219072588
-19.297825840640200568
-19.161570403411758434
-19.054254864763834121
-19.358376855391099980
-20.232545686833987020
-21.537252970367433136
-23.147930141159406503
-24.976483591599901501
-26.879735275829830243
-28.749069126810013586
-30.563437965918467398
-32.340372940655981893
-34.043189062300541536
-35.517400010777464558
-36.511371793025659827
-37.019214463992966557
-37.329304679955271240
-37.487617897862492100
-37.423946539236624176
-37.202088613923137927
-37.013419606752734126
-37.029406430840708708
-37.265125098935300230
-37.564170683291763453
-37.700806697130360590
-37.456494390902889791
-36.693271835031680439
-35.474410449130743928
-34.061624975673112203
-32.753094938991296203
-31.743725636296403536
-31.071491715754291363
-30.627270348256558918
-30.233288827795036013
-29.761872314460902089
-29.188923403868670903
-28.533151882634513186
-27.843931574150360575
-27.206519460167214675
-26.712791030910580048
