53.048940407741824288
53.731059894156580015
54.728654571465852996
55.784139557119488018
56.621517389008737098
57.236868150705056735
57.476201139889923297
57.689151076068519330
58.182107238148404349
58.980638387049218352
59.934559874387012712
60.921654492749937049
61.880124574848842656
62.704582187184975339
62.992227032959888788
62.497361629963698704
61.463783746479613512
60.610818836066385984
60.033359173702564249
59.312128234706683827
58.546489643073506670
58.057795625436526166
57.508837449494059513
56.625722225058034098
55.499560455188003516
54.005335508496600028
51.776521762639013957
48.916332010769266958
45.180047941274210643
40.022985899929864217
32.668375552075048063
23.715191805690992055
14.497206320670102286
5.988530963482745051
-2.019693756685171593
-9.576033903152875837
-16.274328744858124196
-22.133978373844840348
-27.884806592218581045
-33.573109650644596513
-38.796270373832555833
-42.915339992959388837
-45.976635184907678422
-48.175814858824509201
-50.035755058055514155
-51.893526071766956420
-53.489542874214066615
-54.259952412351907469
-54.133225057546155767
-53.329158668270025601
-51.615174066585836954
-48.132115897360336021
-42.994739536297231552
-36.264284437640412762
-28.777962485772860646
-21.382392147567031770
-14.787330737695924654
-9.001687959741360601
-3.135069972770025970
3.979271447269951523
11.913017518999112099
19.448648542779068293
25.158965318197715533
29.015732851438741591
32.163927097261876042
35.903182925373272383
40.229640676302125257
44.394584686233486082
47.756877674124552868
50.256322349398459437
52.016999277009659863
53.127891990299190184
53.711948158803551223
54.035373701542368963
54.606898059636790776
55.752760580780915234
57.219938939653161469
58.218222585158855509
57.786774683781999329
55.396602925983671639
51.710125465855213633
48.302325243591951676
46.120559237953187903
44.748563817454595437
43.353949258624879803
41.127290052011488797
37.513448962704416090
32.478086567186608136
26.537206234955874606
20.417524319502263097
14.577849453212678554
9.269347375993220339
4.495419931009735137
0.197159117293239206
-3.697913270311659062
-7.211564916631118649
-10.267732315110350783
-12.924574756993365554
-15.324755510038471584
-17.434682674175917327
-19.003824156713392313
-19.827524135731039223
-19.868042381786494843
-19.332840619323860665
-18.699790888816892220
-18.406983701567298795
-18.649157874113143407
-19.243218204955610418
-19.764967277417781588
-19.921706844468587860
-19.760617228148191771
-19.599571164876749663
-19.830070965055540455
-20.620375864297216140
-21.840803935856740736
-23.375287898816509369
-25.141115747433786964
-26.996324577267387212
-28.829474183366983198
-30.613977028637123112
-32.361378524094050135
-34.031064198017190847
-35.468271368823991452
-36.424486313282500305
-36.898496435193010257
-37.182987001848857744
-37.326729786567625524
-37.260130933670325248
-37.045298789325613598
-36.870437161604229459
-36.903754526608167907
-37.158085562945132097
-37.476083167625915848
-37.631914991954431571
-37.407043023618598454
-36.662981716889191830
-35.461766194417236875
-34.063525644523110714
-32.765169073302843117
-31.761164067383901966
-31.090045830176336494
-30.644109839589134481
-30.247467982930686503
-29.774260925682312973
-29.201727318106975417
-28.549276519709565036
-27.866238555268239452
-27.236940792906125353
-26.751579941300462906
