52.716222486292735994
53.449325413848903565
54.466537697339511226
55.510463147857890931
56.360193532646945869
57.072641369096359654
57.387448742249667077
57.625818637302216985
58.090307624409824427
58.810491081241451639
59.660783381422383798
60.589653143879921515
61.651429445002378316
62.766314602200409922
63.302617619287481432
62.822060727092406296
61.688599312220837589
60.789726898751645479
60.254508562989336440
59.607962842708573703
58.803285385195479762
58.135905204061273821
57.463781851566821501
56.536795044770357777
55.420029260692935225
53.979714733079404709
51.735176794335224315
48.836257798914964212
45.105880956178253882
40.077679514851993758
33.030873422218434143
24.364537388386438010
15.193857651920964713
6.464398223944058941
-1.906046936946779624
-9.807208292076012413
-16.735395445742497600
-22.690677564699228697
-28.428489173336402018
-34.032987242786390425
-39.135315388993006991
-43.121271849983457969
-46.053395211438441947
-48.137311637989597557
-49.901877284778180410
-51.687821970064760535
-53.237951947691612986
-53.990130179755539075
-53.874144959749173722
-53.110763406617479632
-51.467881786163900415
-48.085970802323799944
-43.077933677246875277
-36.500670975544380781
-29.183058702688100539
-21.957346252677581333
-15.510720330356917884
-9.820453232598225668
-3.958822646475596230
3.273499179574855589
11.460576353445134146
19.363969341292715853
25.494057836539781192
29.716132519082378849
33.048024468646985952
36.712848562967280941
40.773019769852993477
44.667197652212678349
47.866019895181949551
50.276791395951391905
51.981978278286192108
53.057795832895322974
53.621635794150705578
53.935839744116776728
54.506495306990245808
55.658173708933986745
57.136876953093747034
58.151887283282974295
57.742191372597545751
55.378901277060407438
51.724856311884963134
48.355893847444917810
46.220830722241885269
44.905659056240665450
43.581734398280786991
41.451012326584987022
38.000374767267771858
33.255671534522093680
27.664166954665574849
21.702549579301461335
15.658316770290213071
9.847566492901364654
4.461160922084445701
-0.397402529834465668
-4.699644187327493228
-8.419205634376311309
-11.488593165088389014
-14.020822533995556114
-16.227238699533614863
-18.128435934890831049
-19.502959036627316891
-20.152977355375014668
-20.034560379856827694
-19.346952487506257512
-18.566626520234592590
-18.139964566756418662
-18.275277575196582802
-18.799976628408501256
-19.291093493131086234
-19.447727136449998397
-19.304163060019561726
-19.166010379304509570
-19.415854346529442864
-20.216459970083690223
-21.435439049065280415
-22.956951482900819883
-24.702297391810020599
-26.538071106849088210
-28.365918888436965517
-30.175400104863058459
-31.993667103454527023
-33.789384109154696034
-35.404403705461390928
-36.570963070633865755
-37.255932342981111560
-37.716251270606051094
-37.971612802663912589
-37.938259843638604707
-37.681943530915361862
-37.408707469298235537
-37.311187606208704892
-37.425973105175671662
-37.614592804044150398
-37.663924868417495873
-37.362099426583370132
-36.571735636393952973
-35.351241020719669450
-33.953968555558276421
-32.669055070115007311
-31.684095645019453968
-31.032655927735561363
-30.604045570776634122
-30.220849215551879752
-29.756413197187498554
-29.187384021346645113
-28.532670882557056302
-27.841514990798145845
-27.199181465856042905
-26.698147129171559300
