52.307432811636161318
53.152004569083501906
54.374904207269878498
55.668183132410973712
56.762009698978857841
57.528870151751881679
57.443770101600662770
57.371141977061753892
57.815594261842676360
58.718103449176801689
59.828771386480639194
60.980747482064529663
62.104412102875713231
63.063394579426457653
63.378041689440564710
62.771554781927129341
61.594067774245267799
60.745279155324176656
60.332011455109658016
59.676857545213458422
58.559075253681101003
57.337873770472242541
56.063809909042646495
55.595062189834948185
54.898361978799584904
53.760948289223229324
51.666725392678280571
48.768492921109626081
45.046054312843011758
40.239246713011688428
33.617606557432722525
25.222429754871754426
15.969398986815207309
6.942900558455519899
-1.768043674774347096
-9.953137738354087105
-17.049979430542308023
-23.047592723967227357
-28.737408327392799379
-34.257781025185451540
-39.282187458073721587
-43.216637370148362152
-46.126686618422482411
-48.212240749773272341
-49.993757489250853610
-51.803911988084905715
-53.378912736316948440
-54.151717772228835202
-54.048825268515798825
-53.289176237202838138
-51.640168472198354266
-48.243004457131604568
-43.212487482104620540
-36.608526286963098073
-29.263955400504812587
-22.015440848125081175
-15.553781647586134795
-9.856579626178358922
-3.990004937869542800
3.258200818032491952
11.483540226462650935
19.441435610623386765
25.613400759431385723
29.836751074125089644
33.132321554147011966
36.749846400252096146
40.767115247753253016
44.623822473432340985
47.815583083748578019
50.290757011784904762
52.124035717497207543
53.354442973368321645
54.064569900232214650
54.485053775063477133
55.084935408643701749
56.135584923187536788
57.322758014438761620
57.903353043276439394
57.216631473519953488
54.996535468515332923
51.728905296115783585
48.663185128898305720
46.603663635110336827
45.207850521854510362
43.764887972125620763
41.531012842233479887
38.000338547428555103
33.212570432507817486
27.644266805701136036
21.764369137240805685
15.799067493508744064
9.994457147112257189
4.524527889129814184
-0.453899156099652146
-4.843610142296654431
-8.588747554969472731
-11.631186876729231017
-14.106960620457073219
-16.248532489186004568
-18.092273647219315080
-19.428017188407864069
-20.065202334336220247
-19.961869842126475305
-19.311593331135782137
-18.576314789893672241
-18.181304174817171315
-18.313436175201502465
-18.786302310955022676
-19.176587350167039858
-19.197423396992917333
-18.907310618960934789
-18.639504458639351014
-18.801774682004179340
-19.576328312691657629
-20.842749306427435840
-22.487655074043289005
-24.423145368355619667
-26.494546926007330967
-28.572434279405172219
-30.609767078039055832
-32.597069281843630506
-34.473345450138936030
-36.066382957662995068
-37.117414799428388505
-37.625799390846339065
-37.894600296550947860
-37.988090428076588978
-37.853900026630185494
-37.571892754977511686
-37.346346329718755896
-37.355281959451588136
-37.610427926228112483
-37.940998964297591556
-38.099019035741662265
-37.843354259214152080
-37.022819371401055832
-35.704163417419692905
-34.169019355830698714
-32.743189146470967898
-31.644658172978779476
-30.920637682064068485
-30.454860837772685045
-30.050666757503051940
-29.558746534323688593
-28.939087759831124913
-28.204690153545243447
-27.409696851759804304
-26.651315475738158511
-26.034806166287069118
