168.410108727447180854
45.707001519346135865
23.350331160772444861
18.443626355109177695
16.991438421731842823
16.260878450638088566
15.848796118397725508
15.598648317959957765
15.418696868417629986
15.288274142963457436
15.177076199135621337
15.090704824188765798
15.020360708491176993
14.958382213118193604
14.901744640158764099
14.848967438538133834
14.800959404584451917
14.757331920295706951
14.717252990339288132
14.680307746914529332
14.646232073712607047
14.614782281607421766
14.585789576741913010
14.559102878103137968
14.534549443711776817
14.511992365565392404
14.491293950842598193
14.472319329420137990
14.454891811561177306
14.438719729870255648
14.422377086928547030
14.401355125529327950
14.379410478745427326
14.347268984404596637
14.324733060860321388
14.303901152431727439
14.284694651063119863
14.275037334494095731
14.154059873999838004
14.130726083460643849
14.122741659356378818
14.119832113676817897
