52.451211722170128837
53.385346270353096543
54.630507784677753591
55.926582408958900317
56.992698210370910772
57.724426824477625075
57.836207327361996988
57.845418468486165864
58.197190781791050540
58.933207079162500008
59.877504709198611010
60.883052925294897761
61.877609918760349217
62.746406998761663942
63.057979555478098632
62.549553100274891904
61.503540447708530792
60.729389256853039569
60.340705488686097624
59.794281595680210728
59.017720853617461785
58.426153842512199788
57.837769622437413375
56.848317210907943320
55.565245805210224717
53.987340496969935089
51.686977601488408141
48.717926888504663907
44.868684981875205153
39.721003876445024616
32.542851168612017432
23.620292104062770022
14.125606049781325169
5.120077728597351552
-3.415841623795614623
-11.338419489881289337
-18.123431318074693763
-23.782746838220191421
-29.122146719882778143
-34.289074670473240758
-38.962900145524884010
-42.553960747191240443
-45.131874471980893304
-46.901533095011217256
-48.390368277032393962
-49.940708397215757941
-51.301304625867032883
-51.920370913722251771
-51.741927103729807413
-51.003979623587497372
-49.493400676741856614
-46.369503262636726504
-41.761187321793300953
-35.734766988370466834
-29.117164607121054587
-22.721716343065594401
-17.193930769930091174
-12.441832104813585147
-7.439690230559477868
-0.868982359402338034
6.972229514571694153
14.926603496681593697
21.519369835757004239
26.558693813991112620
30.938074680378093717
35.694036626083430974
40.714791180407928550
45.433695571965273530
49.449383938147917661
52.625065127911113905
54.837973518203028789
56.112459541713974431
56.625330608356506445
56.678146299923042761
56.768726214424788168
57.181599314747671770
57.703759208203706521
57.790520894920263117
56.815654963606618821
54.435780272850792016
51.156456858118076525
48.215609900058012727
46.326683350168508468
45.050150008030868776
43.606205377935424394
41.218989377119356732
37.400648847232218941
32.306068775093393697
26.623509533909100355
20.966913993868615762
15.494004468350198067
10.242143165174269370
5.201126071743999546
0.447475173038640150
-3.906502898408348301
-7.737433388422232383
-10.912294888418017536
-13.513274262974022122
-15.748404949297651001
-17.654561830481270590
-19.037148401988929436
-19.725309367381157699
-19.691772549707820872
-19.134891725915963434
-18.511947453212144410
-18.238468943506973119
-18.491647480513393020
-19.078630674112616816
-19.573063649507616901
-19.686346376539063385
-19.474112029186244399
-19.264530260676224316
-19.458678994285662611
-20.231990020922921758
-21.458900508969634302
-23.024244519370540729
-24.843192696034464007
-26.769476529714893331
-28.686403494464229880
-30.562101739346189788
-32.402937237086803179
-34.162918723127688736
-35.681789261818835257
-36.706362909070378464
-37.232765371420668998
-37.553283900661540429
-37.717850850615661784
-37.658998080377671158
-37.441698529621021407
-37.257301648870509325
-37.276562570766145654
-37.513390323806220295
-37.809688027121239884
-37.937470365829824459
-37.675820249144919671
-36.885295809141894097
-35.629748216262385085
-34.173910212989255797
-32.820475797832102671
-31.768505584371439454
-31.057941766767896752
-30.578465695057730045
-30.148261643764612927
-29.634233791373219447
-29.007350579011188074
-28.283372982322759981
-27.511527105922993997
-26.779586326585103961
-26.183474076665788743
