22034.376639931651880033
22034.376639931651880033
2782.059326198208964342
2264.451330247040914401
483.345095038810654842
377.597615879687623419
364.863654691690157961
356.122044364465921262
348.230858769992778434
340.820820208334680501
331.974130102027402245
306.157193787807500485
192.545307394919177568
183.809122053072940162
180.609872695316084901
177.909751613328324993
175.871426207521949436
174.425130295442841089
168.833539680233485569
167.124659909719497364
166.525403362288244580
166.319740569131965913
166.213225859572901300
166.201426657530049624
166.192772171206883058
166.184457773426913718
166.120341988509437670
166.113572679267633703
166.107972608571571982
166.102565679413146427
166.060291714852212408
166.056444821046966354
166.052894620733979991
166.049478788632825399
166.022305905230297185
166.019982208256124068
166.017756932587076335
166.015626346589925788
165.998375974744078576
165.996684836912379524
165.995307568842974888
165.993804625168451139
165.982823143335906479
165.981525336280242300
165.979610087873595603
