52.334684373677959002
53.192040351885403027
54.276702455182906704
55.192826101256727611
55.663788705488023822
55.951244457746525995
56.507766880785290198
57.156250810588872469
57.929008644627593583
58.863777984412934074
59.883025743949289676
60.910372094899287276
61.886224810947872754
62.693931370116857238
62.980268195411376553
62.566029962949841092
61.703588503121139297
60.912818743584040249
60.456326691792583006
60.016993480366124913
59.477281239037964156
58.770683841420819249
57.407098022710265184
55.878266023441526045
54.735660049123502802
53.429707390118551302
51.285207869663686608
48.255656405052846480
44.139360850506790257
38.685956062645971087
31.480877745049795635
23.038208011422113941
14.524896433356531134
6.719978491511710672
-0.750142715195124765
-7.982316750584246279
-14.542002078241068830
-20.419306174279441279
-26.330836086989336309
-32.302697757309459803
-37.891690807724700107
-42.407448843747800993
-45.849582746843282166
-48.379696911593782715
-50.499340163538818160
-52.533814642524760075
-54.218087656613505487
-54.986939860746957720
-54.770364000582844710
-53.792212088521239366
-51.826794149034952852
-48.025557713600363741
-42.518989996978007184
-35.391021431849054579
-27.510294401129954167
-19.764123140372021226
-12.909334839020630170
-6.999873577723349172
-1.175877190082076140
5.721050710565179998
13.267577887480996424
20.241013940838257668
25.187370632377820812
28.072401368107932740
30.177225568835694958
33.191089914645885983
37.567529445831752355
42.516613649584769519
46.778291680969061872
49.917183005894713688
52.057805310439420055
53.372297083797690220
54.047232415645083847
54.387622955005156200
54.924942005446638404
55.998962010728462246
57.365122486827999637
58.238959223631383111
57.663921743985127932
55.114343469562044220
51.254839481924165057
47.660479245183353214
45.274357656468168898
43.667338963497059012
41.979318353853585677
39.360313814844516855
35.268149017800880074
29.920982778081082643
24.219225107083815374
18.855797515785695850
13.912476511881067154
9.351369285201940329
5.117923536871842316
1.223340178858364879
-2.333763174258820072
-5.561783993948523630
-8.421533270732226129
-11.017086939544896040
-13.510982035481276853
-15.854855940111661994
-17.758981184626236427
-18.968777808826473574
-19.395827703295424271
-19.202823889058834084
-18.833977408916155127
-18.708495813514502970
-19.017991269987078340
-19.590121150767856761
-20.021655032529963592
-20.046698970117233785
-19.740574877342510263
-19.446432041172727168
-19.574610409506192354
-20.303231043699156544
-21.502955021391983337
-23.050716317562944369
-24.853320872106621664
-26.758195503656111214
-28.644865534614154967
-30.479950291161401310
-32.271098424213050748
-33.977356996571131731
-35.446769824173600227
-36.434364409959357545
-36.940231585944786730
-37.255811367779756438
-37.428068008639911568
-37.385548588427184313
-37.187258921538443701
-37.017039810805215438
-37.039616307667756701
-37.267978092127748369
-37.549997521476086604
-37.669318061847491208
-37.418127850719486105
-36.665226513782783968
-35.472196239766276449
-34.090589232018771781
-32.805056233218920170
-31.800163268494202384
-31.111056136579009035
-30.634064154114980738
-30.202340368366947132
-29.699641579316050866
-29.110003977551969001
-28.456047936936386122
-27.786969094533503721
-27.184159786726468155
-26.733582537956237957
