46.486036446108627729
22.768827339351830119
18.765063281289894093
17.351551663740785614
16.622542810748839770
16.240097629738581730
16.038596589002672488
15.926163557856977349
15.835967391228592760
15.778447682126770957
15.745837269898519395
15.699994450434816784
15.669196022570448079
15.647186652833534382
15.599900274134194333
15.576846543468084505
15.544253244830713356
15.496082480016710292
15.474653788333014859
15.426676755568886179
15.363344287556492063
15.322188374064277028
15.298202533240692347
15.241033569348697796
15.196002493439936032
15.173718715580690741
15.157936558059470045
15.146482861748818749
15.119865408421874875
15.061063261894606313
14.966206532739192880
14.862258775119990162
14.813508327467177494
14.795683504931039565
14.789514194554108428
14.782327787867115987
14.774812373237534047
14.769662822695545756
14.765418075193423419
14.759597514011032260
14.752508741675208981
14.746301838447056554
14.741442732455356079
14.736965384537368706
14.732734162983106785
14.728889766626101832
14.721782102316790741
14.714122432497473980
14.712433551768752338
