2110.934567456627064530
2106.070948034073808230
2065.391214757914440270
1975.973104477386868894
1820.749242462116626484
1611.878157980338528432
1622.770154946543243568
1593.702189653552750315
1544.352423902795408139
1487.818812631484206577
1425.398516164834063602
1362.664169551470877195
1311.842163127022558911
1279.386900974961690736
1238.973590984295469752
1171.800683625034935176
1097.158958664319698073
1081.814713640269474126
1132.974025911530588928
1196.809823904099857828
1171.262734101967680544
1111.115569579153316226
1112.549414453641929867
1130.178400099540567680
1139.713437327169231139
1212.983023620842232049
1285.480536112948811933
1377.848246933722975882
1508.276244539353456275
1704.995507222719197671
2222.707737782684489503
3228.600974410040635121
4775.238895933144704031
6724.662907828655988851
7596.601302825523816864
7974.312817190717396443
8387.300670848677327740
10042.826070540730142966
11979.246814751249985420
13687.868003831034002360
15167.459402855905864271
16425.785037440680753207
17474.279965425645059440
18325.441232725162990391
18991.425872789277491393
19483.279492226625734475
19810.418146848671312910
19980.227926790288620396
19997.758515609108144417
19865.495749427755072247
19583.164737617069476983
19147.524346091217012145
18552.090785335440159542
17786.898740534747048514
16838.249043807812995510
15688.663397447375245974
14317.135679001103198971
12699.993397903241202584
10812.782299009508278687
8672.486857489388057729
7950.406700340570750996
7634.405415745634854829
7095.675694307141384343
6189.778597044124580862
3817.031024866404550266
1779.332885116564057171
495.945570340245296848
1.996814237470876607
0.000000000000000000
0.000000000000000000
0.000000000000000000
0.000000000000000000
0.000000000000000000
0.000000000000000000
0.000000000000000000
0.000000000000000000
0.000000000000000000
0.000000000000000000
0.000000000000000026
0.000000000000000000
0.000000000000000000
0.000000000000000000
0.000000000000000000
0.000000000000000000
0.000000000000000000
0.000000000000000000
0.001280352530715563
236.082124518349075970
1155.898999310485123715
2773.205637549056518765
4352.690824659628560767
4707.336104534830155899
4969.451901726471078291
5245.230003032830609300
5624.856310271186885075
6536.652945438393544464
7755.694334318508481374
8693.066926736390087171
9273.192341957517783158
9521.776410231213958468
9481.467797621387944673
9207.986131725006998749
8798.845245459908255725
8437.120937815190700348
8201.337738897125746007
7997.224637421531951986
7729.718186653361954086
7412.681477296382581699
7144.759793276200980472
6996.300491802692704368
6958.607200174204081122
6983.868561009408949758
6989.760566025630396325
6782.858650769992891583
6595.164349949357529113
6426.801560706840973580
6258.047531565396639053
6123.009870230321212148
6033.439026596886833431
5977.867381658755220997
5925.399390656751165807
5869.940287087616525241
5792.087440497966781550
5796.608334843833290506
5945.675806488906346203
5976.498964914499993029
5982.723468547432275955
6007.534674538644139830
6037.161883791671243671
6018.860716087833679921
5907.648234388933815353
5697.210355977947983774
5437.319511610325207585
5170.035873382450517965
4933.995803704184254457
4793.005428812521131476
4747.083096516419573163
4720.361637904894450912
4653.589572758309259370
4519.521247623491944978
4316.938545848033754737
4077.796705506124908425
3854.777489270839396340
3690.515167270929850929
3562.617137824639030441
3481.285451542903956579
3442.740578902818924689
3434.241633409004862187
3424.165273803525906260
3464.098290959366750030
3455.386530347498592164
3416.881152981416107650
3363.123157936510779109
3300.269757977135213878
3219.366221888795280393
3267.597731985668360721
3285.759461409019422717
3277.140738570312350930
3248.677480349711913732
3209.571856303648019093
3168.343015754788211780
3132.879983495593933185
3112.494064093941233295
3120.128353539103500225
3161.428731214912204450
3227.616549478118486149
3299.702333030745194264
3374.049675956889132067
3463.540790335871861316
3587.701363747873983812
3734.680086977828068484
3881.266353620686459180
3967.374112613813849748
4053.055724162940350652
4126.677492227589027607
4201.791040472758140822
4279.272107036191300722
4361.461618581384755089
4455.422415358859325352
4544.889512965133690159
4633.926140258585292031
4725.400964260490582092
4823.961243598271721567
5137.288576963376726781
5550.851007361554366071
5960.391027361834858311
6155.139452315463131526
6279.692118903521986795
6413.202678244097114657
6556.587768066617172735
6710.671481001098072738
6876.181773376481942250
7053.740252431441149383
7243.857507819885540812
7446.933341292549812351
7663.260730925077950815
7893.031976648167983512
8136.345234117734435131
8393.209576140339777339
8663.546829684783006087
8947.188725951564265415
9243.868363808420326677
9553.205612236315573682
9874.686836251483327942
10207.640184442620011396
10551.208561759483927744
10904.323238338871306041
11265.678082834490851383
11627.570193474992265692
11719.455470281011002953
11714.150587372796508134
11730.790225946129794465
11814.221562710908983718
12164.327892079470984754
12527.904365689169935649
12883.396415515942862839
13228.772547338570802822
13562.157233211437414866
13881.864968133380898507
14186.431421697727273568
14474.631771485752324224
14745.486930745184508851
14998.259241344881957048
15232.439604169025187730
15447.728121341822770773
15644.010330692697607446
15821.331168426771910163
15979.868943671959641506
16119.911794145491512609
16241.839201347989728674
16346.111035063890085439
16433.266144189477927284
16503.931599513631226728
16558.842274347676720936
16598.868559230657410808
16625.047847552606981480
16638.613402871171274455
16641.014768028711841907
16634.430571565655554878
16691.597983344781823689
16937.141704079615010414
17204.510618653803248890
17457.409604617627337575
17664.171904587943572551
17755.893214588799310150
17757.546404875425650971
17748.069468081361264922
17742.121362002613750519
17741.570949238048342522
17746.107597704300133046
17753.769240096527937567
17757.435824378135293955
17739.448422413701337064
17696.122004177028429694
17646.316919591070472961
17609.166876840616168920
17589.986022384542593500
17583.318226563067582902
17587.097876110710785724
17608.565481899724545656
17658.573701143155631144
17750.594568718996015377
17787.680735651636496186
17862.587860976320371265
17972.779611516973091057
18116.158075938281399431
18282.009444926017749822
18461.184770540035970043
18646.833297858262085356
18834.592391694954130799
19017.496185902724391781
19191.282885491713386727
19337.048390688978543039
19442.947380732290184824
19540.512139433187257964
19616.674082842971984064
19665.808996554664190626
19690.364166453848156380
19698.248183975498250220
19696.552528094129229430
19687.428970199242030503
19665.851173309685691493
19627.927263666108046891
19570.534310870614717714
19487.832853691412310582
19382.759363021410536021
19268.421230186002503615
19155.909957890438818140
19052.014379795120476047
18959.766551822027395247
18877.429406795850809431
18800.137710441918898141
18724.046678938018885674
18653.687697883568034740
18589.698297482842463069
18534.709820089385175379
18492.152117425659525907
18466.557878731135133421
3483.429783931835572730
