53.833511905273368825
58.541477893612913874
61.234925070309735418
62.034433085902428218
62.094465351568061351
62.131555539235755248
62.361259469087286789
62.772970430857967017
63.423626137728923879
64.307208260980544878
65.304204151770093745
66.335008429609871428
67.364076547244039261
68.256199951126887981
68.517570825757445618
67.859935665465116017
66.629506239898518061
65.739041974243534128
65.325130858866458539
64.778600299841770038
63.950653700152003012
63.217219586177677115
62.495898529220497153
61.544858046805401841
60.428826478449934712
59.061323157475527523
56.970337158952148116
54.225686410499676526
50.693195959535131578
46.088262318727402089
39.670250910192748961
31.288029352886567835
21.753453800619070080
12.340527620512517615
3.475912510003723810
-4.402128844070176683
-10.673145051551557572
-15.375905452656184025
-19.408299532202505588
-23.042093325085176048
-26.090575366307575678
-28.091121327951526609
-29.222808654714981458
-29.777198327574325276
-30.344655342786523988
-31.308248883023992448
-32.437698068262761808
-33.184673145471066391
-33.480805275302003565
-33.536938473947429884
-33.098749259798694311
-31.271140656899433452
-28.116747513625654165
-23.626084726642631040
-18.544321301928022194
-13.602089611283929571
-9.367885402185180510
-5.687413719286382729
-1.500566254489228868
4.496757264086681971
11.911441455660593647
19.370878623699297805
25.044096304988471502
28.304204327945654995
29.735260127875477565
30.480988698470554255
31.003945235688348703
31.368241459613585675
31.499666766653575678
31.380544024566262351
30.984927322440768194
30.296044775482329214
29.382799106665117961
28.484151658190000944
28.094403650767446834
28.531787449467145734
29.538786992803863996
30.322958197086194332
29.923179827442197620
27.812534403682633410
24.659071524768563677
22.049302989237304473
20.952299414844077319
20.991484950385228103
21.405766080932579598
21.507007317549579284
20.899838830922192301
19.573944652850201464
17.590670925956402471
14.777682665569358278
10.907925980231993890
6.236559244257563250
1.284008961653938741
-3.415611464525341034
-7.533344393269146622
-10.933061756011085208
-13.566334747915902881
-15.612573930141394385
-17.349769699328277284
-18.848636715676377662
-19.917659560468734981
-20.368910708188423087
-20.149737565221357727
-19.434861401062676123
-18.665270621928186756
-18.247920942811560963
-18.356332621577280406
-18.796374490605217034
-19.143163632308926481
-19.115359324199744151
-18.784394179440596417
-18.501498680147903997
-18.691226061082318211
-19.543418945346331839
-20.931911581591975846
-22.727065309169176999
-24.821398704566661308
-27.043574115388025803
-29.253245415570916066
-31.398113980119092048
-33.467602852223137688
-35.402100849503369773
-37.032092496590394148
-38.102245701327547067
-38.615872658026319186
-38.880357153133616066
-38.964383896307879240
-38.819585103989254549
-38.528722118921905349
-38.297241736938872236
-38.302390550934831026
-38.553515390291806852
-38.876632971287165219
-39.020805106599880219
-38.743245953016128169
-37.893205234609865784
-36.540264289067124537
-34.971361295146607517
-33.520320240212299723
-32.416504429084852745
-31.722640212287728900
-31.341220621801824109
-31.090070714581884204
-30.808526155639242461
-30.381167365607666397
-29.645949889890459872
-28.409414768304088739
-26.616914499314930254
-24.556880231161358097
