51.625602942124622530
52.807249091938714969
54.273010718485402037
55.721787247679330335
56.975836845214487880
57.840797502181793277
57.561963687870765227
57.308202711962380249
57.702997894488539998
58.632802559160545286
59.788805411693914493
60.979399251350805855
62.137891608761762541
63.128598239170969464
63.448940822927426098
62.804341138261918331
61.564727648867908272
60.682463355582555664
60.289488817460963332
59.732233559976549486
58.859812070148947782
58.096391172438167416
57.374677014940381525
56.478587450483082932
55.408207727783036489
54.007076561325511932
51.764424888250331946
48.813227575915917100
44.994528868643925534
39.925294328895034823
33.040936789767172854
24.677740579721898939
15.746786377176917426
7.046387206109059775
-1.519122612419224083
-9.741084772409607240
-16.978036587610120023
-23.132752158604688475
-28.937518111775972329
-34.505354972952829939
-39.510887694318768126
-43.376166917169740600
-46.187486550983322786
-48.163870274004295879
-49.840739164362588554
-51.561381906531892128
-53.069000336101055382
-53.800773894700853361
-53.685317827304032789
-52.942017073630580626
-51.337251508120999688
-48.009753006729198432
-43.070209811641802844
-36.572375195950456828
-29.340327927588731427
-22.198850631121189281
-15.823782251333057047
-10.176369275459251185
-4.309533076780098781
2.992183413830645122
11.312542906272909704
19.384219510619459470
25.664943292852370860
29.968500213478733940
33.291652129430616469
36.888538523060987018
40.901841304748302264
44.835761754591914041
48.130765468915370775
50.616407101789491207
52.350426363282991815
53.419250665321186489
53.948477480105935911
54.200143249552581892
54.669941453616416993
55.657626906338919071
56.872493983229958303
57.540523011368463813
56.920327714417368270
54.710839748265698290
51.383457710409089714
48.271142976241151246
46.280707634576515375
45.025778600738448176
43.696247352748542880
41.515156861631908214
38.018111485122517479
33.284109195354318445
27.771694856797495277
21.909501535100957881
15.913768410256153629
10.056366965521704060
4.537636863305976931
-0.480799726254304005
-4.903054460360863231
-8.671869641666802409
-11.731195746324942775
-14.222620547910423738
-16.382896995932895834
-18.248397231648596062
-19.604224044682496242
-20.251833422053266531
-20.141073458077357827
-19.460971335716124031
-18.675477553823554899
-18.218473557000265828
-18.288907696445278361
-18.711316334201740119
-19.068461668903296413
-19.072976080456442105
-18.776580011166799977
-18.501806932294698527
-18.646609301360911104
-19.390425668567104367
-20.620176069150488729
-22.236549856828901284
-24.165273283766168788
-26.259312776312469850
-28.389449687760929919
-30.502854874377078431
-32.580536525529566916
-34.550458360400455149
-36.230069000241996946
-37.353117363006504092
-37.915479325069156857
-38.219970857231203354
-38.331731703944853962
-38.198463987964771604
-37.898312318708008206
-37.631676276698499350
-37.570954874161031967
-37.722797549465326483
-37.916998736747984822
-37.918763887376940147
-37.516809750744016583
-36.599902212374786359
-35.265068972992708041
-33.795296831914981794
-32.489170605784636336
-31.527484638391001681
-30.929206921265119945
-30.566024940410954969
-30.240938333772078295
-29.805828390086389845
-29.214736973172193757
-28.465436448081618437
-27.594170891370708887
-26.692198051585876328
-25.882933287842035952
