549.464269715176783393
320.952251653094322137
185.160737617181979431
125.940451658851074512
111.153828041062865850
188.374170535800516291
43.206087719963193194
12.987990546070600217
6.682925804530114533
4.378980560451141812
2.933059355173383231
1.954256130025835425
1.510242904270092446
1.688434642169491573
1.802508650042851102
1.344045938563047660
0.725921663253891181
0.884992482541576475
2.348595144281858005
4.956842969285828460
28.122804703917054781
394.367298226544562567
1296.454109093574970757
549.160632297194069906
260.280542153081285051
261.637221276344916987
375.534554002255504201
591.623269734711129786
959.227783017793058207
1571.291398628456136066
2352.706883451517569483
3399.392177037766487047
4803.844699569083786628
6518.959539331239284365
8404.162220376078039408
10333.242043316817216692
12260.222360291629229323
14117.500696756287652534
15785.898413876455379068
17223.283114451143774204
18437.910436031426797854
19661.568507775584293995
20714.269590456449805060
21580.068827425882773241
22226.795584798725030851
22637.510802547982166288
22845.543368062313675182
22912.351614222548960242
22849.045207931158074643
22631.251138549152528867
22272.717391689318901626
21862.194048758992721559
21374.605389680651569506
20809.195546939063206082
20080.285629697165859398
19112.940005612756067421
17841.167008345528302016
16259.752961482736282051
14452.838111200104322052
12568.602700150073360419
10597.121140638513679733
8472.586444944863615092
6102.341258062585438893
3549.817248273777295253
1035.179721798621358175
2397.794437705480504519
919.012962258817083239
78.468908665254360812
0.123700970945518449
0.000871835584288772
0.000000454696048440
0.000000000006570241
0.000000000000000000
0.000000000000000000
0.000000000000000000
0.000000000000000000
0.000000000000000000
0.000047785398588982
476.204669181082692830
0.000348526754853700
0.000000000000000000
0.000000000000000000
0.000000000000000000
0.000000000000000000
0.000000000037195132
0.000192165215275454
0.144923369660836493
22.340360561247845084
641.148334869695190719
1571.643771732333789259
2610.079661449072773394
3695.724514967723280279
4749.452770129724740400
5757.148363852117654460
6689.629618604248207703
7507.259733781430441013
8240.706572064025749569
8856.037890530431468505
9295.082169452540256316
9552.534283087512449129
9703.439669607998439460
9789.595174334242983605
9839.983851225420949049
9870.253878217994497390
9796.967384109058912145
9581.574056923669559183
9195.063083871842536610
8679.045658615004867897
8139.410359630489438132
7645.858546845752243826
7186.747340685000381200
6711.168666702763403009
6134.404000273751989880
6244.896762696052974206
6297.634734859722811962
6300.507570346268039430
6242.795126272932975553
6168.387678152822445554
6098.944207169821311254
6032.390302959438486141
5946.124880498749007529
5841.096273389984162350
5703.727521714746217185
5644.510130373692845751
5730.580383223204989918
5700.476720195590132789
5650.675049209246026294
5625.621923061336019600
5611.377182562235248042
5554.320224077970124199
5408.590536178603542794
5167.226368414539138030
4879.556965838154610537
4587.083712577170445002
4327.808214107585627062
4164.997651246751047438
4098.304144409863511100
4051.940311856450989580
3967.079410833878682752
3816.787253516321925417
3599.739237849044457107
3347.324995125919031125
3111.299981717374976142
2933.168584209058280976
2789.456993782207064214
2689.673750508278317284
2630.002713672166919423
2598.334529067987659801
2563.897626618544563826
2834.282042428948443558
2672.337234228391935176
2556.555477250521107635
2497.941481726847086975
2493.413445793101800518
2555.398638542961180065
2483.080782057728811196
2471.089703295283015905
2456.679163114032235171
2427.101215685486295115
2388.917467254847906588
2347.067915600049218483
2302.113302562457192835
2259.434420116002911527
2247.501362730361961439
2283.612218051800482499
2347.694011081448479672
2381.350277142145387188
2377.278467367058965465
2378.798763016804059589
2405.855947301693959162
2619.071265818725350982
3139.142279446348766214
2607.180918129567544383
2341.923323174868073693
2240.701242306553922390
2219.730032394732006651
2251.662556745529400359
2357.644484573943827854
2590.910230949425567815
3038.776099365154550469
3730.697545523211374530
4644.080041962553877966
5730.364605643409049662
6931.786324450597930991
8187.115698517666714906
9433.686205969153888873
10627.964053210323982057
11750.837918775521757198
12784.893723977620538790
13715.486369462956645293
14500.174116337700979784
15171.235023186927719507
15739.390599335818478721
16220.455178039512247778
16628.009330798729934031
16965.789963808398169931
17230.411892246000206796
17424.226201220386428759
17552.726123209307843354
17612.183331031596026151
17584.238820433423825307
17468.161126523795246612
17258.703012817906710552
16964.261455293948529288
16591.229954995327716460
16144.745628678454522742
15621.610214071521113510
15008.230017295973084401
14288.369512457948076189
13482.703644930288646719
12634.987497740658000112
11810.221482789753281395
11069.808282238080209936
10480.216190413064396125
9584.584186598060114193
9369.886406284334952943
9503.407069245597085683
10096.370923412418051157
10671.839036591760304873
11202.250815451125163236
11712.040054136557955644
12211.661258837735658744
12701.818946717421567882
13116.733071470825962024
13399.765954040478391107
13574.313713832680150517
13730.401775131200338365
14330.318615819038313930
14360.088156291058112402
14901.355610669214001973
15352.008413183575612493
15519.208159936253650812
15547.021469559240358649
15519.866876076965127140
15511.634919352542056004
15561.830728480892503285
15637.628007609961059643
16093.198155683990989928
16701.511640045147942146
17400.101035041381692281
18125.837275526639132295
18833.655002280651387991
19485.623786945863685105
20059.573985995470138732
20545.932415017490711762
20934.400247720095649129
21229.141145534740644507
21441.302524767015711404
21577.083272966505319346
21633.177656217270850902
21611.319672664019890362
21515.483295697351422859
21351.723967673067818396
21138.871225369501189562
20889.412509898833377520
20613.814584628336888272
20312.631026259721693350
19977.395973743336071493
19603.470982468203146709
19195.599357745137240272
18762.336760165359009989
18315.399608533003629418
18541.607249332744686399
18753.101742385486431886
18952.631465895628934959
19144.462126891299703857
19324.942712103274971014
19492.283168765352456830
19646.755358956375857815
19790.416181899447110482
19921.706607638498098822
20040.630790173097921070
20131.316271152340050321
20183.813670820993138477
20230.917890219458058709
20260.076164415993844159
20265.906685703463153914
20250.908414402336347848
20222.875613670250459109
20188.640246658724208828
20149.995507041865494102
20101.503431455756071955
20038.875166217123478418
19958.661850338368822122
19854.818838487659377279
19730.213090153723896947
19597.957275524877331918
19469.159810510493116453
19350.570732041644077981
19245.035339032652700553
19150.396481046911503654
19061.107303777360357344
18972.460132738309766864
18888.137123087060899707
18808.175347252868959913
18735.018286070127942367
18672.310212939963093959
18624.946959973414777778
2382.882363244147200021
