168.410108727447180854
53.400176247287170384
30.713387256606271336
25.894599766427393917
24.426389950664702866
23.705386414382910942
23.354928556324146882
23.068100761932914367
22.915599158393046508
22.782036519651477136
22.667646720564420093
22.618546068644086233
22.478753827017740718
22.401608415602844104
22.334351969513107861
22.274601951278242495
22.221110071500447702
22.173178231360392232
22.130149063956451982
22.091472164195899097
22.056853174563528341
22.025893738898183472
21.998287777264390996
21.973617340561649058
21.951782433355038648
21.932369447011978991
21.915121231855749784
21.899730431564769617
21.886139491386526146
21.874070749479518128
21.863360684179099280
21.853748041238926447
21.845266294871173329
21.837556939574959358
21.830101582572524421
21.823291758842188415
21.814991464590072212
21.809447994286379924
21.805221828295433539
21.801578833315367945
21.798286880121136022
21.794555709920356179
