2017.093615588849388587
2003.503603971560323771
1956.814638413102784398
1868.714173535478266786
1723.236444186686867397
1531.355339235855353763
1530.189193548163302694
1493.410751720751704852
1439.503686418241841238
1380.429107931291355271
1316.517869643163976434
1252.735216464438281037
1201.306376683476855760
1169.459209662182502143
1131.538195678222109564
1067.783511279402546279
994.821914770750595380
975.220410445481775241
1011.822564317328669858
1050.841800466021823013
1083.377117734290095541
1031.141777908520680285
1023.526525322018414954
1076.841889662645598946
1168.915464250492277642
1202.976693036661345104
1251.539621187309194283
1351.573977952913764966
1524.573952875229906567
1805.239901725887648354
2185.824640219720549794
3404.883517405433394742
5334.544753263838174462
6703.416654040865978459
7429.681328954445234558
8010.433364025188893720
8580.906113618777453667
9229.516079510678537190
11005.361662823966980795
13351.683352804428068339
15333.942595364587759832
16982.763571002658864018
18335.211395088368590223
19421.872378841766476398
20267.495266017111134715
20891.645862706369371153
21309.158083382688346319
21530.460043194005265832
21561.766884090971871046
21405.055779758135031443
21057.992094220975559438
20513.814669011768273776
19760.844001198554906296
18781.728859806811669841
17552.389036100259545492
16040.752987391717397259
14205.212935533239942743
12002.227255380650603911
9749.870966445465455763
8851.521312191898687161
8416.678499606403420330
7935.439610799295223842
7212.388868488462321693
6215.005633056193801167
4823.277094525185020757
2740.913753724355046870
719.836274590879611424
0.000000000000000000
0.000000000000000000
0.000000000000000000
0.000000000000000000
0.000000000000000000
0.000000000000000000
0.000000000000000000
0.000000000000000000
0.000000000000000000
0.000000000000000000
0.000000000000000000
0.000000000000000000
0.000000000000000000
0.000000000000000000
0.000000000000000000
0.000000000000000000
0.000000000000000000
0.000000000000000000
0.000000000000000000
0.000000000000000990
485.525327444786967135
2069.531502823670052749
3419.838357172662654193
4056.532335863012576738
4553.116357513223192655
5032.431470617897502962
5528.099691852615251264
6047.753275589172517357
6625.539910608511490864
7366.999005440956352686
8187.441726716379889695
8861.541115287383945542
9239.323044563314397237
9340.617174169101417647
9260.595919778023016988
9113.514817174214840634
8974.525692809345855494
8789.011663695811876096
8525.546025832460145466
8158.395267672005502391
7732.778158370992969139
7359.546128781188599532
7114.043592646077740937
6989.783351591553582693
6939.762940189180881134
6881.510890139319599257
6647.350335684782294265
6441.675296606121264631
6263.168356070881600317
6090.341184298669759301
5955.452210333344737592
5868.399136875975273142
5815.985230592985317344
5765.777125994767629891
5710.484588338598769042
5629.961908540160948178
5629.413257909382082289
5772.213858726174294134
5795.375079215981713787
5793.970601117209298536
5811.965739565151125134
5835.668820248854899546
5812.080922926381390425
5696.008410753231146373
5481.059659420983734890
5217.015281233471796440
4945.813973908407206181
4705.876463746847548464
4560.821555639634425461
4510.575402985694381641
4479.442747945135124610
4408.533224136843273300
4270.894237980531215726
4065.381537163319080719
3823.803243077683418960
3598.557838111139517423
3431.976970462551889796
3301.487415873792542698
3217.359617594644532801
3176.206492269502177805
3165.941047401250216353
3155.589845116547166981
3586.791138030810088821
3571.857191018345929479
3529.105445687204792193
3474.976593218035304744
3416.421426069374774670
3344.135759373556993523
3384.261580465134102269
3396.941352280309274647
3384.719348503675519169
3353.823107869649447821
3312.855730255334947287
3269.925526243193871778
3232.821286221739228495
3211.186784197255747131
3218.540688136815333564
3260.458584991483803606
3326.452384708211866382
3394.753289241309630597
3459.195455178576594335
3531.239905447455385001
3617.683810166709463374
3732.102820131877706444
3850.087983255974904750
3844.868652161610043549
3847.173754793773696292
3879.807131175656650157
3936.085527314823593770
4013.712189326219686336
4116.460186623268782569
4255.380664678848006588
4460.337770671310863690
4644.989101627222225943
4829.494172235768928658
5180.520517004784778692
5675.787105970151969814
6204.796723499645850097
6717.655976437181379879
7177.770561073592944012
7403.031042330042510002
7483.585103224092563323
7577.778081038337404607
7688.744971637084745453
7817.345671869070429238
7964.265429252079229627
8130.027859324909513816
8315.009621052904549288
8519.459243713972682599
8743.517137667518909439
8987.233626943792842212
9250.581893595401197672
9533.463027896144922124
9835.700925806620944059
10157.025569713829099783
10497.044247837273360346
10855.201491950088893645
11230.729802193458453985
11622.578564966348494636
12027.813847319634078303
12383.036784853045901400
12451.586157864985580090
12381.299688524130033329
12272.157546887898206478
12182.021266780157020548
12149.155099170449830126
12231.034689965876168571
12517.335284369610235444
12925.523592762918269727
13321.336872424906687229
13701.436941154543092125
14063.469656420937099028
14405.382669195145354024
14725.429541150557270157
15022.159108045158063760
15294.388186530522943940
15541.163673445427775732
15761.720208334254493820
15955.439070190152051509
16121.813249197744880803
16260.422937725903466344
16370.925084679585779668
16453.060024527247151127
16506.677278869847214082
16531.781152573523286264
16528.594496103440178558
16497.635998132853274001
16439.806448724339134060
16356.571710427742800675
16252.892117834697273793
16174.956967766656816821
16272.314642489060133812
16569.131524311520479387
16955.224627777668501949
17373.864739212127460632
17780.778474981729232240
18141.533093010511947796
18427.921554119002394145
18613.235348684931523167
18705.674357991785655031
18738.860266174357093405
18739.821727023481798824
18714.463712097011011792
18659.378136404138786020
18569.472197591559961438
18445.686634844907530351
18306.373752424107806291
18167.158872670803248184
18042.874621419414324919
17939.032624447288981173
17852.253782270014198730
17782.613123317260033218
17738.797686390218586894
17732.277713088478776626
17776.453194317906309152
17794.418385658154875273
17857.351874587537167827
17961.459247161634266376
18103.282431740713946056
18270.770241734044248005
18453.560109521724371007
18643.780561329374904744
18836.278006396394630428
19023.512390098370815394
19200.836557421574980253
19349.028664028606726788
19456.037866671074880287
19553.550525131875474472
19628.530808630915998947
19675.529951652617455693
19697.274120429057802539
19701.958087611390510574
19696.884986614102672320
19684.320472157345648156
19659.266529412438103464
19617.825307798928406555
19556.871064265746099409
19470.598335141923598712
19362.042425408097187756
19244.444904475043585990
19129.022344234919728478
19022.646307403450919082
18928.354737189027218847
18844.314691983418015298
18765.471771730048203608
18687.760876240325160325
18615.566518961000838317
18549.536996588441979839
18492.510047651881905040
18448.257778203442285303
18421.620261495507293148
3252.436942797279698425
