51.460403946034986689
53.032065608616747454
54.619719522799655920
55.718498152509880583
56.189757127517054869
56.442758198205808640
56.724621844428440909
57.128064523541070230
57.801394281846739887
58.755741118828623826
59.849380072386608731
60.986177750913043383
62.134999009573277817
63.168157310264987814
63.525278217097451261
62.848132181377380334
61.557875670229194043
60.657484568129817148
60.263007972875698215
59.713527639421329241
58.865889018483997575
58.145576301350303083
57.448098617921928621
56.497095849800842871
55.356470772949577963
53.944438362406046394
51.770975399381299553
48.890897636650137770
45.167878939043717423
40.368269221765714860
33.970211953756717094
25.976805628088285971
17.044946955431754532
8.036543186818562390
-0.977239264681287523
-9.666577815028148279
-17.322862449490600056
-23.817382822102644013
-29.871536760494251439
-35.598155758703029505
-40.677094535519728424
-44.538702637220467295
-47.279802266093525986
-49.132020473934431948
-50.645498088654449020
-52.180268858021662481
-53.497882286604919955
-54.054635334831630189
-53.797809705724063178
-52.963498572468893144
-51.331200868844035767
-48.047611521927166223
-43.224878693532929219
-36.910646228886093922
-29.914463524179780052
-23.037365548919638059
-16.921330221739736999
-11.482758197777428677
-5.718858368049922092
1.648311348889848205
10.257410887982871373
18.856910762635948231
25.838300559423288405
30.842988151954017439
34.624837102739945749
38.253446230032693620
41.932795861336131793
45.488952071331880234
48.633431847221231692
51.177900434601156121
53.029790508061381615
54.184827472565615381
54.749170362476547780
54.997333057148068747
55.453128039025244789
56.459172449642210267
57.777864895786535726
58.632349631036987603
58.072505913816343082
55.577242060052242323
51.814528453446058620
48.363796373752336422
46.177918147576463070
44.851350390961925996
43.576043934898592624
41.596629832755610323
38.452101706979391338
34.148060322799466348
28.954629354822657206
23.097064302994425589
16.726523662364058964
10.236442844210756675
4.050893525727076394
-1.473370653480486681
-6.157686808580081106
-9.965324125369050989
-12.907145780303125093
-15.195717157600455494
-17.125606550879922452
-18.773871760565356226
-19.950085401259201490
-20.466120454548871521
-20.270233080154639538
-19.539813962129585434
-18.719940692870238763
-18.222872620098257812
-18.229151033566580509
-18.554094556879306310
-18.784372145785283692
-18.650101042214771496
-18.230817882791001239
-17.880377563482340975
-18.021031661703517557
-18.837976583745813741
-20.200733563153448813
-21.977121591397263956
-24.058981143824610172
-26.275508588646971475
-28.487256699130540483
-30.642307771115412152
-32.729085296863729582
-34.685123749830808038
-36.336657456349826134
-37.424128285913155878
-37.948071023590500772
-38.214852538775545554
-38.293330541193199679
-38.136254812391143787
-37.828743633762087484
-37.579669279284360073
-37.569534228984196034
-37.809107052347656008
-38.123084207172553306
-38.257072669314652558
-37.964779375458306276
-37.094513732874361267
-35.719008435078990260
-34.131346985458947074
-32.670209020344600503
-31.562477639179007838
-30.856422373332804909
-30.427757309624041682
-30.064541155660265304
-29.599809933921108041
-28.976568292775198188
-28.196190983345559289
-27.317968859443737983
-26.445427670567937639
-25.634935858912854201
