52.353622454786545859
53.206818380459409923
54.287164076691759362
55.200032956639091708
55.668007008438706862
55.953098545090171001
56.512106853418281105
57.163358534859895599
57.938065482676279316
58.874365133338159239
59.895083764237128321
60.923834019338897861
61.900662719156414937
62.708440167121445086
62.994050146568667969
62.583358737484218182
61.740881050375961081
60.948987196508561226
60.454864241247534551
59.967871009899312185
59.371540622733306236
58.701869389770997998
57.377398678494472506
55.880328108371188023
54.757846920604116292
53.451061424377911635
51.299565011619087329
48.263860300128442304
44.143378028045617611
38.688631529959678801
31.485518416429414401
23.044642585443313010
14.530160319290288840
6.723833040603437894
-0.744866396239757478
-7.972224275539062432
-14.524699557446368203
-20.393915637885783099
-26.297959181446771026
-32.264040510578524845
-37.849509385310909693
-42.364067745871579973
-45.807150238688819854
-48.340152681527342793
-50.464484163399390582
-52.505387982784782253
-54.197822274987288438
-54.976562916614909682
-54.771554221194264755
-53.806506707364405884
-51.855442906469392028
-48.069318818048685671
-42.577866507597576629
-35.463952670925891653
-27.594856172780112047
-19.856356970900293391
-13.003888329459897477
-7.090586565855460321
-1.256672845010797346
5.655499760245163543
13.221991987334320129
20.220489705698071248
25.198378249843727872
28.122086087255780740
30.268713671248235642
33.313813901832787678
37.687860446756246802
42.593522679195160663
46.799849909011243199
49.897634282166990261
52.015498710695482032
53.321634909569013416
53.998814537913688127
54.349559244407998904
54.903791309931506248
56.000245427695091394
57.393528461038187061
58.298318544803890973
57.756977018415227576
55.242286957958327775
51.416533097623215554
47.851180875710440432
45.483635603775809386
43.875687695062282501
42.153257194776841743
39.449268400471169116
35.219351315971266558
29.726631811203503730
23.934579236445216566
18.540839173325736056
13.596657708905382833
9.045797242380871239
4.833513173786087691
0.979959635645684557
-2.506268901440620311
-5.628469137390652577
-8.351529744058382221
-10.793960268038347294
-13.139755439110786028
-15.362714588603239463
-17.190051442605806642
-18.375761887521605331
-18.831664158361036243
-18.714585828928534283
-18.459650667170194538
-18.475767717534949952
-18.943528841600141277
-19.678452555097180721
-20.264147706201129040
-20.421956197397719279
-20.216989454095710244
-19.986293834765376687
-20.138561421223869274
-20.854393029101515822
-22.010522243697266731
-23.492448432680248516
-25.216227223656062506
-27.037602157293861183
-28.842829271297546256
-30.603476958642943373
-32.329750624435746431
-33.980050048889040681
-35.398947404675936923
-36.337833335255481870
-36.796208256235217959
-37.067993981092513422
-37.203078486237529887
-37.132562381344200730
-36.918943290345396235
-36.750567870234874590
-36.795345906007867143
-37.065131226563437394
-37.400895013657134314
-37.574713751917499849
-37.366068020376019376
-36.635179190046642361
-35.443834013379216685
-34.052806421940999826
-32.759956842243695974
-31.760429908059961690
-31.092936705258409802
-30.649598732249444311
-30.254360748574413265
-29.781539083813811430
-29.209024766422146513
-28.557263104310550261
-27.876787304263245915
-27.253021524830103317
-26.776822190563450476
