426.008690608051722393
425.391733442620989081
406.490062056412568836
387.646115471151688325
376.956151286672252354
414.658438019407583397
282.783580266897672573
205.580357297951849205
163.894805937043884114
142.231437340202631958
126.038610926244231791
112.557467700828070178
109.687776800356829199
124.122917744173022925
133.627134223377709077
119.008222269755492562
90.191547409222010856
102.947480443295489749
175.293809536538418570
310.998966507904924583
630.750947133977547310
1375.395006528518479172
2684.539465811941681750
1561.766411956892397939
978.714626273644626053
800.439626989316138861
839.610462436685224930
1053.551610205306815260
1480.227947052944500683
2211.338220191417349270
3158.796740381328163494
4390.496866733238675806
5969.041072799300309271
7827.235096545039596094
9816.380200374573178124
11810.617984150943811983
13768.747982379654786200
15629.583305466030651587
17280.187770896318397718
18683.490106773395382334
19851.324618765622290084
21131.927710189258505125
22234.408559405921550933
23145.132040535430860473
23833.192433321331918705
24282.338585244480782421
24526.790220428440079559
24629.594867616087867646
24604.055785498949262546
24428.709385507736442378
24121.260387418882601196
23775.299235424812650308
23370.683565630308294203
22912.034562041422759648
22319.499306401903595543
21524.900857490578346187
20470.065723444833565736
19158.493728350251330994
17683.199555874576617498
15146.396748051558461157
12588.847400060800282517
9947.293955063500106917
7136.313718013144352881
4229.194105016942557995
1450.198130774950868727
2760.060298474456430995
1155.728967501825763975
218.247358247317350788
0.000000000000000000
0.000000000000000000
0.000000000000000000
0.000000000000000000
0.000000000000000000
0.000000000000000000
0.000000000000000000
0.000000000000000000
0.000000000000000000
0.000000000000000000
0.019571116974775878
0.000000000000000000
0.000000000000000000
0.000000000000000000
0.000000000000000000
0.000000000000000000
0.000000000000000000
0.000000023247745049
15.004160190018392740
314.829923421909256831
957.056968714679783261
1888.166614656232241032
2929.806191626906638703
4031.219554655118372466
5116.732729774957988411
6172.265511266683461145
7166.884205576791828207
8058.347738587968706270
8874.460421141902770614
9578.447599313361934037
10109.519777255771259661
10460.090630899969255552
10703.231856321788654895
10878.956075803056592122
11014.592072245992312673
11124.252425664089969359
11123.119812059399919235
10971.463517032554591424
10639.330647671598853776
10167.690007194672944024
9662.234504836107589654
9193.165370086018810980
8750.221400735372299096
8284.737154601320071379
7714.909307097201235592
7852.941448169656723621
7932.578648505524142820
7960.834887979925952095
7926.168071786796645029
7871.814344113555307558
7819.062428726027064840
7765.806926587814814411
7689.720005962908544461
7592.211908447518908361
7460.217542260162190360
7404.642322516423519119
7492.873017288846313022
7463.504721745917777298
7412.802694750084810948
7384.863285474292752042
7365.411657571362411545
7300.642598338358766341
7144.735757786905196554
6891.015007703708761255
6589.320579215620455216
6281.820274913453431509
6007.179133620085849543
5829.125247515195042070
5747.422024660949318786
5686.049122412512588198
5585.780833348209853284
5419.371951542713759409
5185.503835786431409360
4916.022697111703564588
4663.573220236598899646
4470.762076517582499946
4315.036226438336598221
4206.276830955204786733
4140.294924628426997515
4104.062224326851719525
4066.034653732959213812
654.850781502294125858
645.659088556394181069
617.524647795935720751
602.140472376650109254
620.735134686805849924
681.370424076978338235
640.551082479031492767
625.902793384103802055
617.472220024825787732
605.112542252728189851
588.601723725092256245
571.476228238962107753
558.955771103628421770
560.342908930330395378
591.271694932382501975
657.893486603898963949
745.743050107735712118
828.979269900092049284
910.637952695504395706
1036.312412132483586902
1286.118620936174465896
1772.161189020353504020
2582.696752896518773923
1822.732144984337992355
1378.390367298464525447
1166.909258176141975127
1098.904355140477491659
1127.687104237547373486
1267.534395643933521569
1570.844308239484917067
2117.103800459392914490
2918.967232089713434107
3935.927006663117026619
5107.361175964535505045
6370.579363868986547459
7664.484767381201891112
8929.185143239310491481
10124.900802250276683480
11236.171100110541374306
12248.524393983332629432
13149.366101948158757295
13965.426393299674600712
14662.944943475482432405
15253.938588601229639607
15754.889986918093200075
16179.696931242860955535
16532.520836470255744644
16810.800451848630473251
17018.058862521491391817
17161.379306310594984097
17239.241006173855566885
17236.021501160030311439
17153.799787795785960043
16990.424893346069438849
16757.684101287151861470
16465.942588689220428932
16124.966767880023326143
15736.747947395564551698
15293.004989483793906402
14155.415479125205820310
12969.614546054035599809
11780.972993422265062691
10658.962506536250657518
9671.056363572963164188
8886.358681611389329191
7801.820400628793322539
7450.446734963745257119
7467.913589260318076413
7913.040361737826970057
8443.926888819001760567
8930.085973748537071515
9396.267882351139633101
9853.157476560687427991
10301.681660135816855473
10676.267516711188363843
10920.456855676839040825
11057.785631073453259887
11178.376879022978755529
11394.130711766858439660
11811.088620938529857085
12390.873006150999572128
12881.760550110066105844
13090.812689647307706764
13161.946573995706785354
13179.406847581265537883
13216.906252053238858934
13324.695980872595100664
13652.383415715088631259
14172.903830925664806273
14828.861395028929109685
15576.409233630958624417
16359.645024692041261005
17135.876990549415495479
17867.010127405126695521
18529.397190150884853210
19111.379336260444688378
19600.410727146467252169
19998.461991198462783359
20314.693185467302100733
20553.601605209842091426
20710.440782579396909568
20785.676171732608054299
20782.136413735152018489
20704.839773059044091497
20571.706971180439722957
20394.466618158781784587
20183.000205367276066681
19937.492225004225474549
19649.433410888559592422
19314.654081252923788270
18939.017516007021185942
18532.834995694025565172
18110.074458325809246162
18351.546691614104929613
18577.367013146056706319
18789.655624155573605094
18992.099047147414239589
19180.599008045835944358
19353.134386262914631516
19510.001390064582665218
19653.509103821954340674
19782.491695925436943071
19897.384129575493716402
19982.672377264425449539
20028.644409451175306458
20068.188187893832946429
20088.644345960186910816
20084.418565234373090789
20057.805080006059142761
20016.499831219221960055
19967.397655966946331318
19912.531081883720617043
19846.863316136594221462
19766.617268128313298803
19668.850147751087206416
19547.871198329514299985
19406.641206185606279178
19258.110955542400915874
19113.102789870052220067
18978.143633100928127533
18856.087309685608488508
18745.115143435446952935
18640.335252943521481939
18537.849422465355019085
18442.012748115532303927
18353.127787419925880386
18273.349220321084430907
18205.622212068068620283
18154.237555486790370196
4393.072104082154510252
