52.896597490628280980
53.623929930550758627
54.661918525790788692
55.739742272761702679
56.582979543279087409
57.197338974540699041
57.439113149291124216
57.656639519708463126
58.152333219410159870
58.950832974781725682
59.902359451281462555
60.885208220566688908
61.838422368260516748
62.659434515300226565
62.952538577799280972
62.484399387758976729
61.515966704158330458
60.783972316856448970
60.371923190427253303
59.742113215806334381
58.747709616210023853
57.651679810737128662
56.428007432826504441
55.414368962354799919
54.522092528730034644
53.331317013028439078
51.174806658518086522
48.012153279013915608
43.688571920988351849
38.086008054042167714
30.960857438148210008
22.816109644868220130
14.607472464683596058
6.992876957012384764
-0.392575023923143362
-7.597716040572379370
-14.150855340660626780
-20.022442690528436060
-25.924356908562003809
-31.888357318065430945
-37.480368688825251411
-42.016005643195427410
-45.495020414399505171
-48.074566249799858042
-50.249771754142955160
-52.339612180096821703
-54.073884526404526696
-54.883710280863908793
-54.696941320493152716
-53.736696396407694465
-51.777837111974548634
-47.973537803160411386
-42.457059869969242527
-35.315924147202878203
-27.422711484854175978
-19.668196958457116352
-12.811094411180278030
-6.904880164488673699
-1.087478619387240997
5.800831746119001764
13.333573895201084270
20.278375561120867587
25.166529865835542523
27.950477854396012845
29.912679619853122404
32.782908898994406854
37.125188711374903505
42.270411335752612558
46.901643174918433488
50.359559256686736717
52.676929021211236659
54.052959475888371799
54.708948591178028664
54.969727036329203429
55.372559320449283859
56.248591729435048592
57.330685979188473311
57.839388200248890826
56.995323235897217273
54.469136970326019309
50.735302078389082681
47.198074522530475861
44.802329895324447762
43.149076789297140522
41.395966223376774451
38.700786028831657859
34.531623702711669921
29.144199966516964651
23.474412480216727772
18.173279185283774950
13.261741259054190323
8.688426384085914833
4.425509083874857197
0.525584179570927290
-2.975481922173003113
-6.065104899352292023
-8.706674005810242534
-11.030726447224964204
-13.241998656175553606
-15.336750657382083318
-17.059908690878330617
-18.174526422355938848
-18.592151053425766349
-18.462070853250793334
-18.208205908746720070
-18.228368246626359905
-18.695009871757179098
-19.419878170152969687
-19.987172354677738895
-20.122136229791692585
-19.895550758303272687
-19.650339986725327890
-19.799915276193587488
-20.527356553516881377
-21.709147204666578546
-23.228240022905708884
-24.996963088711652290
-26.867210397250403275
-28.721806884830755280
-30.529527163609259333
-32.298707047900620637
-33.987141026704875912
-35.439975667880332821
-36.409462570860227970
-36.895146491510047326
-37.190122786423103207
-37.343396481286333710
-37.285325852975518046
-37.077297026602479946
-36.906148594027058607
-36.938785859649442500
-37.187734322900496409
-37.496883415037302711
-37.643027721914620543
-37.410750784756487519
-36.663715693180847666
-35.463766312222844590
-34.068320542205810852
-32.770383948753647019
-31.761238567080340545
-31.078356563508407362
-30.615480891394895480
-30.199963383691567742
-29.709560493968581341
-29.124363068886225392
-28.465537722529916209
-27.783097711439495470
-27.161101544505527272
-26.688863904852780706
