44806.817675920974579640
44780.425767422930221073
44754.033858924893138465
44727.641950426848779898
44701.250041928804421332
44674.858133430760062765
44648.466224932722980157
44622.074316434678621590
44595.682407936634263024
44569.290499438597180415
44542.898590940552821849
44516.506682442508463282
44490.114773944464104716
44463.722865446427022107
44437.330956948382663541
44410.939048450338304974
44384.547139952293946408
44358.155231454256863799
44331.763322956212505233
44305.371414458168146666
44278.979505960131064057
44252.587597462086705491
44226.195688964042346925
44025.876251673777005635
43820.132878974538471084
43614.389506275292660575
43408.646133576054126024
43202.902760876815591473
42997.159388177577056922
42791.416015478338522371
42585.672642779099987820
42379.929270079861453269
42174.185897380622918718
41968.442524681377108209
41762.699151982138573658
41556.955779282900039107
41351.212406583661504555
41145.469033884422970004
40939.725661185184435453
40733.982288485945900902
40528.238915786707366351
40322.495543087468831800
40116.752170388223021291
39911.008797688984486740
39705.265424989745952189
39499.522052290507417638
39293.778679591268883087
39088.035306892030348536
38882.291934192791813985
38676.548561493553279433
38470.805188794314744882
38265.061816095076210331
38059.318443395837675780
37853.575070696591865271
37647.831697997353330720
37442.088325298114796169
37236.344952598876261618
37030.601579899637727067
36824.858207200399192516
36619.114834501160657965
36413.371461801914847456
36207.628089102683588862
36001.884716403437778354
35796.141343704199243803
35590.397971004960709251
35384.654598305722174700
35178.911225606483640149
34973.167852907245105598
34767.424480208006571047
34561.681107508768036496
34355.937734809522225987
34150.194362110283691436
33944.450989411045156885
33738.707616711806622334
33532.964244012568087783
33327.220871313329553232
33121.477498614091018680
32915.734125914852484129
32722.876430916650861036
32653.118082463981409092
32583.359734011311957147
32513.601385558646143181
32443.843037105976691237
32374.084688653307239292
32304.326340200637787348
32234.567991747968335403
32164.809643295298883459
32095.051294842633069493
32025.292946389963617548
31955.534597937294165604
31885.776249484624713659
31816.017901031955261715
31746.259552579289447749
31676.501204126619995805
31606.742855673950543860
31536.984507221281091915
31467.226158768611639971
31397.467810315942188026
31327.709461863276374061
31257.951113410606922116
31188.192764957937470172
31118.434416505268018227
31048.676068052598566283
30978.917719599929114338
30909.159371147263300372
30839.401022694593848428
30769.642674241924396483
30699.884325789254944539
30630.125977336585492594
30560.367628883919678628
30490.609280431250226684
30420.850931978580774739
30351.092583525911322795
30334.747383751036977628
30318.456082209035230335
30302.164780667033483041
30285.873479125031735748
30269.582177583033626433
30253.290876041031879140
30236.999574499030131847
30220.708272957028384553
30204.416971415026637260
30188.125669873028527945
30171.834368331026780652
30155.543066789025033358
30139.251765247023286065
30122.960463705021538772
30106.669162163019791478
30090.377860621021682164
30074.086559079019934870
30057.795257537018187577
30041.503955995016440284
30025.212654453014692990
30008.921352911016583676
29992.630051369014836382
29976.338749827013089089
29960.047448285011341795
29943.756146743009594502
29927.464845201011485187
29911.173543659009737894
29894.882242117007990601
29878.590940575006243307
29862.299639033004496014
29846.008337491006386699
29829.717035949004639406
29813.425734407002892112
29797.134432865001144819
29780.843131322999397526
29764.551829780997650232
