52.920231022776427210
53.642020201359741804
54.676485037596371797
55.754762608016463332
56.601701935117809228
57.218761996186891849
57.457397037671199769
57.668955162868442699
58.159816875763169719
58.955471426880933450
59.905631775153494800
60.888031587998170835
61.841485329863694176
62.663175236911229149
62.956536645592251489
62.487208218715359465
61.515249601305427518
60.776438731048045838
60.352764144507744959
59.707659669768240462
58.706630535755834899
57.639451145351273453
56.489070816475489778
55.543860653642951775
54.636739745282973502
53.412851917526317891
51.259120566198419056
48.145700721616051965
43.895408737869146876
38.328865296938971596
31.138416935542352348
22.848260921109329047
14.503964748232348825
6.810771789798593545
-0.603250783741430041
-7.809063759579714770
-14.351797159238799395
-20.209295510194408507
-26.094002878919525301
-32.035737523318232434
-37.599546852055084400
-42.102536099710960116
-45.547648152862620918
-48.095683077567485952
-50.244998147606139582
-52.317018696413157386
-54.043166857878105702
-54.855432867309673384
-54.681852362271769152
-53.745071396389960228
-51.818796877530388656
-48.054294084267013432
-42.582068853711263046
-35.485990957441487126
-27.634209346474960967
-19.912736116987133528
-13.076084999530422692
-7.175199396619291292
-1.347641118873468713
5.565576284372610871
13.138789565620015765
20.144695063700169158
25.124366991183592290
28.040089162156704106
30.171064221598101085
33.209233835232481624
37.634318905222386320
42.705830853108352585
47.154193562510130278
50.445094235375421476
52.660268915287105074
53.986126720052197925
54.625784757240069212
54.891924735829149995
55.314224001393142771
56.218748450979290965
57.334560108278225243
57.879911323681312751
57.076981671068551805
54.598255632681684801
50.912458261439780927
47.418012459612725706
45.057289628860246467
43.429408138861191446
41.689728186458609116
38.992463969206539787
34.796405342080532819
29.338845958436081673
23.558869627429174898
18.157234477494824887
13.192902735584596030
8.612948028509748610
4.370511791853573413
0.499172243219732081
-2.978349728036988608
-6.056157903285992461
-8.698885682009233733
-11.034444292963428325
-13.262932284357788149
-15.375743164174650701
-17.114015650810472380
-18.238720518306081431
-18.661018724560108240
-18.531081034901035309
-18.274388959021109713
-18.290451693498937402
-18.753166945945679345
-19.475255118426218814
-20.041315862751446275
-20.176401676561056320
-19.950573525538516151
-19.705696356470014052
-19.854132944886714540
-20.578345712492364328
-21.754876458229205127
-23.267305407354058389
-25.028820610525372103
-26.892100867934743746
-28.740528045025200754
-30.543178311576411943
-32.308459062728047684
-33.994046317922538947
-35.444838555161481963
-36.412807250135983850
-36.897285746440275034
-37.191253115513916327
-37.343654871939577333
-37.284839446269756991
-37.076264218140977391
-36.904911454291607242
-36.937822717781216397
-37.187547044418352016
-37.497820342908823932
-37.645121725586761841
-37.413659619343718532
-36.666837167512710494
-35.466522544776751147
-34.070470967737492174
-32.772182908443085125
-31.763364181494353033
-31.081669387025158358
-30.620732069814152965
-30.207582893213896114
-29.719606572045677240
-29.136592490304792591
-28.479491648143721250
-27.798162275182335179
-27.176547257329445983
-26.703877379284222116
