53.973404622330022562
54.712792888265553870
55.742963453065428325
56.741890767233257975
57.397960478766442804
57.783298599981797850
57.937433683988530220
58.069299814071875687
58.442207311269704917
59.108995758375087348
59.937551960287891006
60.825473755037634760
61.735148092310538459
62.554704744798392824
62.819489747148637093
62.246384810922485542
61.149847655022185222
60.391814714330955383
60.060922698665805797
59.520578746083280919
58.636530952587420984
57.822216268105009362
56.979112776168470589
55.837370147701427925
54.370243721033730822
52.391390054321739456
49.351274942789586930
45.274501848110332958
40.081660175897056320
33.826132556176290223
26.477044856673046525
18.526590980831144861
10.677960006876432431
3.413144877115101394
-3.633163175743263196
-10.430842746932313503
-16.429574200980141541
-21.558189979761039012
-26.534583801765478484
-31.437831510246411426
-35.904606644248673319
-39.324626265610135079
-41.761527240380928561
-43.421332893513891804
-44.834045095271136461
-46.342673512641226807
-47.693391128391596112
-48.328480253216838491
-48.183278080806985599
-47.485321622402295816
-46.010448058910299096
-42.907891557180363407
-38.299346171446984499
-32.249148477805903212
-25.590170630157729192
-19.152402842240434211
-13.611191755781618440
-8.919380109361640052
-4.111687312517062765
2.055738328462808795
9.201282015315314311
16.087684328438825787
21.189159264044889142
24.339965479699458228
26.620168973811360047
29.500328898869497607
33.455139841134666767
38.233115038145172093
43.149156049198808205
47.522386110526866787
50.887843153872182711
53.093512949451877603
54.292142196124615339
54.882666030677256686
55.487226118648408146
56.497009123637582206
57.692830331796812970
58.329512732005241560
57.541040097006771248
54.862359887801858349
50.895685339189441265
47.132870907678608319
44.474903749774369999
42.456303403210938541
40.218071772728649194
37.080644544747258351
32.869512018361405126
28.014882389571170052
23.137218244765392683
18.536301424209966626
14.123957973623589623
9.879975446607318190
5.836247451665741437
2.091059159320167282
-1.293329707605835210
-4.291962356025038616
-6.864610071385015999
-9.143527653255205223
-11.337757412649921207
-13.448000535162265123
-15.222457269659116719
-16.426502094030013268
-16.973909929236981498
-17.016266455830304949
-16.978519176855229489
-17.255654667513226741
-18.010905784091050919
-19.039669236611075576
-19.904984637166137418
-20.311142714420611810
-20.313552080695785662
-20.248160003103407689
-20.528863986411238329
-21.343437279587760713
-22.574099923237724852
-24.108739112725061204
-25.863173974124492815
-27.691658344896325161
-29.479145631426717955
-31.196751911518560973
-32.854564799613797277
-34.410370912474832039
-35.708227050504319777
-36.501809832157505298
-36.798376966992918824
-36.904581593020338914
-36.884923420339930544
-36.684786978907311550
-36.379939512167254634
-36.169453346851241804
-36.226027118606339172
-36.556821375856998202
-36.987550924207653225
-37.267456344562049253
-37.152568141027131787
-36.488033662046291283
-35.335778108956674259
-33.971922558253538682
-32.717174807868843800
-31.785953829339121057
-31.223948159899862276
-30.915116413925375127
-30.663802964325213907
-30.321242637435716460
-29.846510852782103029
-29.249856656995973481
-28.581157639064713294
-27.932849361292596768
-27.406449387790473793
