52.535531622067743740
53.416286895541055912
54.607669504552625028
55.841828616423406118
56.841228956365455360
57.536872529081044547
57.677253444034050744
57.749838301420396647
58.158186958137164879
58.932518881991292403
59.899936129916916627
60.918584356097170485
61.918156563843645301
62.785926344780037311
63.099463273891544191
62.603797169707753767
61.574528301555361054
60.793259563230414244
60.350234111771072776
59.685640495725209576
58.697073396726729300
57.806974386701398316
57.029375007114289531
56.218128211632333091
55.228664763301132723
53.898635344374113743
51.807950188307991368
49.017237347185130147
45.260084278684786341
40.015572905472453158
32.571304024406089184
23.477289014237285869
14.100203948786685260
5.460549636742413782
-2.615200974811699552
-10.129057828089699456
-16.651834124187132602
-22.236156021479700939
-27.686544757602149502
-33.122874600956095037
-38.184371072181136242
-42.238542078130052460
-45.315099187536731051
-47.583931697546120176
-49.542125290136453941
-51.505201436806004267
-53.197485623409590971
-54.044308198666527687
-53.967976276054287155
-53.186177674410231475
-51.467852210060499374
-47.958745642732054648
-42.781726044897055772
-36.009046294399894350
-28.490994218028333762
-21.087373322350146054
-14.517567365663126111
-8.791366433818751602
-3.006371363560333521
4.026598203283612065
11.899029526379536037
19.393211867373963742
25.056996548648697853
28.834036042151069523
31.878706230939457100
35.554890399360971287
39.912427051183897220
44.165211870452907306
47.598147893263387687
50.127229908933770730
51.886064056000833489
52.974612777217686244
53.521309229958120568
53.791622925600762528
54.285363240755998504
55.307111792681325824
56.570033228460914643
57.292169385394430492
56.705506396747836106
54.500497013135941415
51.175365827160106846
48.073622511538872004
46.092504428716665643
44.831568221444001665
43.457378843114440770
41.143977774783991208
37.377106002338166491
32.312639112825451093
26.654537588939575699
21.024924543427999879
15.579231377409286097
10.350049053560667289
5.324189949700667057
0.577574022869669079
-3.776801869362003572
-7.615150016798480692
-10.804668708534677535
-13.427436491330240642
-15.690045356202176663
-17.626383321379250901
-19.037909279289635833
-19.749886712742124928
-19.732219295689048977
-19.182037970434635099
-18.556910459169898786
-18.273611902478080538
-18.510935665201486700
-19.077685772863958391
-19.549309562668383933
-19.639453470849844052
-19.406600074586549454
-19.182063654780904471
-19.369490373317319154
-20.145241252961341161
-21.382576408943918977
-22.963609706520969667
-24.800358535242764901
-26.743858911654569965
-28.675567817575142726
-30.562620654083673344
-32.411081477314553467
-34.175133488178744301
-35.694993289678450310
-36.718145955558441074
-37.241514679058752790
-37.558186275951356947
-37.718752583842729109
-37.656227692806737650
-37.435950345319042754
-37.249558000770946364
-37.267971564439847043
-37.505057681881851295
-37.802420167120601491
-37.931559306193150860
-37.670976866521812099
-36.880816075508221275
-35.624893949545082705
-34.168323284161715492
-32.814391864339881977
-31.762664782608567293
-31.053265122469099424
-30.575659780334603965
-30.147530639181184142
-29.635207607779534555
-29.009190764812672114
-28.284937747032017796
-27.511529432857969368
-26.776722450276452037
-26.176511686763319631
