51.699230095814769470
52.855907771478683799
54.156111076223602652
55.213045107316354176
55.831149921420518467
56.204939102018457220
56.493450016733625318
56.749619318377739319
57.115733915573180468
57.710601095153279516
58.403851400311118880
58.986331797973448943
59.506659968465285715
59.977273744922307230
60.185505967359219426
59.977071703902588240
59.483820920356322404
59.127738707605743684
58.958378037165410035
58.621760451046483809
58.052561031055240903
57.503730407677132064
56.897296766596888062
56.051164302470809275
54.997473199768265317
53.647172004275951451
51.500783115515844202
48.279619640174402662
43.517147033620503294
37.157674967264981092
29.281704593717464036
20.563253063135931598
11.913066389577465998
4.011305022945066412
-3.364776411823982016
-10.117282703206853967
-15.697009338869037265
-20.083552889884145998
-24.074540350076716777
-27.840016754058751758
-31.105224557996393742
-33.337354193624946674
-34.662807365717640096
-35.335958630824677584
-35.922977065846254163
-36.793248433202819569
-37.711111018698204589
-38.129372205133790885
-37.986068741488480782
-37.503064722600271352
-36.441611232073938709
-33.927200015400103439
-30.048892257789105997
-24.830400835929850700
-19.057522887960743674
-13.508741791160872481
-8.805632855351518629
-4.846977774590044419
-0.615072432213224829
5.181364008271060584
12.194468283522809315
19.184971326837086281
24.538317787519673630
27.817378031425278095
29.618551648663753895
31.164038273742562524
33.250563060999922982
35.810547784668102622
38.104901821210177104
39.718235912490314377
40.656050238562784216
41.036386059794551784
41.017800265478228994
40.887086105177957052
41.163485152723069405
42.177932496069274748
43.678451923470504425
44.873241131901579593
44.797636187004002295
42.916585759693390401
39.883835351422163740
37.262163583249162002
35.981361913989331924
35.598940255501048568
35.243962761609282097
34.067064076390835226
31.537675930176902739
27.744857462988136376
23.214437074415855022
18.410775968080884013
13.519589985027096191
8.764877060636933948
4.338704590983581966
0.419187003692627513
-2.911834748625835800
-5.651142210408977462
-7.806173903575654549
-9.569344960751948292
-11.210655315750557293
-12.783850681732189969
-14.077422297804560003
-14.883036217875087459
-15.128058172116197966
-14.967480077338393585
-14.821970472124689877
-15.076355774505998397
-15.879133479138147322
-17.008015008880022378
-18.007990191978819894
-18.568145401498611591
-18.733955353588100934
-18.836744018254364619
-19.288319049919380177
-20.272924489390504732
-21.665534066368195454
-23.344031984821810966
-25.214448549896530949
-27.124275112123029885
-28.956222415212891974
-30.683644057047217757
-32.322048990785276601
-33.836065569075401527
-35.076867041371940559
-35.805521198213284606
-36.037274290204493354
-36.086695878141767935
-36.024772758720473576
-35.801450271917133250
-35.495663909276572667
-35.308529526992572301
-35.412980304729615000
-35.813597492301994407
-36.330394795787810835
-36.704636273385403911
-36.683886579678016915
-36.106465345262051869
-35.030641664496044996
-33.732040760288384718
-32.532453756497204722
-31.646946486468436888
-31.120244085344609175
-30.833943194552603018
-30.589967105449375140
-30.238669550873794378
-29.740637393097358654
-29.109840085368659857
-28.401365250908327198
-27.713434174736221394
-27.152786854710484477
