2351.710432908842449251
2270.213473377422360500
2194.706409948431883095
2111.970415765194502455
1935.361904304819972822
1529.270360240281661390
1872.996355618970937940
1966.360276374653949460
1931.116304482756959260
1856.715685519381622726
1783.958399772757047685
1721.165809970226291625
1666.085315214210368140
1619.485283515149149025
1587.960564682257199820
1576.497287675651477912
1580.055669704344836646
1589.595532675170034054
1599.302725442451674098
1608.119650346900243676
1619.342934688827426726
1640.152927907816092556
1678.911305391631458406
1666.177621683957795540
1667.746010394808990895
1676.660594679952055230
1755.776947350818772975
1856.374165384413572610
1988.925160175260316464
2254.690417329083174991
2737.985742142156595946
3517.746536575569280103
4611.860547992850115406
5965.160886090367966972
7484.664142513796832645
9075.620640429429840879
10659.682003836349394987
12179.087730555394955445
13594.161429311281608534
14879.458749319483104046
16019.986066804605798097
17008.081022022091929102
17841.005228792626439827
18519.297819933060964104
19045.615459123047912726
19423.931144650137866847
19658.903819396065955516
19755.322463105196220567
19717.636468112796137575
19549.612222844531061128
19254.057260209843661869
18832.554482578427268891
18285.191765278046659660
17610.412123724468983710
16804.916019009036972420
15863.792097590938283247
14780.952995197652853676
13550.076623989010840887
12166.211553673621892813
10628.287005954820415354
8943.198319765606356668
7133.481021858972781047
6692.409609438522238634
4826.243721042491415574
3097.713985044651963108
1651.755247635705245557
656.912661732110677804
129.593049744651125366
0.000000000000000000
0.000000000000000000
0.000000000000000000
0.000000000000000000
0.000000000000000000
0.000000000000000000
0.000000000000000000
0.000000000000000000
0.000000000000000000
58.655686209127821940
566.526362538844978189
108.296175142052632623
0.000000000000000000
0.000000000000000000
0.000000000000000000
0.000000000000000000
0.000000000000000000
38.497943379925992247
129.553152054738404786
462.589016911566204726
1091.552977353780761405
2029.585032481855023434
3203.573117538993301423
4494.705771129658387508
4665.403089094947063131
5870.578601326596071885
6926.298636415757755458
7802.628643644741714525
8489.589025922237851773
8989.872851656915372587
9314.393342293680689181
9479.560729638453267398
9505.319683810412243474
9413.632618531157277175
9227.544912058221598272
8970.606283923321825569
8666.581618892858386971
8339.421645552609334118
8013.308073812669135805
7712.632683202211410389
7461.625900853950952296
7283.405316660089738434
7198.288177681942215713
7221.468278231612202944
7360.717963545036582218
6928.129805661990758381
6607.885856643225451990
6388.813578262465853186
6253.389300550170446513
6179.816034385524289974
6145.991031572009887896
6138.716738425106996146
6144.662979291178089625
6151.987263563915803388
6154.221884567685265210
6148.330964822374880896
6133.358882863988583267
6109.433935911539265362
6076.833593163514706248
6034.958722431631940708
5981.455442236600902106
5911.586605431804855471
5817.488180630632086832
5687.953262160873237008
5510.969041974558422226
5273.209428136849055591
4963.938034546407834569
4620.043766498120930919
4567.069139705460656842
4630.835670460048277164
4657.853090708324089064
4610.192284520678185800
4485.510830578321474604
4319.913302944861243304
4167.274549434388063673
4069.240278255917019123
4002.636955883059272310
3976.653159926881926367
3982.839887536436890514
3943.608706487933432072
3654.554560356109050190
2229.074037389881596027
2280.525531346841944469
2334.579655998610633105
2391.260907811882134411
2450.696660504287137883
2512.844649929691513535
2577.693186472525667341
2645.209334627178577648
2715.337786143993525911
2788.001880200569758017
2863.105434913582030276
2940.535297414848173503
3020.164416677023382363
3101.855254309389692935
3185.463358179582428420
3270.840965179036174959
3357.840555096224306908
3446.318336653487676813
3536.137703104930096742
3627.172740205521222379
3719.311900976154902310
3812.461975306237945915
3906.552478088344741991
3992.036732063982981344
4078.409691015240241541
4165.701771044054112281
4244.804152822225660202
4327.393089761440023722
4418.102927330911370518
4510.387967889340870897
4604.553449233201718016
4700.988068374259455595
4800.150403713296327624
4902.565510636905855790
5008.818189899440767476
5119.542915387315588305
5235.414030663140692923
5357.116852417254449392
5485.350344085049982823
5620.795871018731304503
5764.102908590954939427
5915.872731874890632753
6076.644222349855226639
6246.882371575167780975
6426.969780773130878515
6617.201156108677423617
6817.780509005251587951
7028.820517019975341100
7250.343303867838585575
7482.281776505617017392
7724.480625226186020882
7976.696160498225253832
8238.594330279205678380
8509.746530245383837610
8789.623175699682178674
9077.585421065985428868
9372.875856756114444579
9674.609431669083278393
9981.766182470282728900
10293.187529063710826449
10607.577856059393525356
10923.512796648765288410
11008.649954704891570145
11322.978333998071320821
11634.025919406514731236
11940.101786784545765840
12240.109717412724421592
12532.563659846800874220
12816.054080975329270586
13089.275520950484860805
13351.049481053887575399
13600.342459474255520036
13836.279471407502569491
14058.153628754687815672
14265.432314132807732676
14457.760248388056425028
14634.959450608514089254
14797.025859085602860432
14944.122336544924110058
15110.707353954987411271
15263.085874465328743099
15401.830809545850570430
15527.626978593370949966
15641.255403910059612826
15743.580425628766533919
15835.540757357932307059
15918.144400738343392732
15992.465908150878021843
16059.643243501970573561
16120.870861478590086335
16177.385887911972531583
16230.445467836145326146
16425.286349670630443143
16475.148710697561909910
16525.137330029254371766
16576.231580394505726872
16629.240836948556534480
16684.778135814915003721
16743.245446786480897572
16804.831135081392858410
16869.518745555906207301
16937.105227518084575422
17007.226213116799044656
17079.385929466094239615
17152.989632212818833068
17227.376923633008118486
17301.854791412784834392
17375.729544333262310829
17448.336957018786051776
17519.069876288813247811
17587.402361118231056025
17652.909250716547830962
17715.280011304905201541
17763.932391090478631668
17809.195229322354862234
17851.118344047197751934
17889.860732720164378406
17925.816709590297250543
17959.503071297800488537
17990.661227627260814188
18019.560719812387105776
18046.821455250639701262
18072.858854276662896154
18098.028908940344990697
18122.669453331080148928
18147.101177613370964536
18171.628181422765919706
18196.538743153520044871
18222.103700976425898261
18248.562593119269877207
18276.158458158883149736
18305.164415781389834592
18335.637427463923813775
18367.640143371263548033
18400.960317871013103286
18429.603705745495972224
18411.247050100711931009
18368.852124132696189918
18323.780001181308762170
18283.205888264510576846
18250.023805524178897031
18222.204787565056903986
18195.236198066762881353
18165.814869407873629825
18138.492941463384340750
18113.203492133234249195
18091.603133974280353868
18083.594995792653207900
18114.720164401671354426
4435.453458556604346086
