1985.220435299572500298
1973.128332302924718533
1929.703435198670604223
1844.881507385450504444
1702.365191326428202956
1514.527796016607680940
1511.997572878168739408
1476.203005759579582445
1425.107489925607296755
1369.993706462986665429
1310.717936649376042624
1252.006356832498340736
1205.822081308536098732
1178.836207214068281246
1144.589250196815783056
1082.849163061451690737
1010.719352730094442450
991.120324486911840722
1025.472811315094531892
1056.971370016820173987
1076.124918142802926013
1066.960056185130724771
1073.976595861433906975
1204.567368539682320261
1265.246750460624980406
1273.101328745696264377
1315.942943111115482679
1438.018510418279447549
1673.061581038969961810
2076.053162924692969682
2653.995024416165051662
3867.894846192354634695
5391.299378856290786644
6469.714238127755379537
7263.499565828768027131
7950.969128789961359871
8612.651890320750680985
9330.122079943928838475
10820.990282360362471081
13453.221982615152228391
15756.315890858573766309
17676.058020948788907845
19257.774553388811909826
20536.490682031802862184
21538.319691352044173982
22282.467208006433793344
22782.520793738822248997
23047.240017925887514139
23081.029649770443938905
22884.191014579322654754
22452.937291124690091237
21779.111944465581473196
20849.463875617158919340
19644.560275059331615921
18137.009833103922574082
16289.232402082045155112
14058.138557139651311445
11562.520640256443584803
9898.141549738111280021
9200.133344148574906285
8705.798993893720762571
8136.341607496948199696
7320.454906772579306562
6239.837373974502952478
4905.497266169680187886
4353.382526766535193019
1538.031075727410780019
70.961958526656317758
0.000000000000000000
0.000000000000000000
0.000000000000000000
0.000000000000000000
0.000000000000000000
0.000000000000000000
0.000000000000000000
0.000000000000000000
0.000000000000000000
0.000000000000000000
0.000000000000000000
0.000000000000000000
0.000000000000000000
0.000000000000000000
0.000000000000000000
0.000000000000000000
0.000000000000000000
0.000000000000000000
0.002330762415991214
932.420555683138786662
2193.420597198543873674
3071.287280623898823251
3669.016570198380122747
4232.224766513577378646
4794.387190319075671141
5377.453968325001369521
5974.961996303028172406
6576.227047973073240428
7231.782750530495832209
7887.205024222360407293
8421.264227582139938022
8756.888672921268153004
8925.237995488139858935
8971.127690324554350809
8951.362772074124222854
8911.758568400649892283
8792.755113476778205950
8570.048550537334449473
8224.571266303213633364
7805.977121324637664657
7427.677826248127530562
7166.458655002688828972
7016.736511399378287024
6932.188864324501992087
6830.975523254081963387
6612.691326839129033033
6415.904325370312108134
6240.220463017206384393
6065.231045327869651373
5924.344976490606313746
5828.582653699752881948
5765.773667781201766047
5704.353957870202066260
5637.729002792038045300
5546.278419346422197123
5535.659823190606402932
5669.556697742996220768
5684.922402950493051321
5676.872191670420761511
5689.282210132407271885
5708.282033209112341865
5680.683127882863118430
5561.149535245772312919
5343.204956488158131833
5076.591092395324267272
4803.214800307872792473
4561.451700103030816535
4414.857317552226959378
4363.268357504665800661
4330.907304760002261901
4258.825611277923599118
4120.008742986783545348
3913.238251208836118167
3670.262584805329879600
3443.453115099820024625
3275.122926772837217868
3142.641245359275671944
3056.200649026789960772
3012.331099525910303782
2998.897919180623375723
2984.937220550830261345
3592.879272270515684795
3578.335797050683140696
3537.168399764077094005
3484.510632673843701923
3427.045785675443767104
3356.192002966543441289
3394.935461969608240906
3407.734415591771721665
3396.733074427831070352
3367.716766116707731271
3329.016406741482114739
3288.605856953388865804
3254.116152903975944355
3234.831998905261571053
3243.771137586478744197
3286.279999418056377181
3352.144970585371083871
3419.763864524199561856
3482.184661407556177437
3549.123510766127765237
3625.723283491226993647
3717.508300691019030637
3820.147543266826687614
3740.828724843066993344
3703.639843127150015789
3714.127931753142092930
3763.054055478774898802
3850.144336419951741846
3985.098167894841481029
4183.998018022253745585
4472.842036341176935821
4791.067473941453499720
5168.500667608913317963
5682.955188507251477859
6269.174906853977518040
6863.581214113365604135
7424.667127885738409532
7919.227868111885072722
8221.739290825991702150
8276.523770284042257117
8332.925761944523401326
8410.874058852223242866
8511.581668426595570054
8635.808665787890276988
8784.128670876469186624
8956.953238020303615485
9154.557080766204308020
9377.102533344612311339
9624.659786482905474259
9897.219591101962578250
10194.695509658913579187
10516.913401132593207876
10863.586655166756827384
11234.276731262618341134
11628.339004510764425504
12044.818111838745608111
12481.032439760674606077
12904.853607262741206796
13124.318973474542872282
13109.429626599427137990
12990.355352918431890430
12831.344956400325827417
12688.683340659448731458
12602.598861236332595581
12616.682677719154526130
12616.240395609811457689
13031.604561837079018005
13452.476720612063218141
13855.506261149741476402
14236.771566734367297613
14593.680562898864081944
14923.981423013266976341
15225.731898346577509074
15497.252074543339404045
15737.067346161793466308
15943.851820044039413915
16116.381349171351757832
16253.503427013003602042
16354.128936656394216698
16417.248603344567527529
16441.974956104131706525
16427.608482263771293219
16373.724193203852337319
16280.272750703386918758
16147.697586021718962002
15977.235453166804290959
15773.033627899516432080
15582.886268356403888902
15543.484527830776642077
15719.047035513362061465
16059.322773476627844502
16489.510983397725794930
16958.660688866875716485
17420.663175593432242749
17841.205271804516087286
18196.790856721450836631
18466.268581463242298923
18651.207995360822678776
18768.595711987698450685
18833.658678057203360368
18849.695268121893604985
18819.591999156124074943
18745.818343054284923710
18633.242731551505130483
18500.939270836341165705
18363.667556121239613276
18235.472911134958849289
18121.403585635027411627
18017.913276207142189378
17925.129420175078848843
17851.940172640814125771
17810.128048936403502012
17813.508864929008268518
17838.324855835344351362
17903.527210516091145109
18005.881423574610380456
18142.618882853108516429
18302.461589118418487487
18475.846083915010240162
18655.655017918699741131
18837.387498092590249144
19014.022831095138826640
19181.288352700510586146
19320.191248827170056757
19418.770344164295238443
19508.708238933770189760
19576.906176395856164163
19617.830966880635969574
19634.115197863236971898
19633.861988135602587136
19624.295008015487837838
19607.620054237024305621
19578.800577104360854719
19533.916743764420971274
19469.829749663680559024
19380.719084316457156092
19269.581279618716507684
19149.585321467948233476
19031.862785098546737572
18923.211268550589011284
18826.617267374043876771
18740.220649489343486493
18658.955970995804818813
18578.742407458852540003
18503.915249617279187078
18435.051720474071771605
18374.897160378623084398
18327.131990865771513199
18296.536174845983623527
3200.589515910718546365
