2281.250896870351425605
2248.507353099787906103
2187.608668729958935728
2095.066059474198027601
1967.898951364879394532
1814.589401349749778092
1762.695845767529135628
1695.434220268644139651
1619.842380193868621063
1540.393041745582195290
1457.753856107511865048
1374.350566713439548039
1294.951656583455360305
1222.283972685196886232
1148.190533388585436114
1067.731254225329621477
989.478528985630418902
937.946239033432220822
917.046262536727681436
911.781659234536277836
927.128708818325776519
990.382124342623001212
1116.854281175824326056
1003.772317988561553648
936.105275664945224889
926.888905599180702666
978.846959802655533167
1122.315664735729569657
1409.055047558157184540
1933.944586676610242648
2720.261665595801332529
3674.702396221134222287
4595.305886247830130742
5389.981580747920816066
6151.448641064172079496
6906.514278646960519836
7676.986131565019604750
8544.163748779539673706
9674.164002321002044482
10826.216947019436702249
11867.779008578801949625
12784.320828624377099914
13572.009161872414551908
14228.979332080429230700
14754.493926325720167370
15148.596649664590586326
15411.864977967385129887
15545.189636547238478670
15549.589928932949987939
15426.124098591906658839
15175.865040857455824153
14799.870725827702699462
14299.114787905880803009
13674.559980758063829853
12927.263135653509380063
12058.672892853364828625
11071.218802226614570827
9971.245187007296408410
8798.974824845259718131
7778.512851226136262994
7002.691512894605693873
6254.720465230954687286
5429.121089535449755203
4507.707004313085235481
3422.350748016454872413
2304.384240211094947881
1299.163748912103983457
567.382437447736606373
134.499967276839271335
0.000000000000000000
0.000000000000000000
0.000000000000000000
0.000000000000000000
0.000000000000000000
0.000000000000000000
0.000000000000000000
0.000000000000000000
0.000000000000000000
40.264118969061868825
0.000000000000000000
0.000000000000000000
0.000000000000000000
0.000000000000000000
0.000000000000000000
73.280324246395082355
339.779792683992070579
813.633042550297318485
1481.658315795181806607
2256.902251331524439593
2966.853316362102759740
3574.088973979898582911
4160.773570980602926284
4731.477565517779112270
5294.124392771128441382
5855.491989161926539964
6425.904809920572006376
7010.806156387060582347
7554.094644702980986040
7998.380050291033512622
8316.247570285268011503
8512.815409043252657284
8606.431977981597810867
8628.329196367823897162
8610.246368117564998101
8540.189765440514747752
8412.286962972118999460
8220.939575749949653982
7989.374803352618982899
7768.604560879162818310
7594.398171518956587533
7467.148916109688798315
7369.526419590921250347
7268.716102693884749897
7087.552167415347867063
6922.908865597637486644
6775.777230302282077901
6638.172631591026402020
6524.758557626612855529
6440.225763950398686575
6378.958149933961067291
6326.663098860904938192
6279.417879264495240932
6227.454499409709569591
6214.427177020622366399
6265.750914725378606818
6266.937541514452277625
6256.792496194045270386
6252.343052294771041488
6246.182641822166260681
6214.464977798029394762
6137.149928764504693390
6011.298032628232249408
5858.474783145657966088
5697.261681714386213571
5544.958397097436318290
5429.732693331248810864
5352.449415645762201166
5281.535865575585376064
5192.655571048472666007
5075.289776596222509397
4930.169536795924614125
4772.351443798367654381
4625.872951803179603303
4510.469111877751856809
4417.833905260773462942
4353.234702826737702708
4315.396246401505777612
4298.576381254410989641
4288.376970909487681638
3728.267317726551482338
3702.411385002761562646
3652.368682419378274062
3596.633684203638495092
3549.577078788010112476
3500.451941028869896400
3510.665305789098056266
3505.437083590479232953
3480.476446506396769109
3437.643817073100763082
3385.886329174120874086
3331.934257734637412796
3279.242794069291903725
3234.622644101472815237
3220.834158308653513814
3250.898539898492344946
3309.758637420976810972
3354.679198855657432432
3380.308688504312613077
3419.780967613630764390
3482.993266263412806438
3551.898843050160394341
3630.851149252775030618
3472.364678612207626429
3379.918962440314317064
3332.108259666426874901
3330.512681041735049803
3347.408579191809167241
3337.846715029616916581
3198.243802212415175745
2927.669152670690891682
2672.692830296604824980
2711.445034044327712763
3124.858497769532732491
3693.509942340409452299
4306.566900224630444427
4870.474157687890510715
5208.599525041228844202
5021.527303851456053962
4674.145517882074273075
4367.316222661197571142
4118.565240047020779457
3931.728430553027919814
3809.640913556237592275
3754.624322184322409157
3768.499803542355948593
3852.587727198957963992
4007.704247352084166778
4234.153584895251697162
4531.714768024701697868
4899.621738887827632425
5336.535879869781638263
5840.510164687003452855
6408.944293260818085400
7038.529748990648840845
7725.172072040774764901
8463.683799134554647026
9244.097973041965815355
10005.174478015818749554
10396.699566306415363215
10288.794656445545115275
10061.558663908213929972
9931.456229901175902341
9989.485316692318519927
10418.784391500868878211
11091.721998953526053810
11868.724132029867178062
12599.410261536451798747
13272.350680735804417054
13878.092927160296312650
14408.110766562635035370
14854.958254518222020124
15212.427467567649728153
15475.643314518023544224
15641.095422572632742231
15706.613530361097218702
15671.301669688944457448
15535.449322840180684580
15300.436623558043720550
15715.411741904752489063
16034.459346773257493624
16259.468008885383824236
16393.335404591365659144
16439.996551307616755366
16404.661360125614010030
16295.438896128578562639
16127.409201465618025395
15933.994035304640419781
15813.693630587795269093
15947.089501916840163176
16326.637613235452590743
16785.767548424380947836
17258.646796149219881045
17682.986325441783264978
18009.453160588869650383
18196.813778097603062633
18222.213950889399711741
18151.918991219132294646
18061.398563235590700060
17992.907469166973896790
17950.540222956486104522
17923.837931899975956185
17887.628662646573502570
17817.511639000244031195
17746.166480362855509156
17699.100324233979335986
17701.682774766846705461
17742.102802225053892471
17772.156051667698193341
17761.702864852861239342
17723.798160882710362785
17691.549956259554164717
17714.888049374851107132
17774.661242282854800578
17871.535607490528491326
18003.130525362314074300
18175.716961897633154877
18364.169620890686928760
18554.280215133370802505
18743.805431697423045989
18941.013623066650325200
19140.878064249543967890
19346.342541259051358793
19492.810763588542613434
19540.233623802054353291
19629.119026795153331477
19705.017653879280260298
19742.739210273306525778
19749.685018448104528943
19755.493481888108362909
19785.981589903578424128
19846.007861851423513144
19909.909329697806242621
19956.651733653379778843
19967.595369560287508648
19910.863253480049024802
19790.118575402899296023
19650.980131964141037315
19530.019828172473353334
19446.144797742159425979
19403.730475892742106225
19388.581727191511163255
19374.735956944958161330
19341.463232945479830960
19303.620641876070294529
19258.181381137706921436
19209.566215554019436240
19166.247308653739310103
19145.222327067713194992
3636.188178800897730980
