52.177658637162522837
53.154603992159920267
54.366856698018011684
55.429739074422414546
56.037585905580755252
56.410288745629316054
56.767837458132902384
57.218376857079235265
57.908640219009029693
58.860217133787088528
59.939033534889929911
61.045223088082650520
62.137692675155193456
63.085407805764376121
63.392573931071353854
62.765738110770342928
61.558519502571073190
60.701206419287359495
60.316673143656146294
59.761466102284217072
58.907832616866926401
58.197063960354455503
57.530749143327824413
56.630329022739203992
55.541722878761092375
54.146663166024666225
51.916635771924063647
48.849736820777920343
44.741795890822530168
39.379911533392032652
32.407898544646187133
24.157586246521518092
15.431925328472800629
6.947015696486857905
-1.432889987609144100
-9.513763126272067439
-16.655634928571686260
-22.756907335201276510
-28.543281549035839362
-34.120621485353922253
-39.156522803947694911
-43.066440894840752662
-45.930714855447462242
-47.963262170790017080
-49.695433639120636826
-51.467593328395253138
-53.021172113640687940
-53.792656273432896796
-53.710920248514099740
-52.996411048085292350
-51.417206622902284607
-48.114176348386081372
-43.200329172917093956
-36.731557292020113437
-29.533349692563660938
-22.430342434199843638
-16.095459209386575594
-10.482675715001079197
-4.631819716119395025
2.690990820669469485
11.086811719509796603
19.288748774577953782
25.721636712798357394
30.139478157825521976
33.490298627265929099
37.034351936006942196
40.989516198229523525
44.953535453939281297
48.369974204718062083
50.970704312987464846
52.757868554596797139
53.827495683025858852
54.328491822591814753
54.543402363649590825
54.990147398091067998
56.000720645820592836
57.326360422212843559
58.180625340119490829
57.606623001161466391
55.080129489763805850
51.270003914259831390
47.760633091964592722
45.513838159614238066
44.136360583531029533
42.832863841310313546
40.851305347337813600
37.706803831196793908
33.374958776173400565
28.174476261465514426
22.448900799006850093
16.398758162633470192
10.338838978192086415
4.564713672725588367
-0.660292753441297009
-5.192588759113732522
-8.986063241689606684
-12.018437532915015709
-14.461607421079492042
-16.572253246440254770
-18.397614692443738704
-19.727213507458515096
-20.362369487800151546
-20.249300867072406618
-19.570489712266493143
-18.780944709909334733
-18.304105903458719240
-18.328689441712697317
-18.672053970749459495
-18.916769137460789807
-18.786371461201895272
-18.356576343718387534
-17.983347508948838822
-18.095935858139085894
-18.887489447512194829
-20.232759945054084483
-22.000690287550781932
-24.080926596467008949
-26.298921910015025105
-28.511612542809643855
-30.664639205892456175
-32.745496046269295221
-34.692096633546441353
-36.331880224793849266
-37.406800023238304220
-37.918816491364026433
-38.175444380167817826
-38.246386449912023409
-38.084980220333022771
-37.776716911313144465
-37.530628382927091025
-37.527096946291834456
-37.776380610800231352
-38.102229369737301568
-38.248951049989045714
-37.968757590652955969
-37.108525912447134942
-35.739950181431765941
-34.155568316524806960
-32.693935296022971215
-31.582142808825608427
-30.868584053255403887
-30.429111110832138820
-30.052545397717096876
-29.573240930798760928
-28.938174031286507670
-28.154484479837606159
-27.279385845338026684
-26.421250332270346917
-25.700214957553555450
