52.920530804653942880
53.630545099069827586
54.644074120814529749
55.689465499034191964
56.494797585495717840
57.087095324209819580
57.349230468989624399
57.605619353339363897
58.132998880742157155
58.951064863951977202
59.913586653395867643
60.902385084929626657
61.857020668016645004
62.674355783447651902
62.961180914952699084
62.485526312993521003
61.504203081085492499
60.745696664205013349
60.301120183171434519
59.668167050291458509
58.783301938239112872
58.037552402274101837
57.177836300056739560
55.894715793486284383
54.652491782083686189
53.324492218430037838
51.169660455444308411
48.067778290485577486
43.813270128602823661
38.235845860955194553
31.060413194755938093
22.827636107364938312
14.553968769335668298
6.910574841560872983
-0.485542114770197486
-7.699941214251651900
-14.268149212197272391
-20.159813163275288161
-26.081500883405283275
-32.058943256016902978
-37.654298809137912940
-42.182639573021134538
-45.645538631998988421
-48.202930817953728138
-50.352670080201875180
-52.415939981437048800
-54.124136687037776028
-54.909444727225263705
-54.700361063556755425
-53.720344449461663316
-51.744385941483500346
-47.925657513314405378
-42.397356173417932723
-35.246942048577579953
-27.346997617944623471
-19.588396114566563710
-12.730023587124549067
-6.825500140031607543
-1.012722635822910888
5.868281767123932013
13.391334304697153357
20.324010889928388224
25.196841191261370341
27.961060979442379448
29.899225285405492514
32.744731491129414280
37.065431681088199412
42.184543497282447788
46.776011794566500157
50.196206349374307365
52.489321723846302348
53.854578084626893997
54.513268695371266404
54.793725240891546946
55.242280610664209917
56.208611072667622466
57.455216891206958962
58.203039093842107832
57.499952211526135670
54.824124463474447566
50.843635839047152558
47.136756407030759419
44.649525693707886376
42.955403143661953891
41.196398219089275017
38.524740014872179472
34.406171370719931701
29.085649074634034150
23.476668421462306924
18.214770131526648811
13.319810068135410575
8.746774271417223190
4.475136235843052646
0.563047718700886435
-2.950212962063943678
-6.050372678609647892
-8.700281239755042861
-11.030583896575024028
-13.246404363164799634
-15.344431531992142936
-17.069926186849045280
-18.186125338042074873
-18.604614645636161185
-18.474627937556817869
-18.220017313783387181
-18.238600147300246590
-18.702974329947892329
-19.425187707503710044
-19.989831443369666886
-20.122506541866584939
-19.894192045861245788
-19.647808803424481994
-19.796632653238702915
-20.523598984402838141
-21.705118257938295301
-23.224140334257242557
-24.993018640684965703
-26.863661508576001324
-28.718869771064589713
-30.527353325871160905
-32.297378730494870069
-33.986718729954020546
-35.440558419247111033
-36.411184258801142732
-36.898087584282166063
-37.194232248980711120
-37.348500035015320009
-37.291160062053108959
-37.083500509988937210
-36.912244153005417502
-36.944223511631946621
-37.192013813304129144
-37.499711044554203454
-37.644436285551989840
-37.411118387871283630
-36.663642112922445904
-35.463830705770590157
-34.068841981931427654
-32.771322694320645041
-31.762275554032271430
-31.079087226989997816
-30.615624424515544888
-30.199493765331340001
-29.708707748866459042
-29.123515791168870237
-28.465118654801983666
-27.783444179412924768
-27.162368458420075967
-26.690992773488005696
