52.755366197319283117
53.470857567142147104
54.472131322480251470
55.499573436068196486
56.328438150277904128
57.022436005025681993
57.348554342585032373
57.615197407921250772
58.116769383832270535
58.882923643797980162
59.779315160918514493
60.720600095316186184
61.710249059748619516
62.686413850556952809
63.151882292037200273
62.707226307579688296
61.640570515461227785
60.774694314139914297
60.245010026396904834
59.598515409501686690
58.802228224695213044
58.136535683520534690
57.459801569367144225
56.527935766582942279
55.418506735811703834
53.999811316183375709
51.742684551904368107
48.823290589314446208
45.091727254210439924
40.086383632968988877
33.056226998805328776
24.390051905778335595
15.211107503850769262
6.474265468103325816
-1.898763064999371863
-9.799412911578500029
-16.727793251346085412
-22.685897646951886486
-28.428307642463977345
-34.037346248749003053
-39.142890363106346285
-43.130322452138670997
-46.062305472902835390
-48.144809695289382034
-49.907068983357248726
-51.690142887796071136
-53.237095647094974993
-53.985979897754560852
-53.866719719956307699
-53.100182099642694311
-51.454345971144675786
-48.069766251382702649
-43.059450545674934574
-36.480441900553074674
-29.161811898665206400
-21.936064585112433178
-15.490683755713490655
-9.803217908399886937
-3.946065371724017723
3.280317869727156221
11.460631109382632076
19.357325844317898600
25.481847345786832193
29.701550006192917408
33.039275940996645886
36.727573212678152004
40.837055258521701262
44.794290834330894313
48.040271630603342601
50.474474759111984667
52.185077396199602617
53.252323017089821633
53.795825257579338086
54.079258566392866214
54.609601545053465088
55.712153124681009331
57.133685409274193034
58.084474775380556366
57.604923166180242333
55.168236369430474042
51.440412181385539725
48.002152011212302796
45.809977163937617206
44.462437453787060804
43.151058033975630224
41.103188571545643981
37.807971758779189031
33.233696112566661895
27.752835290701511894
21.826588396660753233
15.776365093203764900
9.953623056918047496
4.560748794662345063
-0.309003049861360068
-4.639483610801079294
-8.405094562842776895
-11.531069069177107167
-14.122913004178457186
-16.386652529698238823
-18.338675367275868666
-19.752916972886367830
-20.425577911807721421
-20.305181881556165990
-19.582545039481288995
-18.726693988428507964
-18.180648268441473192
-18.157109559328176829
-18.498024917242076981
-18.803965282560767491
-18.801619160894489369
-18.550989716218538206
-18.377544400600640984
-18.675173430007674824
-19.605364239788571012
-21.017273835218816203
-22.759996893681943675
-24.712749311262257379
-26.706870109204203345
-28.624889732150677446
-30.455194864118652731
-32.239801141877194368
-33.975578625452271808
-35.539546012131211228
-36.692429818898688154
-37.408967737855164160
-37.932732605853232144
-38.261134017268716434
-38.290625864520052346
-38.073105118226692412
-37.805297083973641747
-37.673653595940209016
-37.713370788062547945
-37.794454701250344897
-37.726212440161589257
-37.328529723966994425
-36.490082121831619588
-35.275076627372754956
-33.921270990739060380
-32.692513473855512984
-31.754642652904749411
-31.129840727630380570
-30.706167596441957812
-30.309781822593890865
-29.815255613280669422
-29.193889260863500112
-28.454246637529536201
-27.636746758648939704
-26.829600521753320663
-26.146841847941459491
