51.352553452381982879
52.631445836102301428
53.974772780555362317
54.918367165959494969
55.207603947328706795
55.202388939371502374
56.027122417053924153
56.864569346559775909
57.653364750023399665
58.464761192825577041
59.287276406209656443
60.135936556065288983
61.017922475611413802
61.833899055606551087
62.112848302018456081
61.573165714643423030
60.546317669374182913
59.902820088316659053
59.580656795917448676
58.366485014172269530
55.513992917240862823
51.671100278200817968
49.326191050581954300
50.396842147786259147
52.479187389260204100
53.186312592512656749
51.796862824102802847
48.605789498054704723
43.666937963341766249
37.138618434144859748
29.169359905354653506
20.440885620079129126
11.845489818443638796
4.040696085412093908
-3.213553206465462608
-9.830921344868812639
-15.269930212637376599
-19.515736302932737090
-23.370296660743548500
-27.007199538660046301
-30.154658452373240607
-32.282367450339961579
-33.518808690747420087
-34.120025972067111297
-34.653446760375487656
-35.489306706133589842
-36.392395466018371053
-36.815589949887481680
-36.696633253984089151
-36.256747881583578419
-35.256203442553299965
-32.819170304971066798
-29.033042222900547813
-23.919510069877901515
-18.261987522806833795
-12.836210445103546363
-8.260644207574216580
-4.430599679948812764
-0.324531387719446229
5.353095783956831610
12.259191283264527783
19.159939948378109875
24.446849240502103839
27.687635867099089637
29.475390015904196162
31.012719345412563143
33.061829332814170357
35.525199579562269037
37.682730030237337360
39.178722161065650198
40.041022968331134280
40.378296059228915738
40.338176562479588938
40.200304799939743816
40.479359152710230774
41.503213768651164628
43.017765398211366801
44.229747248070054866
44.173575829191975117
42.313789241539808472
39.304247354015643623
36.708463879728611801
35.457791192073557340
35.112448093342607081
34.805482627005289942
33.690662413875287484
31.232738213600697463
27.507782869672325887
23.035132492694117445
18.282736025571892924
13.442475094329068952
8.742196042470368411
4.374871215795451462
0.517471432326487957
-2.750449542742046560
-5.428447423916907155
-7.526775035568732619
-9.240402347909139280
-10.841428237006823565
-12.385116054035222533
-13.660817593479976040
-14.460372153991897903
-14.710656676140104082
-14.565602251360530772
-14.444392544531240219
-14.730122548368342450
-15.569476272831479946
-16.738383134860896462
-17.780131442739218528
-18.382190368491819754
-18.588502072903793305
-18.728977505573141116
-19.214210216620358551
-20.227529678901703392
-21.643377850524530004
-23.339526782995108078
-25.222297414793104053
-27.139815128971235936
-28.975686380761544569
-30.704337217010674976
-32.342442475068992280
-33.855791520993761878
-35.096578666474954389
-35.826591969462185716
-36.061370938454160751
-36.115322546676395632
-36.058883120749612772
-35.841175973441181668
-35.540189346449722052
-35.356167749427186209
-35.461501083040502635
-35.860777534438568637
-36.374636601513941514
-36.745414203702637224
-36.721789352298003450
-36.142740444951584777
-35.066382943290136609
-33.767382398473046123
-32.566182339323972883
-31.676758544880328827
-31.143568083042111994
-30.848986005095525798
-30.596556537832896083
-30.238581636432513733
-29.737346757781836004
-29.107855740770730790
-28.405410939685225458
-27.727721253520655864
-27.180541861590086228
