2327.771690477042284328
2244.835827421382418834
2167.909345162765021087
2085.159963139110914199
1912.448857608849039025
1515.712857320438843090
1848.550694160968760116
1936.554768902324212831
1899.602172318117936811
1825.183807099413570540
1752.651530410122859394
1689.699203399758289379
1634.027838429869234460
1586.579495337635080432
1554.157290589208514575
1541.868259478191475864
1544.527070837917335666
1552.810474627288840566
1560.659954572648530302
1567.221243306456926803
1577.393695281975169564
1602.404872227714122346
1656.428710221034407368
1628.895140541361342912
1633.032742378310786080
1660.537260494910469788
1711.110514491552066829
1797.061816115401825300
1947.825744977109934553
2220.629629209342510876
2702.518737042213615496
3476.074508695215172338
4562.157887308282624872
5907.625852953436151438
7420.557522980800968071
9006.418966999133772333
10586.507755066564641311
12102.340612174368288834
13513.493383461953271762
14793.807742202849112800
15927.716820819028725964
16907.172037951895617880
17729.255315960806910880
18394.541143878486764152
18905.939174229788477533
19267.894666287924337666
19485.756017324831191218
19565.210427784317289479
19511.805656046297372086
19330.609218497767869849
19025.944046905646246159
18601.136984567932813661
18058.270999731666961452
17398.067406143909465754
16619.823399206863541622
15721.561165902490756707
14700.448918743859394453
13553.656875260216111201
12279.751143607201811392
10880.745164721771288896
9365.171538250238882028
7753.381740905618244142
6085.397085612380578823
4429.926357540999561024
2888.228082564141004696
1580.085582058942918593
647.021183441430366656
118.032955520404726713
0.001202195276193818
0.000000000067215641
0.000000000000000000
0.000000000000000000
0.000000000000000000
0.000000000000000000
0.000000000000000000
0.000000000000000000
0.000000000000000000
0.000159198868329734
529.061845957945138252
0.006699618277677614
0.000000000000000000
0.000000000000000000
0.000000000000000000
0.000000000000000043
0.000000000080090631
0.000012340838113446
17.030860905315254428
424.656967362728835269
1046.208280939871656301
1892.069435909220146641
2911.455006150629287731
4016.305982140102969424
5118.033430413272981241
6147.308437127153410984
7057.914736575064125645
7823.287865364311983285
8431.621133895281673176
8881.451920737277760054
9178.624058303483252530
9334.249301190095138736
9363.135945438350972836
9282.531017949495435460
9111.369145280661541619
8869.860111875515940483
8579.350810130294121336
8262.431138260881198221
7943.025463923772804264
7646.294843782665338949
7398.042538885205431143
7223.423191200290602865
7144.852227227912408125
7179.259982764537198818
7335.439860505754040787
6875.076665056344609184
6533.736302944724229746
6300.187847103579770192
6156.166828057918792183
6079.889371822961038561
6049.606958899188612122
6046.149805400886179996
6054.225872777804397629
6062.683731024479129701
6064.069393575026879262
6053.858570686631537683
6029.554095766955470026
5989.956835775642502995
5934.785571616103879933
5864.291014032350176421
5779.093741004372532188
5680.177368686847330537
5568.960482227763350238
5447.368287643727853720
5317.841699243048424250
5183.251436226390978845
5046.729635398910431832
4911.434828495801411918
4780.286279185711464379
4655.703867605061532231
4539.376846192971242999
4432.118927363623697602
4333.863588764627820638
4243.819737053215249034
4160.771314770562639751
4083.469183881901699351
4011.047227431148712640
3943.385110069239544828
3881.280557249904177297
3826.254134074139983568
3779.860544521724023070
2260.915140913828963676
2311.930109849059135740
2365.423287318246821087
2421.443935457603856776
2480.025103662310812069
2541.181372204983290430
2604.907195794565268443
2671.176000324230699334
2739.940125434322453657
2811.131630907802446018
2884.663909558687009849
2960.433986546219784941
3038.325344265718740644
3118.211100390541560046
3199.957381829348378233
3283.426773667706584092
3368.481772651525716356
3454.988228198374144995
3542.818804290743628371
3631.856534722900050838
3721.998571047558925784
3813.160231893031777872
3905.279455521497766313
3986.272518152534757974
4068.209242287711731478
4151.147601873536586936
4235.190107944894407410
4320.490027448579894553
4407.257311628965908312
4495.763757320796685235
4586.346835389936131833
4679.411579206825081201
4775.429954285689746030
4874.937239456494353362
4978.525141061803878983
5086.831617174702842021
5200.527677564972691471
5320.301708847307054384
5446.842111333417960850
5580.819192071631732688
5722.867317775420815451
5873.568286308423921582
6033.436736053793538304
6202.908199600399711926
6382.330146517396315176
6571.956079651818072307
6771.942475087705133774
6982.348113094054497196
7203.135155070314795012
7434.171196746021450963
7675.231481574402096157
7926.000499936878441076
8186.072331310160734574
8454.949304768506408436
8732.038847263485877193
9016.648738181727821939
9307.981361766138434177
9605.127905867133449647
9907.063744593820956652
10212.646411990786873503
10520.617572327486413997
10829.610184904824564001
11138.161641610198785202
11444.733057501474831952
11747.734201027877134038
12045.552881178737152368
12337.178186503870165325
12621.186951509351274581
12896.224303063172555994
13161.030453582268819446
13414.464388347922067624
13655.524048766948908451
13883.362930636756573222
14097.303135233742068522
14296.844851523332181387
14481.672088474364500144
14651.654320658990400261
14806.843656142300460488
14947.467253160162726999
15114.744059472306616954
15268.333866775483329548
15408.856388774982406176
15537.041929866511054570
15653.711487393682546099
15759.759098466474824818
15856.137798830890460522
15943.849564173335238593
16023.938384948565726518
16097.484506254582811380
16165.597190220269112615
16229.403374574783811113
16290.030365913738933159
16348.582047736668755533
16406.109648033980192849
16463.579482771983748535
16521.840925715936464258
16581.597993613515427569
16643.387419098209647927
16707.565119811730255606
16774.301836379174346803
16843.587663515318126883
16915.244420569462818094
16988.944378356300148880
17064.233760861559858313
17140.559584362923487788
17217.298654865891876398
17293.787788194524182472
17369.354442612926504808
17443.346914420588291250
17515.163057873211073456
17584.276234311244479613
17650.256992379916482605
17712.788961732465395471
17756.302097306121140718
17796.102845626966882264
17832.237969295871153008
17864.856279846004326828
17894.189686497269576648
17920.531293157862819498
17944.212775010677432874
17965.583037921140203252
17984.989681290524458745
18002.764177178170939442
18019.211071753477881430
18034.601019815778272459
18049.167127884807996452
18063.103924624694627710
18076.568265527421317529
18089.681570915727206739
18102.532934100010606926
18115.182779029339144472
18127.666858291246171575
18140.000450757044745842
18152.182643058586108964
18164.200569360662484542
18176.033460851693234872
18187.656336534477304667
18199.043165460327145411
18210.169358334333082894
18221.013502545312803704
18231.558333304554253118
18241.791022193054232048
18251.702943157728441292
18261.289130860102886800
18270.547658639130531810
18279.479128682349255541
18288.086390895605291007
18296.374506494277738966
18304.350880185505957343
4390.100927595440225559
