2398.966872923281698604
2401.282877739469313383
2362.754492210458465706
2266.341397722093006450
2090.042145899249590002
1841.526858717449385949
1894.460059034333880845
1893.022746568040702186
1861.060016607930492682
1815.580434674736579836
1760.688137675148254857
1703.232481121705632177
1654.891092121271640281
1620.285201623399188975
1573.549748091008041229
1500.633170519818577304
1421.994021513333791518
1399.420350239094887002
1435.480736693280050531
1476.648485129290065743
1519.105532896619706662
1574.598910707446293600
1596.048820203008290264
1577.892315478884484037
1560.233142918843896041
1582.115717115676716276
1626.123019537884147212
1727.431379407917120261
1913.894718880304480990
2228.464227409806426294
2671.125465955061827117
3952.422013355503622734
5898.930913060999955633
7233.770346714753941342
7953.071143322439638723
8522.285298090284413774
9075.849981384275452001
9715.085450715154365753
11603.228655545437504770
14012.707403050484572304
16043.571346876295137918
17727.456900447468797211
19099.876422672965418315
20190.548414040007628500
21024.184734124166425318
21621.242297306387627032
21998.407419051527540432
22168.829728326130862115
22142.217728721640014555
21924.864877009516931139
21519.563962510510464199
20925.376535522220365237
20137.205918253628624370
19145.262491625911934534
17934.289922121279232670
16482.735624576980626443
14761.877157453856852953
12735.500468091939183068
10402.706718141200326500
8799.175319576001129462
8303.488411558135339874
7853.306274710985235288
7170.354731119876305456
6211.052300610098427569
4828.165931659612397198
2661.055795635701542778
794.725779785239751618
0.973989866446525854
0.000000000000000000
0.000000000000000000
0.000000000000000000
0.000000000000000000
0.000000000000000000
0.000000000000000000
0.000000000000000000
0.000000000000000000
0.000000000000000000
5.032508522193986700
486.050321104774297964
21.617259317150136155
0.000000000000000000
0.000000000000000000
0.000000000000000000
0.000000000000000000
0.000000000000000000
0.000000000000000000
0.000010653386113396
496.652124330704339172
2065.314457715372100211
3594.968285402236233494
4237.676467681054418790
4711.475213793391958461
5162.135449893657096254
5628.114767761860093742
6136.529539108235439926
6775.699726394806020835
7675.450776405918077216
8640.673254899478706648
9366.884748006361405714
9719.264638596583608887
9753.872029076921535307
9613.777120986176669248
9441.964432024929919862
9310.396387659355241340
9149.750528427504832507
8917.616761169261735631
8582.583259387891303049
8186.899035347315475519
7839.533953319505599211
7614.455299538512917934
7504.270669836510933237
7461.596796470643312205
7404.079390603729734721
7183.729563905308168614
6985.858200683819632104
6809.895685010204942955
6635.433044303420501819
6496.031123804596973059
6402.964071964555841987
6344.294184022216541052
6288.613288875382750120
6229.364495566995174158
6146.803038172186461452
6146.204646896881058638
6290.719556853818176023
6316.841068060641191551
6319.160671184304192138
6341.158965208486733900
6368.665732796863267140
6348.268657026215805672
6234.511049818563151348
6020.928109421087356168
5757.396820077319716802
5486.043043193183621042
5245.519652339260574081
5099.665825373363986728
5048.520127367798522755
5016.301244443259747641
4943.890857080887144548
4804.153859597940027015
4595.949667778046205058
4351.298454925870828447
4122.963108417136027128
3953.679070478532594279
3821.144167032101904624
3735.642457424075928429
3693.437289986954510823
3681.798203821819242876
3669.119194011207582662
3279.599873592021140212
3276.460168401726605225
3241.079310625844755123
3184.357606403049430810
3110.132322514366478572
3008.437276135947740840
3083.516572715779147984
3120.276023905914371426
3124.760402310266272252
3107.026843855160677776
3079.057330291881044104
3051.365319707006165117
3032.721373196883632772
3031.801660198508216126
3059.073930689902681479
3116.788581035863444413
3194.269124074442515848
3271.976833044288468955
3345.110588519494285720
3425.901607837507981458
3523.814266972552559309
3646.950148413559873006
3810.236168346614704205
3776.709691116056546889
3777.900790162780140236
3803.752721257753819373
3855.803003691449703183
3932.594409227604046464
4041.416734124681624962
4195.929550349463170278
4422.445980274747853400
4628.285069417030172190
4829.972164992976104259
5194.102725793322861136
5688.198500134954883833
6209.192196007127677149
6709.953020359883339552
7153.978665114481373166
7342.188313795720205235
7392.832713052511280694
7458.475999435412632010
7541.750392409950109140
7643.462733075484720757
7764.217164336170753813
7904.425675413213866705
8064.322385935580314253
8243.982204558324156096
8443.341207565154036274
8662.215944603576645022
8900.318937450942030409
9157.267901850884300075
9432.586691141324990895
9725.696628086492637522
10035.897750318372345646
10362.340522557387885172
10703.989718286558854743
11059.583099040855813655
11427.525409154437511461
11798.946189699971000664
11997.908347342232445953
11962.285771833083344973
11876.299328425817293464
11806.526509784371228307
11787.564033456965262303
11874.999152723765291739
12162.230775989071844378
12517.514059449149499414
12858.317532622304497636
13181.659832880937756272
13485.044534033248055493
13766.210629603070628946
14023.148533491144917207
14254.105989291796504403
14457.584603761044490966
14632.331173048583877971
14777.327501445024608984
14891.781496647028689040
14975.121335853749769740
15026.993739460118376883
15247.149146806006683619
15435.585813556766879628
15592.423449009029354784
15718.042888404375844402
15813.115606626231965492
15878.639958540243242169
15915.981708225684997160
15926.940422082569057238
15914.751633231187952333
15900.184016468003392220
16009.130730226459490950
16316.148297424460906768
16698.149388221438130131
17101.854399640251358505
17488.444781836748006754
17826.003794486601691460
18083.149135698622558266
18233.077874325452285120
18300.587741256535082357
18330.393838191139366245
18347.010422775816550711
18350.366882302532758331
18329.317001869796513347
18273.496995337340194965
18182.739032908371882513
18075.796685242621606449
17968.251826964580686763
17874.265379632979602320
17798.409229540233354783
17736.349983108324522618
17687.348432632330514025
17659.496524815840530209
17663.916991645513917319
17713.916897408500517486
17739.057061595558479894
17804.724312302492762683
17907.851743817249371205
18045.874413763591292081
18207.712181759001396131
18383.963202007922518533
18567.622267616061435547
18754.239277437238342827
18936.777410886385041522
19110.876627618916245410
19257.392773316201783018
19364.130271923026157310
19462.450656879453163128
19538.909195600914245006
19587.615253643853066023
19610.891600963339442387
19616.630391677885199897
19611.964082073376630433
19599.124971826982800849
19573.207568272719072411
19530.499865463159949286
19468.086362629677751102
19380.312515998462913558
19270.234561448007298168
19150.989234378037508577
19033.641290229326841654
18924.946978733245487092
18827.933974244700948475
18740.906004584983747918
18659.077945248005562462
18578.692689750063436804
18504.329011086563696153
18436.613689149031415582
18378.093478895563748665
18332.059528340952965664
18302.916983822840848006
3889.389021455849615450
