50.961300883933688510
52.826612122483105338
54.621656058314854931
55.680661939416403072
55.841486810271398156
55.480146095489807578
56.035987295107830164
56.334752109326402092
56.654577644670013115
57.185731317132855622
57.847756042277751476
58.567321497417971443
59.329804114960126071
60.034081620170439919
60.214381167867770728
59.594246588814812071
58.521176359063559858
57.895774070776980125
57.785420332415895928
57.413369828512834658
56.142741666965910952
53.385320532649309655
51.142219071764039029
52.335842795573221053
53.900004224292089816
53.866125712816661064
52.064850289461929833
48.825020070118590354
44.060860040462458187
37.748248994627786601
29.894723304902512950
21.147246276036327117
12.435434877908861040
4.467970942715737692
-2.959186773587646258
-9.739931492800650403
-15.323295785407907488
-19.690334918607618420
-23.641642738115933753
-27.350933605914121927
-30.547379131466556146
-32.702077299841079139
-33.945138463474705759
-34.534353227972218292
-35.038984352124600719
-35.831200058737266545
-36.677838622493993626
-37.033950695930542452
-36.839566432025662834
-36.318271496652556607
-35.232713043247429141
-32.709372909981738076
-28.837801031004772767
-23.641602869935411491
-17.905790379700221138
-12.407317980740685925
-7.765423835106076922
-3.875648478159178012
0.284033195663852212
6.010609209580962897
12.963754624641467217
19.913935770595713848
25.257590558123325764
28.562641280684772482
30.404475995657151088
31.958682193174638542
33.974248508361739596
36.334833196622838614
38.338419835700307203
39.699907816423689155
40.470136826289973442
40.738878448666241638
40.633044517896706793
40.415147572775765639
40.582274606148558860
41.438750181449734100
42.698542572336407375
43.566465146342579828
43.243781242400444853
41.384477155992556163
38.465075143226783894
35.897608820113674710
34.638292678806578806
34.316565946583637015
34.149870990089254974
33.389815134352176074
31.535288485494987754
28.481481555090539359
24.453109478786160480
19.840117304989973945
14.922677527625211269
10.017206888751729821
5.369806933653165970
1.187289958453419558
-2.431942170268598602
-5.472606713371305887
-7.930989022019787171
-9.988043791328266252
-11.902054682617858816
-13.715053679027562339
-15.203422823142034304
-16.145271813343470058
-16.452139763550576390
-16.261466586398341860
-15.977261844544443647
-15.973087528622727405
-16.396807309293194521
-17.040442466439344571
-17.480274710038770536
-17.453044305219123089
-17.065069919052461955
-16.714593057480158222
-16.872107124359217778
-17.752594635577167992
-19.222393251424023219
-21.120006724677239163
-23.301744128796087807
-25.570983343484442685
-27.777862373781204042
-29.874633591585848080
-31.865909403445812131
-33.714289528303424959
-35.274518331889339606
-36.310522304761207124
-36.833700984747622442
-37.147734448186497502
-37.309954559625282400
-37.256427179802983574
-37.051769918658180814
-36.884058258222580662
-36.920222854704093152
-37.172550582106566708
-37.485226201906812094
-37.636210432251118618
-37.411805951479834675
-36.676956768221202765
-35.493164214591160999
-34.115474753236924244
-32.833330453703922558
-31.834721146288018190
-31.155307159264339134
-30.688963498603754942
-30.264669279420502335
-29.762256022692668012
-29.163625580235304824
-28.491639795532194057
-27.798356488585852730
-27.170521388845429556
-26.700464668186100425
