2477.460717339962229744
2489.574430272571589740
2466.147577123069368099
2387.389453324009991775
2233.476935080279417889
2014.367442395750458672
2073.223532356968917156
2087.542016032414267102
2075.676883135348816722
2049.874224675934783590
2014.556687223770495621
1977.179725873995266738
1949.749482252383131708
1936.397481589662902479
1912.146748063600171008
1860.414151771490196552
1799.115320911733761022
1786.195397171632066602
1825.605363091637855177
1867.899460472586042670
1903.461426925673094956
1954.297133677946931130
1947.224754043568282214
1961.880121854594563047
1986.481918817420591949
2038.172356003176446393
2103.699551646434883878
2222.743980735922832537
2431.782640864530549152
2802.117889398460647499
3438.214750256752267887
4705.595794408594883862
6013.176742527307396813
6807.826996292844341951
7350.635646073411407997
7802.884063504568985081
8236.647536860418767901
8691.772468690143796266
9404.693755864069316885
11236.346656030076701427
13135.552942884645744925
14657.962635017396678450
15844.524082080524749472
16745.411844081812887453
17401.949830268589721527
17847.842790288417745614
18109.855930555757367983
18207.984224854881176725
18155.430743612781952834
17958.480751400242297677
17616.303354964245954761
17120.780784171689447248
16456.295328663458349183
15599.294772907815058716
14517.546547216199542163
13169.515126859812880866
11513.200600501360895578
9650.926039214991760673
8349.508394887971007847
7797.453425204892482725
7448.796234735966208973
7056.434769283675450424
6463.233248036389340996
5636.393750998161522148
4499.451520203646396112
3321.429173161164271733
1308.887912411955994685
253.024768444051005645
0.004383280567547240
0.000000000000000000
0.000000000000000000
0.000000000000000000
0.000000000000000000
0.000000000000000000
0.000000000000000000
0.000000000000000000
0.000000000000000000
28.790157805465003804
513.636736624289483188
3.272539643030615508
0.000000000000000000
0.000000000000000000
0.000000000000000000
0.000000000000000000
0.000000000000000000
0.000000000000000000
37.590519691947690717
969.096729919421932209
2154.310196811106379755
2897.249726565145465429
3346.514802916823555279
3757.134412142151177250
4162.550239545024851395
4595.526881979657446209
5078.527758352070122783
5636.963611893479537684
6302.084255940235379967
6953.851965152016418870
7433.457479280112238484
7680.526143312817112019
7761.565431224245003250
7752.499067484746774426
7717.689825894781279203
7695.207255219327635132
7626.445494709741979023
7484.114089841435998096
7247.341954400196300412
6955.635040489857601642
6703.820314506992872339
6555.674947618511396286
6504.847678308897229726
6510.610656204099541355
6502.236602123445663892
6312.790037714754362241
6141.709780537764345354
5988.931308865112441708
5837.261428002252614533
5715.604237778480637644
5633.676450162103719776
5581.344747518402073183
5531.871252356524564675
5479.858007635587455297
5408.572301128121580405
5408.274531571799343510
5533.071125317625046591
5557.333351239193689253
5562.331907972266890283
5585.591165459059084242
5615.165419444040708186
5605.350352091197237314
5517.113507092393774656
5344.702964067088032607
5130.529249278758470609
4910.282463507468492026
4716.681142273452678637
4604.112541625154335634
4572.418409048465036904
4556.533122813326372125
4505.683433433822756342
4396.556096695767337224
4228.179949211652456142
4028.023067247258495627
3841.314431202907599072
3704.671614872366717464
3598.950851288926514826
3532.832518123399950127
3502.872621738150428428
3497.860415373903833824
3490.454558120668025367
3245.131131602297045902
3253.727993406059795234
3230.340033468612546130
3181.566327222030395205
3109.455882428207587509
3006.479132811710314854
3094.993511159874742589
3146.291048005714401370
3165.285071757393779990
3159.902610538057160738
3141.306624669391567295
3119.652679662756327161
3103.895913667638524203
3102.093463297759626585
3123.936255404867097241
3173.737378883941801178
3244.536773870941033238
3321.174827979938982025
3399.147108576015398285
3485.278053179409653239
3582.786087862977183249
3691.219948129319163854
3821.822033285489851551
3847.214546186423376639
3886.353498058484547073
3939.441128916165780538
4014.549606379164288228
4117.648830828969948925
4260.928140018287194835
4456.658993509473475569
4711.292269148271770973
4983.011550772902410245
5331.445255030361295212
5800.079444729822171212
6325.173771231832688500
6857.525124092031546752
7363.195127572724231868
7818.384516075329884188
8180.369434830173304363
8332.154929103649919853
8424.014719173203047831
8526.293057569806478568
8642.394320610770591884
8772.728245379441432306
8917.502522207667425391
9076.792531735683951410
9250.567400083387838094
9438.715676713958600885
9641.068306927183584776
9857.416032327360881027
10087.518804948969773250
10331.105499531982786721
10587.863110882590262918
10857.415645601357027772
11139.292439988254045602
11432.833481276440579677
11735.771886286649532849
12024.655780453644183581
12186.160120488086249679
12190.151526501344051212
12116.370331460198940476
12013.709051287665715790
11925.545892331350842142
11883.218114643424996757
11926.439031656773295254
12048.966195397859337390
12349.190679991288561723
12645.304810859786812216
12931.473368993985786801
13205.798162934401261737
13466.765053215362058836
13713.088652992950301268
13943.587123218288979842
14157.165827707667631330
14352.798801955916133011
14529.514364192911671125
14686.387273391863345751
14822.537915170021733502
14937.136356906859873561
15049.574054183402040508
15139.168029661408581887
15205.518908037187429727
15248.401893181482591899
15267.820983533158141654
15264.069675010627179290
15237.967116156187330489
15192.257848038418160286
15159.965543847562003066
15220.990546184857521439
15436.085471836699070991
15765.874964846587317879
16153.306983043954460300
16561.583503395129810087
16955.446687621584715089
17306.422362750221509486
17593.686474241279938724
17804.276584329989418620
17949.304974386352114379
18049.013282865169458091
18115.229001534018607344
18147.056682891332457075
18143.549856170262501109
18105.976877611123200040
18039.269417836192587856
17959.367156334741594037
17878.858385419265687233
17809.477627814641891746
17756.102189727149379905
17717.133644409546832321
17693.508910057484172285
17692.422341022036562208
17723.005382753617595881
17795.620727493911545025
17817.488250505441101268
17877.775405962634977186
17973.618940550593833905
18102.070732670817960752
18253.617564886750187725
18419.734987211562838638
18593.544779679457860766
18770.067726904326264048
18942.599132714931329247
19106.648847511358326301
19247.285837814713886473
19355.001657257860642858
19452.349207702805870213
19529.471362823496747296
19582.194572555796185043
19612.431201985808002064
19626.174276954847300658
19628.825735264523245860
19622.150106886721914634
19602.649808840389596298
19567.679440894480649149
19515.224500374657509383
19441.398147088162659202
19348.840298445844382513
19247.715492229493975174
19146.786314147604571190
19051.684046361584478291
18965.251361385831842199
18886.781255977926775813
18813.217104704875964671
18742.188810685733187711
18677.377396593688899884
18619.574913924410793697
18570.930018466646288289
18533.994557981146499515
18511.836663893718650797
4502.830269740004951018
