170.945249913230924221
51.431566776142830122
27.584771665248357664
23.114466863117243633
22.164700980974114231
21.734551573416005965
21.630660223646298590
21.454088816814916640
21.439595696884090614
21.354804036187420735
21.350936974761516751
21.347701119577273232
21.344363950643661099
21.340855272022743350
21.337130780541794906
21.333188119789834758
21.329060106781494000
21.324814986962742580
21.320546463045115360
21.309360368701348420
21.272548256785210441
21.255788153050158229
21.243987310951684577
