2428.818947238062719407
2435.395008264252282970
2401.982011597727250773
2310.214141549087344174
2136.604772375369975634
1887.841948994097720060
1958.120331935789636191
1971.227055159580459076
1951.505003756575433727
1916.821650309494543762
1872.104465623775467975
1825.016416113129253063
1788.196536189082053170
1767.294794298215492745
1735.905048054894223242
1677.425789059810767867
1612.740555270237337027
1606.919176086444622342
1664.994525722463549755
1732.662618221107322825
1801.974855318123445613
1869.249300118606697652
1731.118076516946075571
1643.668155685703368363
1722.494854709193987219
1819.463335871488197881
1901.414337172301657120
2018.319936463046133213
2211.851315035281004384
2528.187237656846264144
2958.203605587749279948
4249.815968708618129313
6310.143480715943042014
7962.856325526742693910
8855.789487917432779795
9593.874787929056765279
10349.065148324043548200
11219.928419352681885357
13512.504881451674009440
16506.061204249657748733
19205.714331391402083682
20860.579545956930815009
22226.169822055991971865
23309.566627967120439280
24120.126506786760728573
24668.968772612934117205
24968.652044239868700970
25032.693590446528105531
24875.199462048214627430
24511.362575883944373345
23958.629253702005371451
23237.743349445921921870
22373.557960268641181756
21396.280308338937174994
20342.972919595958956052
19259.464235471859865356
18202.263881056900572730
17246.037329278453398729
16749.392704865556879668
15058.966711213390226476
13876.193853528087856830
12734.674198782739040325
11401.201152726262080250
9434.009858203724434134
5651.299202082513147616
2478.459926589222504845
756.415430179138411404
158.514224494301799950
5.066954162303811238
0.000000000000000000
0.000000000000000000
0.000000000000000000
0.000000000000000000
0.000000000000000000
0.000000000000000000
0.000000000000000000
0.000000000000000000
329.878757145389840844
716.546616827015782292
212.530034874356459795
0.000000000000000000
0.000000000000000000
0.000000000000000000
0.000000000000000000
0.000000000000000000
0.000000000000166330
0.014621323618541026
504.713416748031647785
1976.019258311721387145
3240.229744890070378460
3844.081633435772346274
4337.784737324641355372
4816.695622373344122025
5313.454199766381861991
5854.739113711366371717
6525.271187488993746229
7437.191128434351412579
8384.089047764793576789
9072.447385769361062557
9384.072764275393637945
9390.922234569650754565
9244.188991580478614196
9083.144163754801411415
8971.889934524600903387
8835.860292873274374870
8630.553911040982711711
8323.880064043520178529
7958.061292117236007471
7642.361923110208408616
7451.193885623548339936
7377.632564876767901296
7374.674168569054018008
7360.174013612365342851
7118.344242716144435690
6902.842978383043373469
6713.274873264960660890
6529.075858944628635072
6383.387436601090485055
6286.878490515615339973
6226.933770297706359997
6171.487997920201451052
6113.404403040832221450
6032.459301212045829743
6033.547988856300435145
6179.556912060691502120
6206.863464476187800756
6210.008590817198637524
6232.501019969045046309
6260.245231793008315435
6239.915747066135736532
6126.131620438301979448
5912.482959825888428895
5648.878562308162145200
5377.454697960897647135
5136.859839830710370734
4990.927592583330806519
4939.704349171291141829
4907.433048411660820420
4835.022530051319336053
4695.345892170319530123
4487.235249455950906849
4242.644500228016113397
4014.239218225824515685
3844.643032856251011253
3711.453097058576076961
3624.894247396740411205
3581.237348058765292080
3567.834128847370266158
3553.215972872964357521
3223.739767717639097100
3223.568877237384640466
3192.028426128388673533
3139.018734113328719104
3067.422107542839512462
2966.621408860281007946
3052.189755679948120815
3097.427230576062356704
3108.544502208373160101
3095.874335571346819052
3071.693462349221135810
3046.731199570358512574
3029.901204701735423441
3030.055927930045527319
3058.272533706882768456
3118.075273690703397733
3199.906806961753773066
3284.804370147082863696
3368.787574581963326636
3463.580517755814980774
3575.838165690867754165
3708.117533752759300114
3887.242896761743395473
4016.915639813370489719
4110.229440377683204133
4190.676252661774924491
4273.584557419721022598
4367.868732226866995916
4489.719514080669796385
4660.688661565754955518
4914.291616463530772307
5156.881222463538506418
5397.939165107148255629
5791.599090740744941286
6362.357328934002907772
6987.940366293913029949
7617.361806848841297324
8214.793034660182456719
8556.115979045944186510
8751.128143829066175385
8960.432016680462766089
9186.896545644454818103
9431.817884305122788646
9696.205141267815633910
9980.741530399402108742
10285.749870195109906490
10611.164115766867325874
10956.506466594024459482
11320.869451632868731394
11702.902540504544958821
12100.803232276719427318
12512.313212070343070081
12934.721015274313685950
13364.873654973178418004
13799.200762068294352503
14233.755812829696878907
14664.275324317868580692
15085.278572995439390070
15447.585135623927271808
14930.571820111772467499
14370.912457100532265031
13859.300073631169652799
13449.975528363373086904
13231.154513921785110142
13413.301395205719018122
13653.157031085809649085
13871.217307566885210690
14065.209393256856856169
14236.173346120995120145
14385.491964997701870743
14514.728651243987769703
14625.477066810915857786
14719.226108421549724881
14797.251983548361749854
14860.544741142157363356
14909.771708839911298128
14945.275958952279324876
14967.104581255149241770
14975.059197402815698297
15064.772496052317364956
15139.766236632229265524
15199.542522268340690061
15243.669995641845162027
15271.879311727385356789
15284.153195716076879762
15280.813023044762303471
15262.696079350971558597
15233.855155814637328149
15229.754705999019279261
15380.263142953668648261
15709.054446751577415853
16111.320299954908477957
16537.084493919282977004
16946.211982821045239689
17305.920828339214494918
17585.221455681741645094
17759.928383067523100181
17856.520706188122858293
17918.200834631345060188
17967.102566490175377112
18000.924160042708535912
18007.429218742243392626
17976.811438214779627742
17910.055364368410664611
17826.758458600448648212
17742.977226589620840969
17673.221996698714065133
17622.403247958831343567
17586.564595643147185910
17565.384106343004532391
17567.365939860290382057
17603.970030659475014545
17688.703392728843027726
17698.168828983525600052
17750.999902559513429878
17844.184423385537229478
17975.009029130578710465
18132.077838122411776567
18305.554094665505544981
18487.940881115533557022
18674.302392182631592732
18857.170612093661475228
19031.837798960779764457
19178.908584679775231052
19286.034024245211185189
19384.505873515186976874
19460.868587147717335029
19509.259577316555805737
19532.050889356705738464
19537.188823333595792064
19531.853304161537380423
19518.311653229156945599
19491.679756800771428971
19448.255617818769678706
19385.128501377163047437
19296.650725771523866570
19185.891479431345942430
19066.004621567080903333
18948.069283534503483679
18838.844104814426827943
18741.338463431929994840
18653.811866952761192806
18571.410535886672732886
18490.295728795026661828
18414.972459226184582803
18346.024893540685297921
18286.005767789200035622
18238.264538807125063613
18207.300166560507932445
3871.473885760207394924
