354.215486050595814049
316.603610294650252399
290.539472277311972448
275.877861503646045094
271.455410728223853312
307.868120052603842396
193.415564264947562378
126.966940557645557419
92.675625918331192565
77.167835420713288386
68.317812109728905057
63.580975167514118596
68.662434260824383614
88.840414594356005296
106.477759549483621981
105.859844574909260473
97.774947779082864940
131.272266851263594845
218.764765496280432444
338.416677872085585932
529.350522157448494909
899.319372191911497794
1512.243032956367642328
1103.382789112794171160
928.731911288993160269
935.478103065482855527
1056.651253454607058302
1311.850505541297934542
1740.824417126922980970
2393.469806349515693000
3129.232895004593501653
4000.052614453506976133
5090.708306580389034934
6378.510950514038995607
7775.515620112400029029
9201.302332736042444594
10641.168567025191805442
12053.081966453513814486
13342.346191926390019944
14474.062785359425106435
15452.349303532102567260
16509.440065789156506071
17446.235902239102870226
18237.874127075294381939
18847.706671879095665645
19253.126993992700590752
19476.677029144382686354
19567.337011803374480223
19532.622236697836342501
19351.339997706465510419
19037.180431963322916999
18670.078814612323185429
18232.562414179479674203
17728.820284020654071355
17090.548870025038922904
16259.694615633650755626
15186.859706394838212873
13875.403067369668860920
12404.800357128448013100
10906.953880476963604451
9372.906164026493570418
7739.293452021825942211
5911.643362038498707989
3919.108222711707639974
1908.515768105986580849
3010.455644837079944409
1665.612751229750756465
706.989313192017789333
154.850015640472491896
0.015055737281783018
0.000000000000000000
0.000000000000000000
0.000000000000000000
0.000000000000000000
0.000000000000000000
0.000000000000000000
0.000034633803169663
149.840286714157286951
628.970063356413788824
197.425047233772517075
0.000000930333711709
0.000000000000000000
0.000000000000000000
0.000000000000000000
0.000000000000000000
0.094420937978415553
136.364578413176815275
454.769470120991968543
984.713527536124274775
1702.351422351117207654
2474.817724362884746370
3275.526893142030530726
4052.450468499505859654
4803.154144611586161773
5506.095281064481241629
6127.668065048426797148
6693.164067005173819780
7171.579556519681318605
7510.931924057526885008
7704.919716419947690156
7816.712099949458206538
7881.490969297093215573
7923.858479425425684894
7957.279139417928490730
7910.510553546095252386
7751.035990185864648083
7454.722195023478889198
7058.080287930700251309
6652.716909773065708578
6299.223454110363491054
5988.619810423770104535
5678.587587005905334081
5298.248930522441696667
5327.447575797489662364
5322.524282521281747904
5287.419017442010044761
5210.394223584463361476
5126.733782466016236867
5052.925249119761247130
4985.418670850034686737
4903.412180146980972495
4806.627183581334065821
4682.695563068203227886
4625.884690472795227834
4693.659541238201200031
4662.237630911427004321
4614.624220668582893268
4589.314771658241625119
4574.756823309503488417
4525.288305629899696214
4401.717303048381836561
4197.969044940393359866
3955.993149198292940127
3710.881291585178132664
3494.669249237984331558
3361.092325563023223367
3309.534271519368758163
3274.931607924788750097
3206.891580924985646561
3082.408488595447124681
2900.421529277331501362
2687.889649283250491862
2489.249558796701421670
2340.231326736867686122
2220.974537021136711701
2139.911070434541215946
2094.036542706942782388
2073.185972221221163636
2051.026032645939267240
2106.774058124410203163
2069.175975948275208793
2031.953450406815136375
2014.686426598102798380
2032.086601126722143817
2090.403753480391515041
2041.957315208039972276
2020.805270077299383047
2007.891044872475276861
1993.099263470868436343
1976.012995493699690996
1959.803395611412724975
1948.975572010806445178
1952.215714795359644995
1984.434740233263710252
2051.226380535610587685
2140.808101402168176719
2231.505636439375848568
2324.611232781010585313
2445.896479178810295707
2630.631687643426630530
2924.686010494265701709
3377.806898983791143110
3048.597287769922786538
2877.866138726272765780
2826.186521206718680332
2867.534835463907256781
2995.346741925400237960
3229.532206609715103696
3602.965257465871673048
4165.572309515870074392
4918.997327048833540175
5833.889767800472327508
6873.369260192715046287
7998.583339860098931240
9169.032368124735512538
10340.662101210404216545
11480.678515227786192554
12571.757250488140925881
13596.532347691665563616
14539.127247055996122072
15358.678102199526620097
16078.172092858834730578
16701.122884554879419738
17234.982665463605371770
17686.333047242078464478
18055.633403078129049391
18339.208785382841597311
18538.261380465930415085
18656.939566021195787471
18693.531529414245596854
18636.455293163522583200
18487.013962951063149376
18243.681716323666478274
17915.151390765804535476
17509.350364835310756462
17034.048183783932472579
16491.724513261880929349
15877.824178102426230907
15185.836696219192162971
14435.036098598908210988
13660.109523755898408126
12909.313171338821121026
12225.846814987709876732
11651.525904845788318198
10847.183245528727638884
10506.676701538897759747
10378.733702655996239628
10499.764975594052884844
10887.519235127556385123
11365.371808260866600904
11825.773563977800222347
12278.869465366369695403
12725.562364271203477983
13103.744260829185805051
13359.927627548724558437
13516.392297751366641023
13785.327322994951828150
14424.541044610943572479
14406.589487070978066185
14742.412343402520491509
15162.570889431284740567
15317.163317589218422654
15342.520706935320049524
15318.433227311797963921
15314.788436880739027401
15484.080700710886958404
15818.533296380039246287
16277.301983630786708090
16823.110500311726354994
17426.295369882609520573
18046.769233543167501921
18652.779813276454660809
19215.100182982587284641
19715.023815703585569281
20142.815274760298052570
20488.488309339569241274
20753.160968402935395716
20943.732781171274837106
21064.251998757943511009
21112.578060764175461372
21090.871939304892293876
21003.433237992536305683
20856.439681882820877945
20665.584419183800491737
20442.060819229314802215
20195.611684053692442831
19928.699114264883974101
19637.077677431821939535
19319.120602741728362162
18979.928531158137047896
18627.383831524952256586
18271.772874889062222792
18441.251779470141627826
18607.153698077443550574
18769.935921272095583845
18931.215099143733823439
19086.849662129148782697
19234.061003701848676428
19371.617476548530248692
19499.691223713223735103
19615.984481569503259379
19719.573863772762706503
19798.256859007971797837
19844.515248321975377621
19882.352641807727195555
19902.940977413665677886
19902.840218167784769321
19884.415429226286505582
19853.836654799029929563
19816.424672405013552634
19773.635107602050993592
19721.474191037523269188
19656.685278102188021876
19576.656859626051300438
19477.067290865004906664
19360.378961878639529459
19236.800507313510024687
19115.231530781195033342
19001.386042490110412473
18897.996256838745466666
18803.961637926837283885
18715.562604809896583902
18629.648400463018333539
18549.259757691896083998
18474.932973524071712745
18409.087279294857580680
18354.990528954105684534
18316.403763040587364230
2932.434825242233728204
