1973.169225933454299593
1960.081390427710402946
1916.392544029630244040
1832.147245687089935018
1691.040056329737126362
1505.429076157813597092
1502.015835056186233487
1465.993489794433571660
1415.145751774668042344
1360.580000792514283603
1302.025371891453232820
1244.138531285716680941
1198.861192304948644960
1172.874501889778912300
1139.707802997101225628
1079.027973359537099896
1007.725136749364082789
988.303638760806506980
1021.475209044282792092
1049.637997316672226589
1063.640248252383344152
1066.971262959456453245
1088.445680485476714239
1251.532277565436515943
1288.088957906775476658
1287.396448881303740563
1330.503749195451973719
1463.038772066678347983
1721.571110546781710582
2163.295940081981825642
2774.874955468224925426
3925.852620367724284733
5346.921067449073234457
6424.370944714850338642
7261.859083534325691289
7991.099365999442852626
8686.844772380391077604
9418.329252107287175022
10734.043431828869870515
13404.889542492754117120
15848.004128794991629547
17887.384793139059183886
19569.102237688279274153
20930.420342456291109556
21998.468700634421111317
22792.761801356627984205
23326.825920524217508500
23609.190609969013166847
23643.970602113502536668
23431.163846553045004839
22966.662744271106930682
22241.909356854870566167
21243.032096032493427629
19949.549668403451505583
18332.257930264582682867
16351.120760540110495640
13973.583819328641766333
11481.141954579907178413
10021.970934859586122911
9344.148890323263913160
8821.605167350131523563
8215.210023463123434340
7359.995742903767677490
6242.368416509732014674
4898.904758015604784305
4793.850220362367508642
1852.385124329163318180
159.172050435977070038
0.000000000000000000
0.000000000000000000
0.000000000000000000
0.000000000000000000
0.000000000000000000
0.000000000000000000
0.000000000000000000
0.000000000000000000
0.000000000000000000
0.000000000000000000
0.000000000001544277
0.000000000000000000
0.000000000000000000
0.000000000000000000
0.000000000000000000
0.000000000000000000
0.000000000000000000
0.000000000000000000
6.769648091201021067
996.604899183733209611
2101.873431579139378300
2914.391635784783829877
3523.834550464124276914
4114.971142616452198126
4705.977017062466075004
5316.242464416010079731
5937.168612797180685448
6552.593540659859172592
7206.511738861980120419
7845.272027447353138996
8357.992305660192869254
8679.782176781522139208
8847.960494066932369606
8904.358859245565327001
8899.489606381705016247
8874.327854487981312559
8766.876217589857333223
8552.443537930461388896
8212.186551135220724973
7796.093044196882146935
7417.827854079319877201
7154.338997767005821515
7000.170904977283498738
6909.132886693933869537
6799.536651824781984033
6588.166582493397072540
6396.682162185368724749
6224.834905381277167180
6052.396355292059524800
5912.977255693816005078
5817.803804572492481384
5754.900731599377650127
5692.876098365958569048
5625.282227047056039737
5532.621092910360857786
5520.673457455333846156
5653.229990825840104662
5667.270111559577344451
5657.973806541465819464
5669.250465568798972527
5687.233848375686648069
5658.724162323446762457
5538.372692194542651123
5319.693116474132693838
5052.418915992278016347
4778.443066337594245852
4536.123659224029324832
4389.000845485363242915
4336.901990035425114911
4304.054165235546861368
4231.523036965121718822
4092.303294355107482261
3885.171061469802225474
3641.853258966994417278
3414.686581500992360816
3245.941233613113126921
3112.943279446580618242
3025.851470946180597821
2981.181523542187278508
2966.809265484250772715
2951.798460952272307622
3602.199254181017295195
3586.907381456079747295
3545.438335356239804241
3492.949771129824057425
3436.123561631257416593
3366.377364871261761436
3404.404056001691060374
3416.874222790434487251
3405.820044507428974612
3376.919648825656167901
3338.427650612765319238
3298.274859219131030841
3264.075661219328139850
3245.115053304951743485
3254.410114144507588207
3297.267190669512729073
3363.341447383053036901
3430.770776897539690253
3492.186778783677709725
3556.779512829481518565
3629.271507613455014507
3712.866985241313159349
3808.401885382284490333
3700.652339776140706817
3651.446470579394826927
3654.935181781127539580
3702.515941886267228256
3794.366843863016129035
3941.748166196097372449
4161.961354244085669052
4482.532620804414364102
4852.256269527761105564
5287.759101523365643516
5842.272809090688497236
6457.328347866661715670
7075.506787501820326725
7656.028977444034353539
8168.133603458801189845
8514.037907261999862385
8573.193970840502515784
8614.522045347001039772
8678.873608716045055189
8768.122862628693837905
8883.075395823212602409
9024.331491106155226589
9192.321858609571791021
9387.335677610353741329
9609.547116811492742272
9859.036813736434851307
10135.804873645345651312
10439.772348307693391689
10770.768771019291307312
11128.504160082511589280
11512.524843492061336292
11922.149148168446117779
12356.238238558715238469
12809.416315420219689258
13221.844228285068311379
13391.957779358193874941
13353.214020376550251967
13214.580543999523797538
13034.622104343608953059
12869.828525360622734297
12761.780390748410354718
12753.331429974228740321
12665.697732064751107828
13069.305974251619772986
13500.661804941672016867
13914.603693594912328990
14304.902685365574143361
14668.698596328140411060
15003.541738082616575412
15307.319010141407488845
15578.199695084966151626
15814.571748851762095001
16014.979756217855538125
16178.075030099862487987
16302.585988893975809333
16387.314059698932396714
16431.157548072114877868
16433.163307472201267956
16392.603515862523636315
16309.072070737374815508
16182.596287691421821364
16013.791946176976125571
15804.522616551697865361
15562.260535306295423652
15372.149176492668630090
15365.136749387937015854
15566.559698329578168341
15926.455500025715082302
16375.381023690475558396
16862.614490584841405507
17341.561206636597489705
17778.018231057845696341
18149.343644438016781351
18435.395239973382558674
18637.637781594730768120
18771.542514873217442073
18850.546476868625177303
18877.016924030216614483
18854.197392595928249648
18785.399048469284025487
18676.149704305153136374
18545.856198628309357446
18409.323502539438777603
18280.548699072194722248
18164.512105990484997164
18057.617661876680358546
17959.978910775560507318
17880.510096646499732742
17831.058115851064940216
17825.538220119349716697
17854.146666470725904219
17922.067706526300753467
18026.158200664911419153
18163.769568870906368829
18323.763423049993434688
18496.725513838064216543
18675.684653280939528486
18856.272283461697952589
19031.579147047948936233
19197.420679658880544594
19334.867017803284397814
19431.999065256022731774
19520.532588903442956507
19587.385659248051524628
19627.036742056712682825
19642.126314286466367776
19640.761325340659823269
19630.164687635777227115
19612.537249885870551225
19582.834226478960772511
19537.126380583242280409
19472.266390437354857568
19382.428218027802358847
19270.607439614319446264
19149.975116390884068096
19031.664966556378203677
18922.473949087096116273
18825.381980150359595427
18738.513599542231531814
18656.778393103348207660
18576.063479491349426098
18500.671054446644120617
18431.150924196736013982
18370.233261250174109591
18321.599195547849376453
18290.042675194497860502
3172.448262913015696540
