2243.125710416944457393
2218.377017419752974092
2167.827062873943305021
2073.290642405622293154
1910.157888159386629923
1674.760086512004590986
1748.634499014241782788
1756.550318493478016535
1726.202348568649540539
1678.545742246353484006
1620.794504698724495029
1561.493375944233093833
1513.719445038765343270
1484.404723736825417291
1449.916865268847914194
1392.315991014439077844
1325.374052561300004527
1303.952960751385717231
1328.063421049130965912
1347.542237911280835760
1362.697726727721146744
1426.367296408161109866
1555.820611562448675613
1465.272386028386790713
1434.718910417561573922
1451.908848186742261532
1482.879902384294155127
1552.696466783225559993
1690.609268894959086538
1972.814786589286313756
2497.808141134051311383
3670.664409688242812990
5383.355440209820699238
7013.877614497801005200
8222.470584837565183989
9151.126202382161864080
10011.102756441005112720
10902.386765734552682261
11858.549852267335154465
13010.119165865708055208
14478.949644667571192258
16236.355680310769457719
17940.570577360875176964
19420.785702635879715672
20607.408729108992702095
21481.276444165749126114
22041.718941678369446890
22293.950107906013727188
22244.009347368140879553
21899.167006672338175122
21273.546676347414177144
20399.678128745847061509
19316.357346995759144193
18081.338181326183985220
16741.404933528268884402
15335.502027214617555728
13888.284715546946245013
12437.257897927804151550
11066.866697878254854004
9903.786922819595929468
8922.350865646350939642
7992.349969387732926407
6915.320882565401007014
5590.012751400938213919
3903.190148530671649496
2994.323996663045363675
884.449898994468526325
0.000025271580061879
0.000000000000000000
0.000000000000000000
0.000000000000000000
0.000000000000000000
0.000000000000000000
0.000000000000000000
0.000000000000000000
0.000000000000000000
0.000000000000000000
45.876981554679694852
414.897128999142012162
175.197650508872271757
0.000000000000000000
0.000000000000000000
0.000000000000000000
0.000000000000000000
15.958250439802847964
97.034305939528138651
308.580959210494768286
854.357180581625470950
1790.843480011243173067
2805.162622647747866722
3577.201079071866388404
4207.093491937381259049
4810.547469553469454695
5544.251589008979863138
6525.180260363085835706
7653.795767989994601521
8689.218380669764883351
9437.558305498478148365
9829.864609594622379518
9899.128916871886758599
9771.324292274499384803
9568.636649942862277385
9373.932870347432981362
9224.336816557606653078
9047.133883986711225589
8801.931732719460342196
8458.917058209754031850
8058.256564489336597035
7703.160735415447561536
7464.883792853726845351
7341.679055399319622666
7296.893656180802281597
7260.719924437497866165
7012.054860179820934718
6803.005306440741151164
6626.884697887913716841
6458.798044717589618813
6325.375579408368139411
6235.405578568536839157
6177.643096305834660598
6123.174678147239319514
6065.932599452221438696
5986.996332753617025446
5982.519564202354558802
6109.750768439827879774
6125.214628866068778734
6117.062313338896274217
6126.829368390957824886
6142.681317200935154688
6115.985380450513730466
6005.091207305241368886
5804.299617565920016204
5560.037073389181387029
5311.355087099627780844
5094.024923555060922808
4967.307701097568497062
4931.335319306442215748
4915.620538978392687568
4864.936923246800688503
4753.839930871343312901
4581.013858127177627466
4375.556856883305954398
4185.351149246409477200
4048.698894868015031534
3943.505227694516179326
3878.136462031375685910
3848.227394048499718338
3841.424187822918156598
3828.437950807524430274
2896.082376407372521498
2909.417387711071114609
2905.303814461572073924
2893.290036654613231804
2874.219775108662361163
2836.349104957041163289
2926.979910868793012924
2987.219860706462441158
3022.190417401931426866
3039.771878477967220533
3048.760218652578714682
3056.262141996498030494
3068.093493338599273557
3091.009949533309736580
3135.080490009699587972
3204.153014518260533805
3289.654602589862406603
3373.452415685231699172
3450.052036894383491017
3528.648977811825716344
3615.471644539249155059
3711.870954324480862851
3825.951622181689344870
3787.432865309567660006
3770.400315188771855901
3768.992498407308630703
3782.270126879085182736
3804.777758075062592980
3838.807688691439125250
3892.506059976260075928
3984.918368550381273963
4086.999358377729549829
4223.215260890074205236
4468.072082103581124102
4843.545892317531979643
5298.041227895502743195
5772.534603523286932614
6229.924856050772177696
6648.991906941544584697
6998.723793246641434962
7255.215922751543075719
7423.606558372792278533
7562.178876501040576841
7702.398284399211661366
7859.073886509587282490
8038.235798494381924684
8242.238945681969198631
8471.810490749514428899
8726.876668186258029891
9006.507282374748683651
9308.002050045950454660
9624.982694842010459979
9949.231684439106174977
10268.576959343150519999
10571.640807922756721382
10847.439955488416671869
11086.761612469645115198
11278.537057335328427143
11405.683539203444524901
11448.004625436802598415
11416.147366001912814681
11345.704158649545206572
11291.650811033827267238
11301.505911486719924142
11432.722669265229342273
11550.296840853479807265
11948.962457950328825973
12354.140706605114246486
12745.560913230459846091
13110.522593506733755930
13447.223673594327920000
13754.380323956029315013
14030.499770812906717765
14274.428175946281044162
14483.731462551331787836
14655.208413740074320231
14787.362332199549200595
14887.858239724997474696
15002.491577538225101307
15190.173743893396022031
15417.577302998426603153
15669.758834530814056052
15810.257593841633934062
15880.119378323617638671
15922.909973528800037457
15987.737065248598810285
16086.854960651777219027
16214.892969494223507354
16373.016258843452305882
16588.109410033586755162
16874.766063898216089001
17191.081048129039118066
17494.494099738145450829
17742.073344106032891432
17903.967936332461249549
17987.442615857475175289
18025.004544405368505977
18046.307546843585441820
18065.636163754403241910
18084.068943394726375118
18090.713852828561357455
18075.523121918620745419
18034.085753236908203689
17968.393673394653887954
17894.808854281378444284
17825.578367054531554459
17771.504841325237066485
17734.295269751841260586
17707.335331938385934336
17687.508311962748848600
17679.968310310800006846
17692.872591757943155244
17736.945777128694317071
17760.001111355279135751
17809.558747740516992053
17883.901598225875204662
17982.108973066671751440
18095.498585348519554827
18216.894297849947179202
18341.397343941149301827
18466.580928997769660782
18587.707059525357180974
18702.591155303034611279
18795.382395163498586044
18856.483141299355338560
18916.119756781052274164
18962.843965687425225042
18991.867941414497181540
19005.720690838479640661
19011.864159467553690774
19016.865212661072291667
19022.574105465977481799
19024.056556899427960161
19017.320134331926965388
18998.941747306838806253
18962.788542542377399513
18910.672895959480229067
18853.712457927464129170
18801.082706901510391617
18757.906714468721474987
18725.793538189416722162
18701.950112365026143380
18680.715244342020014301
18657.380570749479375081
18634.990092332667700248
18612.953260021873575170
18592.617817810256383382
18576.388374334906984586
18568.311719975485175382
3965.951319930607951392
