52.419656756879739135
53.248775021263710983
54.287299451287211127
55.142332907950127208
55.503794905826609352
55.657978876013643799
56.325807978565812562
57.067223838481467624
57.879858229909814327
58.833147337175702773
59.870269147381229402
60.920876110616013932
61.926055772723628934
62.769995703006195242
63.094259821115031173
62.699334376255620782
61.824987958242552111
61.054583142220899106
60.243199504991046922
58.409931218509143491
54.846165521311419866
50.558620272847591082
48.205046670956221533
49.292936590484828230
51.792061547428893675
53.049066782963414823
51.986037967963248718
48.921129267891743098
44.010936591145480179
37.466391941116199860
29.452347338740636928
20.660413445862801041
11.993116041908805869
4.115125142425796412
-3.210095312415717217
-9.894949318571974572
-15.397789183246459288
-19.704106387827550861
-23.616321428653151315
-27.308372622186539047
-30.508612912204796430
-32.686663331230704443
-33.970755771345324092
-34.616542744413891342
-35.190945737608501531
-36.063599518486995521
-36.998618506173130527
-37.448156684742485822
-37.349220699218875552
-36.922322207802722005
-35.927083911563499896
-33.487122292379012833
-29.689379856312854145
-24.555179043056426735
-18.867592637628064267
-13.401955089160992429
-8.776164486131676767
-4.884705366453573561
-0.704903958069564851
5.060164163011108940
12.068917453433385845
19.088903984290141125
24.512243341291053866
27.904587110481401169
29.851004519875289134
31.542148803521939726
33.728831624525810184
36.298468697118721593
38.520175118612883125
40.045937520798531750
40.912415339957959759
41.231676205218121822
41.153519297333332361
40.959576899566485508
41.166376116461577794
42.103530970611217299
43.518685723253099695
44.620519113965627866
44.445871338091478719
42.462613179352047155
39.329547008892632221
36.617902978191750663
35.271564920337965532
34.871653066565301060
34.584966984211661156
33.605614924523592890
31.392745323012775316
27.921825594714277941
23.600466617809132686
18.861329996894909300
13.918586543540328648
9.033833548878959618
4.427446380623308642
0.296893685509417082
-3.262011300910046430
-6.234611325033938556
-8.617816091237955334
-10.593723108829124158
-12.422081734382516061
-14.146429598643692316
-15.544843184293313243
-16.397941616418165722
-16.621254920963281165
-16.357822689258114224
-16.018094198390883776
-15.981349047851210798
-16.398668155136078894
-17.061571809035967817
-17.541940596610288594
-17.568776905315985459
-17.237796480068709570
-16.934274841892715813
-17.116246139693544137
-17.993105015461480889
-19.436636337572963384
-21.297771133391677267
-23.444278218581700912
-25.685728549900375128
-27.873604203091986165
-29.958611039834522671
-31.941955958017388184
-33.781055702392848161
-35.324494991074686823
-36.331780846067999846
-36.814520468617104143
-37.080884619815151382
-37.194048787194105898
-37.095960806818084166
-36.857958248268175794
-36.675369346079321531
-36.720101822707533756
-37.003623122029523529
-37.361853365790693715
-37.558573969091696654
-37.364598464302730463
-36.634651170923746122
-35.430809693830440210
-34.019702049081161022
-32.707362385399164850
-31.695284191522716810
-31.023944512175205546
-30.582255637149103222
-30.187847534702939356
-29.708710988110340168
-29.118966074509557984
-28.438916569971183890
-27.722612756366800113
-27.061790958085339298
-26.554276159043467942
