52.123579820141529240
53.062763161617276353
54.206983522616958737
55.139256318328321527
55.587775326272925724
55.837820176854272347
56.429505527748531790
57.111819072100388439
57.900981111310457550
58.842376128592860596
59.865495023565287624
60.895847721594172697
61.870664342085888165
62.665203208021075909
62.914895863926048492
62.422847889922444153
61.454019034409697042
60.685222792991368124
60.318813829961101192
59.916095239290811492
59.368099064977286616
58.692481498944886198
57.279455486375837836
55.796620332047695001
54.713889780220135606
53.417328890089109450
51.214938820060098124
48.040986366732312263
43.710977380907507950
38.103368790956423595
30.997209406686863531
22.888935295421461547
14.696230392518799590
7.065771661931705694
-0.347880199881331009
-7.572553347176224747
-14.128277160471242269
-19.991638681939690514
-25.888418352881217288
-31.862550975910380657
-37.483685162908898292
-42.062347227894889556
-45.588566396812609582
-48.209568123586990396
-50.412746491821621930
-52.512063515980514694
-54.234655691446221226
-55.010801740270977689
-54.768943973005633552
-53.734060691909888874
-51.684173380245908902
-47.777086324257425076
-42.152379263881243787
-34.905683785860333046
-26.919192504455878634
-19.093737031303817275
-12.196506288556548725
-6.285368509129966696
-0.497148989412295350
6.332898567852339511
13.782396739354283000
20.616076329721835236
25.351365832889740659
27.918855062833131342
29.590070254010441886
32.134865708580917953
36.232060348780834147
41.314458118271375042
46.027103910754163962
49.595096943395844846
52.002035105492211642
53.452356355677267175
54.180441157644850136
54.522555612884559650
55.028824935219290637
56.050444561272911415
57.350303486153563881
58.149164725458689418
57.494327685487689905
54.862824378932458558
50.920468743286136259
47.240911442280122401
44.760821870819881951
43.035481791921682770
41.178184933019110758
38.335237885133182090
34.107318652861408736
28.923372152206042074
23.588625606214691288
18.552764560102502855
13.782720653726073579
9.261763781128280471
5.007904140364360046
1.102687863279612657
-2.406754824107395052
-5.507672652529663537
-8.167854258104796372
-10.522139285095079231
-12.776897884279037498
-14.926785114027666168
-16.712905318764626372
-17.894062698859613647
-18.378730251831655096
-18.315020675393668625
-18.127203917061876837
-18.213780417382793075
-18.746869846602294274
-19.536053758642481171
-20.161732913401351652
-20.344853167453493370
-20.152790296362638855
-19.926790175614144118
-20.080280777311202201
-20.797538622888623649
-21.956984725550682924
-23.444003426641415899
-25.173592183883272355
-27.000320755891380031
-28.809631086030947245
-30.572766546548280076
-32.299990862656784429
-33.949955821554397062
-35.367557480025652694
-36.304592713919987546
-36.761091676588137034
-37.031538257805095782
-37.166234210666516447
-37.096466414746942064
-36.884733631218921346
-36.719246718521276307
-36.767657808276453579
-37.041467380710628277
-37.381267163126381092
-37.558821363692061368
-37.353430770358897917
-36.625261779619904701
-35.436086658217504919
-34.046599522398480531
-32.754468377919067734
-31.754580439123799351
-31.085437047586594872
-30.639108688028670713
-30.239692538579674874
-29.761828422393818983
-29.183862112484291629
-28.526834160477790192
-27.842033626707234362
-27.215763401041954239
-26.739694407524496000
