52.931124858703363145
53.704527137637967371
54.778816802362477745
55.930596460966640393
56.910394895442998120
57.647301340708871464
57.854828885678941219
57.940547705548041790
58.311433706703986957
59.025053811758262157
59.926582854099066822
60.884115722213927313
61.834527083151414217
62.670077866848835413
62.962388626236801770
62.434303212675295924
61.331619264438486994
60.423597975648206670
59.848471555226339547
59.225647772675870328
58.612341176678619092
58.171105578970610850
57.643238889802283609
56.778610910524541566
55.783736775082701342
54.448869966050580160
52.001504202587568670
48.730801770906083448
44.714886961419580302
39.627185427263157180
32.679287515550228704
24.139560752271833621
15.045978257943360745
6.308373400370626882
-2.152565856263606747
-10.184979462319404320
-17.223578646602987874
-23.219839053332663070
-28.912838695332567340
-34.395611190527688450
-39.317616147169843543
-43.083517623705773758
-45.773509263750156606
-47.610328241707549068
-49.140003471425728776
-50.720573958281960358
-52.112006080917552708
-52.768715158418530109
-52.635860988833343299
-51.947666808176904851
-50.482580032436828787
-47.387387274108249358
-42.775366591315133746
-36.695818216705191617
-29.959817408380104098
-23.369383017938304192
-17.566980994221154333
-12.469096844575602745
-7.071509924988163220
-0.089526978704839166
8.134476077949074124
16.388875575615827529
23.134556583599561463
28.114683982952129782
32.195660708489896251
36.497565715555225552
41.124345525641786026
45.675011664797693811
49.607758267712199540
52.566611891842882187
54.533099758961554926
55.646667454216412807
56.092699941099311900
56.176046306613841352
56.423757393196552812
57.161197958890312520
58.116897684224682052
58.515705101782174324
57.616005266752210900
55.127332589199966151
51.492876187872866467
48.089571605869053883
45.875135535404268694
44.484918565686683678
43.133774732503695759
41.060734636520436425
37.758922498299767767
33.190987593701180458
27.715473838866529377
21.785145468782189937
15.721845053712684148
9.880748187448830322
4.470148591506870162
-0.408208735299893988
-4.731230007821011441
-8.471710454303661209
-11.557390087352416685
-14.097684432445333869
-16.302925401836233732
-18.194457792771402183
-19.552374315857946385
-20.180648616422644182
-20.037232059117457084
-19.323376789614485460
-18.517853899739975532
-18.069803228869488976
-18.190794619486496231
-18.711756233833455099
-19.212777447353801108
-19.394309439380720050
-19.289057278630934888
-19.198020535600392122
-19.497761029531659460
-20.346047851362129677
-21.607960775849051061
-23.167013003324541387
-24.943903218666832799
-26.802910709445541215
-28.640713530557604827
-30.439455399577582284
-32.218162784709932112
-33.940167616550695584
-35.449210734372229581
-36.489456627307561121
-37.048294538349068716
-37.406127949325195914
-37.601865281419236453
-37.560806611864052229
-37.345293830617606545
-37.147845407745478497
-37.142966253132271959
-37.350079731791765880
-37.617936195079039408
-37.726092737906981256
-37.460440528904541679
-36.685382903725269443
-35.463690949760575677
-34.054061238116901222
-32.750617038402992875
-31.744865016905919219
-31.073100180355254452
-30.626394956530702984
-30.228382156559803207
-29.752905520659737704
-29.176668148737462616
-28.518309989537726779
-27.826593421079451218
-27.186213087079124762
-26.689099305376942084
