1368.712840669617207823
1282.965032910433592406
1205.821594617454593390
1132.871274381724560953
1048.969136514963793161
969.993982909169858431
900.619172830707043431
839.092526610741060722
787.314079704792902703
744.168091625985766768
702.066972104976457558
661.514051290631300617
632.156384482207840847
620.509272587999134885
601.857228365637979550
555.658452605202000996
493.890476123429436939
474.940142606658355362
514.056244368671400480
608.604794980431051954
868.341465815439164544
1516.910179593849534285
2689.277731152542401105
1645.988731315052746140
1108.113146279170223352
945.526862805249947996
982.364406541925859528
1182.446961270262363541
1583.965245919358039828
2275.667733899841095990
3168.529219303852187295
4334.236736009458581975
5841.792119549030758208
7629.722945207086013397
9552.964016556443311856
11487.418946853540546726
13392.462274264498773846
15206.927833575038675917
16817.868177504660707200
18188.483835971252119634
19331.316621802336157998
20481.442882965384342242
21461.806697990614338778
22258.920949042658321559
22842.790343727032450261
23198.270279561846109573
23359.670499087998905452
23388.370452174236561405
23294.610671207254199544
23052.472639026382239535
22673.516350411326129688
22244.111442669174721232
21737.239432202455645893
21150.536706844111904502
20397.145066059467353625
19401.386762881480535725
18097.126531233705463819
16479.753139072880003368
14634.790551484145908034
12712.444281766811400303
10705.171705586488315021
8549.654033781054749852
6155.427988002208621765
3586.776506749933105311
1058.801220336472624695
2549.644674660828059132
1037.657587871023224579
170.191204977720644820
0.672027732259053989
0.111721246467434199
0.049668733542986905
0.078216572132263393
0.048621682993837775
0.011704336234075692
0.011291160278906139
0.016448101893129133
0.029054258465587367
0.258224628432510150
0.659462887192187708
0.562262202220860097
0.038600152847704863
0.006889599824174789
0.071030559326386578
0.376763162513137184
0.473032484881816706
4.544958522790646605
43.910641421289668074
306.390313534776566939
917.309236176406898267
1831.353054786014808997
2866.007853007974063075
3965.425531525477708783
5049.757883965617111244
6102.068237873972066154
7089.790516480497899465
7970.035813751894238521
8770.672830979354330339
9455.504469807030545780
9964.641622823477518978
10291.553431726435519522
10510.422050717223100946
10662.394015058045624755
10775.905193612990842666
10866.089045148281002184
10848.997978700379462680
10685.534955617704326869
10346.099464423979952699
9871.702685589852990233
9367.751239244740645518
8903.797256689464120427
8468.532471490874740994
8011.856229296167839493
7450.204228939292988798
7588.182688135239914118
7666.469865698911235086
7693.280732460379113036
7658.101631945520239242
7604.990755543365594349
7555.819793046405720816
7508.816574573424077244
7441.757576713782327715
7355.976181796173477778
7238.202136149576290336
7199.061847805905927089
7305.609566219580301549
7296.083273653396645386
7266.431416397052089451
7260.459628674493615108
7263.614440703116088116
7221.819531275127701520
7088.995151552835523034
6858.225703284435439855
6579.141708750052202959
6293.738714475417509675
6040.555200432922902110
5883.243027129611618875
5821.535383499346608005
5779.427688056204715394
5697.760181211614508356
5549.399892103951060562
5333.174218220103284693
5081.085911263481648348
4845.906066015517353662
4670.277335147381563729
4531.515252562868226960
4439.102759193654492265
4388.077804322919291735
4364.178533342565970088
4334.236122175887430785
2003.399336755956028355
1934.030402000955973563
1860.209489683968968166
1800.070730134892073693
1761.007505301200126269
1736.622272869964945130
1715.931796433766294285
1692.096328254881427711
1657.691313617403920944
1611.138270034554807353
1556.369539019748799547
1498.873810026824230590
1444.923904911127010564
1403.731957985294457103
1389.480183841598773142
1407.574780272209181931
1444.873837104874837678
1477.213649101295914079
1506.075854983585941227
1573.315110432118444805
1752.654127895021701988
2146.182786071965892916
2839.707473711672719219
2116.171649268912005937
1687.693840524676261339
1474.232932520742679117
1393.150542227449022903
1401.629346813954271056
1514.137633743357127969
1781.424197052825093124
2282.572453411066362605
3032.670221958960155462
3995.172886723613828508
5112.987830350806689239
6325.686755302875099005
7573.304263047782114882
8796.362054304632692947
9955.156773982813319890
11034.279007852201175410
12019.472298869204678340
12898.613244173944622162
13631.172054871401996934
14251.103316513002937427
14770.498996977616116055
15206.351681319603812881
15573.176117196100676665
15875.157047303913714131
16108.737545425208736560
16275.640590644583426183
16380.346069378339961986
16417.750163794982654508
16368.017492920411314117
16229.204710507845447864
15995.060035780610633083
15673.240453231781430077
15269.671453920082058175
14789.389572316396879614
14229.550515007824287750
13577.390452258316145162
12817.897590350881728227
11973.195950807077679201
11088.561797473277692916
10230.345628677279819385
9460.494701080066079157
8842.462499985987960827
7871.631282896524680837
7608.253162871443237236
7697.242325397252898256
8198.061809909451767453
8748.012648928364797030
9253.080952603490004549
9737.543251695637081866
10211.806534132985689212
10676.669273242852796102
11066.434332297152650426
11324.481977235649537761
11474.233898284195674933
11605.876480871384046623
11831.198084905629002606
12255.728026409769881866
12841.062759218830251484
13336.134841659100857214
13547.703850952308130218
13619.818551007601854508
13636.432406244994126610
13674.444987591230528778
13796.389991467282015947
14091.542475256770558190
14582.664443998328351881
15218.527687276648066472
15952.382622010267368751
16724.731143050525133731
17489.957217546059837332
18208.011421003229770577
18854.193499372537189629
19416.515103353773156414
19882.621339053315750789
20255.044415938747988548
20543.733970886136376066
20754.079854888976115035
20882.256152223111712374
20929.651550648897682549
20899.981931017617171165
20799.071948544376937207
20645.519809326240647351
20451.542726088802737650
20227.290744994043052429
19972.977710906201537000
19679.871367910531262169
19343.301388268839218654
18968.327973491435841424
18564.166692003196658334
18143.445742184630944394
18385.175231710189109435
18610.770458692637475906
18823.264753939736692701
19027.125658050630590878
19218.878548458080331329
19396.943763317831326276
19561.868368342311441666
19716.036901711715472629
19858.219087778506946051
19988.684714795093896100
20091.694415453948749928
20157.264680524836876430
20217.986990413828607416
20260.931390902202110738
20280.247638775697851088
20277.978375439255614765
20261.569527012128673960
20237.671357955332496203
20208.083924986302008620
20167.557747219241718994
20112.128922557316400344
20038.700457642618857790
19941.464205582364229485
19823.298050574769149534
19697.105199427012848901
19573.699522687231365126
19459.636251047904806910
19357.825685505253204610
19266.517379484012053581
19180.870488830587419216
19096.977433674419444287
19019.068252074139309116
18947.133523853437509388
18882.752216423526988365
18827.971363942458992824
18785.920374166638794122
3997.872892429188141250
