2373.384173241998723825
2109.676240177696854516
2119.855706855553307832
2063.674386248496375629
1967.590652791595175586
1651.295747382853278395
1832.621140742164243420
1821.742225244447354271
1779.551942544373332566
1748.798234361926006386
1727.449832957206581341
1717.815096852582428255
1716.971745977856016907
1655.587454174145932484
1526.201530863777861668
1480.513922017023787703
1464.792059514928723729
1480.363543438256556328
1535.008571521252861203
1593.894955390224367875
1565.877350687406533325
1569.752649945400889919
1634.871266848700997798
1594.483587166278539371
1590.848826196971231184
1624.238105851484988307
1695.390523729958431431
1780.777973574825637115
1915.260054375072513722
2174.891805024524273904
2656.709470717951717234
3461.509842235269843513
4623.681233313665870810
6088.009817784807637508
7748.619170271719667653
9495.004049547767863260
10009.814651562590370304
11679.280391672842597472
13227.972139767322005355
14626.839338188348847325
15860.384219124820447178
16922.041274384853750234
17810.898814382766431663
18529.601951761145755881
19082.969646252458915114
19477.096470813365158392
19718.679496266293426743
19814.441856697871116921
19770.656731469753140118
19592.805453451212088112
19285.297490765704424120
18851.192326391308597522
18291.916645725206763018
17607.095595501385105308
16794.435324262096401071
15849.828988815686898306
14767.774005774241231848
13542.304283460996884969
12168.595847206381222350
10645.468941629629625822
8979.413261728268480510
7192.066506652134194155
6626.759034655213326914
4783.828624754495649540
3076.036574631412349845
1646.117661361197178849
660.361488994103638106
135.619350472629264459
0.000000115613818692
0.000000000000000000
0.000000000000000000
0.000000000000000000
0.000000000000000000
0.000000000000000000
0.000000000000000000
0.000000000000000000
0.000000000000000000
51.761233426986798634
556.334773503825090302
90.891400692266472561
0.000000000000000000
0.000000000000000000
0.000000000000000000
0.000000000000000000
1.770511796946569794
34.044162165702047673
168.712317769094283904
492.926858574327354745
1070.937745794003149058
1905.072196679079297610
2931.007246316647524509
4022.028685097534889792
5141.112267330750000838
6187.476847797509435622
7113.205409180621245469
7890.850051514190454327
8507.877572402920122840
8962.052508913859128370
9258.363422553853524732
9407.039045353763867752
9422.081930619324339204
9320.138225532644355553
9119.896296663710018038
8841.830136839695114759
8508.206429818612377858
8261.664648117410251871
8101.813095201725445804
7764.846473893839174707
7470.312340012680579093
7256.433161694473710668
7149.383389161714148941
7169.979439270686270902
7330.743476052880396310
6887.012274590099877969
6586.710868619145912817
6420.180353323793497111
6368.542448398133274168
6403.087567103928449797
6286.526819763858838996
6094.256264570526582247
5930.088308418156884727
5955.869451326258968038
6056.424980224934188300
6129.840745185678315465
6165.616668639598174195
6162.221254966342712578
6120.550633301244488393
6050.054960740440947120
5989.333745645239105215
5929.563885732224662206
5816.798759024590253830
5631.943508822305375361
5406.590043580755263974
5161.337529517025359382
4923.628503887944134476
4779.845448342442068679
4768.892372685276313860
4800.520625309901333821
4786.104861666002761922
4682.862849040472610795
4511.515584256108013506
4326.953447067047818564
4172.870312214402474638
4077.781389498686621664
4014.398597209057243163
3987.600708621665489773
3981.173639988151535363
3922.047312528912698326
3755.242190899598881515
2375.247268837042156520
2449.469485860641270847
2468.476455323754635174
2486.028961922461803624
2491.028810341741063894
2498.975569817160703678
2594.985703121144069883
2679.686961857014011912
2736.925232388505264680
2771.135444842452670855
2794.560217966135041934
2819.390267696336195513
2857.781428876703103015
2928.208819740108992846
3031.917611736777871556
3137.432220476349812088
3243.350784333130377490
3343.131656214873146382
3435.519546622682355519
3530.610199062608444365
3647.532513577198642452
3769.320010560935315880
3891.599619593722763966
3974.899146606815520499
4058.613359823357768619
4139.980557954370851803
4218.794476722976469318
4301.518290437683390337
4387.812861452127435768
4475.301945789660749142
4564.350730631912483659
4655.401975037460033491
4748.974927360635774676
4845.660919109505812230
4946.115293846429267433
5051.045632065516656439
5357.494127243136063043
5473.655490456822008127
5596.594007685012002185
5727.063997202479185944
5865.775418514135708392
6013.378269433656896581
6170.446712416376612964
6337.466548402154330688
6514.826388055461393378
6702.812511503127097967
6901.607064560504113615
7111.288943360629673407
7331.836493199136384646
7563.131011851043695060
7804.960013540508953156
8057.019286672621092293
8318.912965371382597368
8590.151127977147552883
8870.144818312022835016
9158.198832266718454775
9453.503084398957071244
9755.123814369620959042
10061.996250105732542579
10372.920542635025412892
10686.562763472769802320
11001.462438728176493896
11108.941858497977591469
11421.558461294991502655
11730.503725267495610751
12034.050543879113320145
12331.105496111687898519
12620.148566192798170960
12899.736315147742061527
13168.530069630613070331
13425.319671574958192650
13669.042560304689686745
13898.798461368429343565
14113.860179465345936478
14313.680939856647455599
14497.898481850732423482
14666.335807617952013970
14818.998267158682210720
14956.066627891541429562
15135.913938889403652865
15300.975802016373563674
15451.852307249610021245
15589.261750449744795333
15714.022559659402759280
15827.037393885317214881
15929.280708622247402673
16021.789996117062401026
16105.659601202272824594
16182.034869453173087095
16252.103778456368672778
16317.083374094616374350
16381.874238117836284800
16440.356173245152604068
16497.313353573168569710
16553.834436807450401830
16610.861308359228132758
16669.180374724885041360
16729.398317929571931018
16791.926835297555953730
16856.977058301890792791
16924.563308287073596148
16994.515111859433091013
17066.496023383071587887
17140.027746971802116605
17214.518175431116105756
17274.135328679964004550
17321.598695092943671625
17393.523989049670490203
17464.775588872555090347
17533.458973440261615906
17598.988463964786205906
17660.887719115002255421
17718.810649400449619861
17769.222742792531789746
17815.403792416327632964
17857.446091852209065109
17895.574175689416733803
17930.586042835231637582
17989.752203187879786128
18060.437415737407718552
18126.643642530922079459
18165.453518011792766629
18190.236657564102642937
18213.434063699402031489
18236.323156896316504572
18259.378181801806931617
18282.941971225027373293
18306.243294679163227556
18324.609384560066246195
18339.178462622414372163
18356.576093989846413024
18378.719155214959755540
18400.904542040392698254
18419.899881889632524690
18431.894801274767814903
18426.062676417164766463
18398.367399732982448768
18361.961900838974543149
18330.114903273795789573
18310.208582307182950899
18301.230147558726457646
18297.366184399288613349
18293.742026596351934131
18286.992141278809867799
18280.614878453128767433
18273.867976581637776690
18268.656758346227434231
18274.090215297866961919
18296.815960040661593666
4357.535577850087975094
