44.897230574799749547
47.750689991877592888
51.156718663691577831
53.712221093233864622
54.832666941513849679
55.139996363457328243
55.517182758566320899
55.865236209526656808
56.225341544890227397
56.602919382670194182
56.883987672483968367
57.046794623287738091
57.164522191347721503
57.181933634765229613
56.620975900657356306
55.194216194833558120
53.284510934594358389
51.871914361586320297
51.065927685081760501
50.147910449799248056
48.898851239981397043
47.401220276561929268
45.348657093850242461
45.906105787059210854
45.732298851948691265
44.997019906927469890
43.653190274990521402
41.917129100733760083
39.605741366079215027
35.873421045138890406
28.817652999231754052
20.013406348157261050
11.764460080436506928
4.959764110111450464
-0.912585914157673983
-5.988045875822592734
-9.844002053982208622
-12.557252571398990426
-15.033371401286018454
-17.483378988221176087
-19.627429753900713649
-20.899552218070340359
-21.427470502141986231
-21.470421206763148803
-21.616788102418610151
-22.244747667853857820
-23.089317771191275597
-23.555685136515023714
-23.567658816606041228
-23.354194558663948555
-22.658054175074113346
-20.549715714989503113
-17.128407053295916285
-12.427049175965294125
-7.291309823816391145
-2.559639015042648680
1.097856543069099189
3.783772998428048595
6.582463889931574386
10.880490898539989075
16.339405423936142370
21.704546150114111924
25.373940363360873107
27.036361371728361291
27.332980064675439280
27.315804920323358829
27.620707911197854401
28.221666230976268253
28.886153026984572989
29.527460699557309454
30.037945883390108293
30.320978096986607397
30.388383413825323487
30.448959659645055353
30.993081138850214984
32.327593274816706526
34.146832815285847573
35.593045272213061025
35.715102264840908219
34.036652618023964578
31.166042873823556647
28.699611593015418975
27.659023188712154706
27.644318444889790953
27.834069230831232744
27.468029941105584157
26.080303096301406640
23.631268779280702574
20.331173873364718929
16.461646214056258941
12.274997243570197725
8.129817583815508897
4.288958584667284413
0.946471852059772800
-1.829977097111566309
-4.061275451709917661
-5.775451982571468079
-7.189283790995034451
-8.592855132493838255
-10.037290539731259287
-11.283955610847556272
-12.091873983370760470
-12.360616030801679699
-12.229706919344607741
-12.120515946185378198
-12.417191046192783688
-13.255867799173131516
-14.385246761273606353
-15.317937924944260430
-15.735554116880109632
-15.716410240997561232
-15.656950197376090728
-16.042273349433514795
-17.102700619204938448
-18.715074269294632359
-20.734559186383080487
-23.031115454765824779
-25.408955869196915955
-27.714289538094107002
-29.897862196187645623
-31.964107346082840877
-33.871228332373732428
-35.462087873626330747
-36.485049780637524464
-36.956421665107285435
-37.207168017488015721
-37.306305105552098667
-37.191892229372427892
-36.936976754598617845
-36.743913450017913647
-36.788943907174655124
-37.079101779707116293
-37.439255551077508244
-37.624264600388215740
-37.402440817281757290
-36.631978427927009534
-35.384037509005906941
-33.934905047300361502
-32.593238641551465662
-31.554969094633577242
-30.850993583740631721
-30.361140104437708942
-29.897230215469448922
-29.324577092908413078
-28.615437520215806444
-27.787808381361799093
-26.900253485614939564
-26.067784762584693681
-25.435807484830007752
