1752.416397154245942147
1717.116626613315474970
1659.476575958930425259
1577.440947855825925217
1456.113648666425660849
1301.781210494578999715
1290.616398241445267558
1250.103165716283683651
1196.422349662141868976
1139.523781308314937633
1078.606703891388406191
1017.388128236723332520
966.913082451912941906
934.876211006428547989
899.590089421606307951
842.963962411041620726
776.562523823957917557
752.627256268819223806
772.656995612140121921
796.421880872721430933
846.255214947684862636
1014.088564004485760961
1356.036836889616779445
1066.443643462313957571
947.805171197389995541
950.606916304874744128
1013.430510791719143526
1164.589822461943413145
1455.693270675325948105
1960.323035554898524424
2590.703168129680307175
3421.903296472724377963
4540.598920200946849945
5919.999623891741975967
7454.956680988885636907
9052.981747828902371111
10689.879528285380729358
12314.739828025678434642
13822.335128059008638957
15172.012661765620578080
16364.944931868811181630
17604.194479803307331167
18712.121751226386550115
19660.015596855573676294
20404.243859567330218852
20916.505184331235795980
21217.339977993015054381
21356.450908857412287034
21340.489176817627594573
21146.727701295691076666
20790.849602188354765531
20360.227055596154968953
19839.319447472655156162
19236.254632518321159296
18482.313650007621617988
17519.833270881579665001
16300.189515504816881730
14830.292001665242423769
13196.881300346496573184
11540.860009802403510548
9851.640457327684998745
8059.927937597774871392
6063.940604201648966409
3896.671871604300122272
1724.665790628129570905
2821.704880677989422111
1371.052902934565281612
421.980835202055686750
3.209476145118889789
0.000000000000000000
0.000000000000000000
0.000000000000000000
0.000000000000000000
0.000000000000000000
0.000000000000000000
0.000000000000000000
0.000000000000000000
0.438438736241844540
128.430130261364524813
36.796229738208261040
0.000000000000000000
0.000000000000000000
0.000000000000000000
0.000000000000000000
44.533055000865381601
218.007693095529191396
496.755550070626611614
945.855866874054413529
1632.827670077236916768
2542.745976917155076080
3526.707445856666709005
4544.411728943835441896
5527.556717155533078767
6463.143434961713865050
7321.975206036524468800
8064.441718397707518307
8716.376851765959145268
9244.228261397342066630
9592.944179936786895269
9757.939793483057655976
9810.862746929497006931
9794.129378968800665461
9739.881523876598294009
9669.380590328590187710
9513.150400118449397269
9244.650483516072199563
8847.287580626189082977
8370.949438812735024840
7925.629697964174738445
7587.246686237253015861
7354.767754574751961627
7188.610916887596431479
7015.288902698802303348
6750.137877168225713831
6515.415431052423627989
6310.468501241472949914
6115.273436915515958390
5959.268517362660531944
5850.795449556713720085
5776.606532265614987409
5705.599307009167205251
5630.218162586536891467
5531.289521426218925626
5506.725006334060708468
5615.993011438284156611
5614.951151039782416774
5592.839422151534563454
5591.273657908434870478
5598.049259456433901505
5564.229582148847839562
5448.002440614951410680
5243.499032059793535154
4996.923614234583510552
4747.027428488750047109
4529.188169695637043333
4402.194888978609924379
4365.740691433315987524
4349.436413527691001946
4298.587910968773030618
4188.017392288121300226
4016.206199812590057263
3811.913061666800786043
3622.761011893081558810
3486.860484732560053089
3381.999070227514948783
3316.612753759757197258
3286.759519252750123997
3280.884549486325795442
3270.472131945601631742
3095.643292055914116645
3089.739104277079604799
3069.379370684470814012
3048.154832650705884589
3031.277550944831546076
3010.229927645285442850
3048.323521517469544051
3069.946016693645105988
3075.748369091470067360
3069.109197719248186331
3055.470451997598502203
3039.873781907627744658
3027.151296064477719483
3024.092411837234521954
3041.714963274190267839
3084.661774337913811905
3143.437452285660583584
3198.486289561005378346
3245.011295375687495834
3296.505693737822184630
3368.017412318311471608
3475.964079835066513624
3647.303469846566713386
3381.285795366994079814
3181.709922115725930780
3026.536263433717977023
2905.956794761987566744
2817.217977553880245978
2776.350693046626929572
2812.854566432845331292
2982.810673911896174104
3298.624732202521045110
3742.714530825643578282
4290.313737667668647191
4916.589218281983448833
5593.673157917166463449
6287.829143705086607952
6976.620509246411529602
7653.556398762530989188
8308.202299368127569323
8928.525349169649416581
9474.142450346653276938
9969.583292577912288834
10418.019240712890677969
10826.615017911879476742
11200.895895213154290104
11538.784395051799947396
11833.489749805810788530
12085.044414347548809019
12297.986652244690048974
12470.324284147334765294
12588.267134433306637220
12654.603193977673072368
12668.475245314761195914
12641.662409955655675731
12584.471021445497171953
12506.183467865444981726
12407.931110644765794859
12279.504339598461228888
12104.629398215947730932
11895.398383935063975514
11678.753298751818874734
11494.078546573964558775
11369.413882154743987485
11326.718843062802989152
10912.488758502169730491
10988.518953602417241200
11216.386499604697746690
11620.427550564014381962
12163.743196038192763808
12661.400921717884557438
13127.561993686624191469
13567.935360010598742520
13982.065429591963038547
14325.946298524087978876
14561.896538151224376634
14705.296863007626598119
14815.822045814300508937
15029.646308602747012628
15326.182034792935155565
15736.344515669508837163
16086.290624458972160937
16232.014716128176587517
16269.628071539515076438
16277.666423252521781251
16347.234492393503387575
16494.274920883730374044
16719.706517514157894766
17012.364368708007532405
17355.022735802871466149
17735.054248847300186753
18122.736815770607790910
18495.582957129969145171
18831.047307211512816139
19116.311963961670699064
19346.696486860557342879
19514.427064360897929873
19623.471619925923732808
19683.372217582942539593
19698.876865572266979143
19666.114289975364954444
19586.155814084198937053
19462.502289211253810208
19301.000703521240211558
19119.819448512949747965
18931.920858183777454542
18749.114655947894789279
18574.700700090703321621
18404.085940632372512482
18236.336011073468398536
18078.970193469751393422
17942.522261896127020009
17839.722525458779273322
17844.717299710737279383
17879.305227882075996604
17941.053808064916665899
18028.302411958164157113
18131.798657775863830466
18244.172151224891422316
18360.534108325737179257
18478.526130589973035967
18593.437647419184941100
18703.007363076460023876
18791.109338127265800722
18847.873728942344314419
18903.679456731562822824
18947.051856876259989804
18973.322151736614614492
18985.172482548154221149
18990.149324264006281737
18994.805124437625636347
19000.891696226091880817
19003.308112601400353014
18997.857023822631163057
18980.925481414746172959
18946.265191312293609371
18895.674545967787707923
18840.290916769739851588
18789.310299183613096830
18747.902455754476250149
18717.720910942472983152
18695.946964426409977023
18676.808996459003537893
18655.458305151081731310
18634.847180805114476243
18614.406530914264294552
18595.625640599544567522
18581.126944967520103091
18575.191020408547046827
3384.781451303741050651
