2124.233706246084693703
2109.536418657654394337
2063.110584078515330475
1972.062223638297837169
1817.733892875193987493
1610.770695311379085979
1622.808700328725535655
1595.028286813971590163
1547.162838946436750120
1492.365673436759834658
1431.997642731776750225
1371.767086119977420822
1324.098870270598581556
1295.571068175433765646
1259.162850912619205701
1194.074020830455083342
1117.169621098953030014
1090.932324524467958327
1115.685912535671604928
1134.270455406442579260
1142.376091521472744716
1185.732063319372628030
1412.252798534798330365
1361.041200522201052081
1337.429187810204439302
1341.256606927686789277
1390.373546473456826789
1523.947842765664972831
1776.768180619027134526
2203.872699511817700113
2791.269487266070882470
3958.762395262835980247
5465.994981887218273187
6581.121099941787178977
7406.704511795886901382
8114.975901323580728786
8789.236267517529995530
9497.595130722516842070
10823.577013453505060170
13489.531278005328204017
15877.019446418496954720
17861.167325655562308384
19489.580862137339863693
20799.909895009874162497
21820.291007541829458205
22571.650664504355518147
23069.173065075847262051
23323.184788227288663620
23339.675265595487871906
23120.574720808810525341
22663.781211487617838429
21962.880810757385916077
21006.430628149617405143
19776.891036427874496439
18248.888254051013063872
16387.027619833865173860
14149.934614239145957981
11645.710535215415802668
9949.961548257768299663
9244.182522661016264465
8750.548526375077926787
8184.708896959654339298
7374.109742821488907794
6298.994501850068445492
4964.582899919020746893
4337.857802372226615262
1553.851625426440250521
101.933270153772326694
0.000000000000000000
0.000000000000000000
0.000000000000000000
0.000000000000000000
0.000000000000000000
0.000000000000000000
0.000000000000000000
0.000000000000000000
0.000000000000000000
0.000000000000000000
510.319482615718243323
0.109229015535891288
0.000000000000000000
0.000000000000000000
0.000000000000000000
0.000000000000000000
0.000000000000000000
0.000000000000000000
3.364221265926216287
949.081584244382042925
2256.115048058058164315
3149.893527106935835036
3743.050102807762868906
4298.233912685152063204
4852.810171132350660628
5429.552940701541047019
6022.455884278888333938
6621.527613888277301157
7277.739124491753500479
7935.568615932227658050
8471.473716375012372737
8806.829290806776043610
8973.121871011599068879
9016.658553959334312822
8995.366457996939061559
8955.300710891966446070
8836.572315266465011518
8614.509476886683842167
8269.771677971135432017
7851.846790148783838958
7474.040966281925648218
7213.071471734597253089
7063.330389628768898547
6978.507711249527346808
6876.793500955736817559
6659.084722678780053684
6462.658434849728109839
6287.143204896126917447
6112.169721834429765295
5971.199123619251622586
5875.311613230054717860
5812.389493028161268739
5750.906921635069011245
5684.292405155332744471
5592.934217701006673451
5582.494193443747462879
5716.653271579988540907
5732.322592762776366726
5724.603393369347031694
5737.351310173194178788
5756.666020413234946318
5729.326764995958001236
5609.975695391327462858
5392.131264378200285137
5125.545418628424158669
4852.141201929416638450
4610.313443024109801627
4463.635415344632747292
4411.952449215077649569
4379.483510899039174546
4307.268905515543337970
4168.286479829642303230
3961.322602438676767633
3718.144296902198220778
3491.151329469039410469
3322.687181484440770873
3190.141295978187827131
3103.702435884244550834
3059.863684379308779171
3046.424684012391026044
3032.352528472203175625
3672.227442368641732173
3656.120688778467410884
3613.109391931275240495
3556.703564336316503613
3492.293549611783419095
3410.431695155484248971
3457.826568354287701368
3475.308906905665025988
3466.095805767089586880
3437.108176042681407125
3397.569088654284769291
3356.028782944043541647
3320.384282768589400803
3299.862982433581237274
3307.161216348473317339
3347.288128032555960090
3409.869327463798526878
3473.033114637830294669
3529.181284239043634443
3587.679989707186450687
3655.255892673293601547
3735.943312690531456610
3823.165147289082142379
3732.510439770494031109
3693.561979416789199604
3703.041905594616764574
3755.117018500662197766
3848.240421707927907846
3993.059061123996343667
4206.743127318548431504
4517.221091676526157244
4867.031571564911246242
5270.108324263555005018
5799.361883549232516089
6397.761974907584772154
7002.402876976851075597
7571.396616526555590099
8073.825857651309888752
8405.588460177545130136
8453.294127300518084667
8490.993724153535367805
8550.928010544848802965
8634.588429013314453186
8742.748349565361422719
8875.970392667204578174
9034.635749892113381065
9218.972277506511090905
9429.081860157655682997
9664.963563686804263853
9926.529254447959829122
10213.608765338718512794
10525.942302911435035639
10863.158626235328483745
11224.738570168310616282
11609.964004773775741342
12017.820201396363700042
12445.708174082126788562
12863.679086630811070791
13083.517222305215909728
13067.810100402219177340
12948.923387846611149143
12791.611206012199545512
12651.787319470333386562
12569.108789554678878631
12586.982186952962365467
12600.380866127588888048
13014.512078112476956449
13432.545956332243804354
13833.278377285128954099
14212.970678559009684250
14569.048031987129434128
14899.253135294540697942
15201.612147199088212801
15474.388650924429384759
15716.030739014697246603
15925.121371315497526666
16100.340585344863939099
16240.445601488650936517
16344.272203421051017358
16410.758502681521349587
16438.990482092744059628
16428.267314696156972786
16378.183022569892273168
16288.719676374474147451
16160.353149469274285366
15994.309888603445870103
15794.395290297534302226
15603.600221212927863235
15556.411841752566033392
15725.221144527542492142
16059.699165919828374172
16484.159164289252657909
16948.092918728434597142
17405.805262894700717879
17823.105748174308246234
18176.377170412593841320
18444.278493642294051824
18628.356272197641374078
18745.733249231256195344
18811.679525990370166255
18829.295750282330118353
18801.127019163537624991
18729.365253774896700634
18618.735294948790397029
18488.259864800213108538
18352.667242488456395222
18225.971701078298792709
18113.188294528270489536
18010.742884953040629625
17918.746391470533126267
17846.082190543758770218
17804.538728981395252049
17807.947982262820005417
17833.028500535001512617
17898.321593018401472364
18000.636327956748573342
18137.250909728922124486
18296.934382564570114482
18470.167044420912134228
18649.869450979880639352
18831.570163420481549110
19008.267469214919401566
19175.695830640717758797
19314.856343423187354347
19413.768644751511601498
19504.090373877861566143
19572.689447767865203787
19613.999217915032204473
19630.624337931298214244
19630.649333727953489870
19621.289507845973275835
19604.752057624209555797
19576.010515278736420441
19531.162059652961033862
19467.086494356972252717
19377.977113546996406512
19266.835297100034949835
19146.826252432398177916
19029.073749576335103484
18920.369418747959571192
18823.700792353429278592
18737.218699788227240788
18655.877487224617652828
18575.618743902236019494
18500.792710931687906850
18431.973970262191869551
18371.882559885776572628
18324.154904776158218738
18293.525081449824938318
3249.770147670052665489
