51.633631550018016299
52.814707934876828688
54.278208720698550849
55.717879402571078629
56.955619531327833727
57.810118272869807754
57.540823164365725972
57.302938509834255854
57.707506319673790074
58.640080738632072155
59.794897198361269375
60.983580320131352437
62.141130702816766984
63.131945525309546952
63.452681736867859286
62.808291866417135907
61.569316999110959898
60.689115829228782673
60.299339820351704589
59.742772973658780700
58.860427883018751061
58.069788394507952489
57.321423931248062900
56.430332668335900337
55.359497242517420545
53.964592397730129392
51.777497298409592474
48.867889523278122965
45.040903003752674749
39.952274692197562445
33.056540797601471127
24.687444291935548790
15.751958372336048342
7.046974157059224808
-1.522765689466609729
-9.747688754573232472
-16.985548939100567623
-23.138625987397318795
-28.938998265539737531
-34.499727012864354947
-39.495693947185571915
-43.349399308668921549
-46.147760699257275974
-48.110581604235903797
-49.774202451218314991
-51.482957534722345372
-52.981210068092451593
-53.707405198125286461
-53.591509717698073700
-52.854312331368618061
-51.263588836330086451
-47.959355439806103050
-43.053298044000570144
-36.599590231802721974
-29.421679094899161555
-22.341909277869774542
-16.030740489770977319
-10.439591877090549588
-4.605723639399229796
2.707242629573840986
11.102698725197654994
19.315793045655453852
25.772776915905581063
30.227291589579380116
33.621264666518754893
37.193957824448091287
41.120570693088836833
44.954494995648133226
48.163939763879369593
50.588176087575988049
52.282669603984373907
53.327446545748102835
53.844044192674488158
54.093652447170427422
54.574556763329923115
55.593248944273057077
56.865907290493453274
57.603072516954654247
57.027115166796988888
54.812491308144956292
51.419611092594152524
48.241977103875740340
46.228537872584638535
44.997141964029054861
43.740054839734852976
41.668621850757745051
38.267285038551136722
33.577200190552929371
28.083275033600443749
22.212654510828002685
16.137695181148956181
10.117933755447467092
4.408446176985222564
-0.749417790412422846
-5.221791144901715143
-8.965654970643527122
-11.958568485499569078
-14.370792308126681291
-16.456851851394844743
-18.261930118086439734
-19.574122947742580436
-20.194498273781277931
-20.070742514020764702
-19.388972125362556653
-18.610135181094960899
-18.165429034597025293
-18.251638512576221274
-18.691644414951667841
-19.066828743021460468
-19.088331971349532523
-18.805940937311220296
-18.539904287707543062
-18.686336820232270384
-19.424504377031098556
-20.643448329031002686
-22.247556132808483653
-24.166221027354197304
-26.254620665266713786
-28.383689138804868435
-30.498924378330798390
-32.578561474029697820
-34.547494881688692203
-36.220472379595832990
-37.329469966405326886
-37.870080657810717639
-38.146915624931637012
-38.229507805291973455
-38.072807679810011905
-37.764775833871453870
-37.517008108525772059
-37.512008805836217107
-37.761412352679997184
-38.089504826349866562
-38.240361886317543849
-37.965384557869526816
-37.110318184837581157
-35.745688268400328980
-34.163100201767690578
-32.700644028465433166
-31.585571354151795731
-30.867105348361349115
-30.422487271562772548
-30.042176937832948624
-29.561885960518964112
-28.928957279381620538
-28.149161256632794448
-27.276105420845624394
-26.412545617711145951
-25.672889885938388943
