1842.809468123798296801
1829.668686136841188272
1792.801176817348050463
1721.482582206153665538
1594.056681633400330611
1382.283884754958080521
1370.559747159696598828
1338.830585864398244667
1295.964850300518492077
1252.568085631129406465
1209.188657914462055487
1167.636776337837090978
1126.474781446277575014
1067.953674104841411463
989.002429532540645596
932.900728144723984769
884.987837198872739464
880.096489209017022404
923.502819745381771099
957.706080586908456098
934.390017816415024754
938.966088868028691650
958.182152749106080591
982.757765101950894859
1006.433202564811608681
1037.839380245843358352
1140.910847214708610409
1263.762239691055128787
1423.042947308861130296
1658.063235192640604510
2108.697859936271470360
2912.964888631459871249
4141.591248562115652021
5738.835312669853919942
7571.582617190972996468
8133.055249108703719685
8548.522356245983246481
10387.152184091703020385
12077.962907299695871188
13592.557108386918116594
14919.655113028313280665
16057.873600881835955079
17011.263175649422919378
17786.749942469909001375
18392.586290365783497691
18837.398322820725297788
19129.492188999120116932
19276.279338218664634041
19283.821288102364633232
19156.510276510583935305
18896.819285759680496994
18505.079124847019556910
17979.264707905887917150
17314.892421978587663034
16504.976337799835164333
15540.243276484650778002
14409.713530924071164918
13101.894691343548402074
11606.816560501796629978
9919.327878829151813989
8044.861677371319274243
7581.833685918099035916
7144.739180439677511458
5073.503384763374924660
3167.008941430938193662
1599.136112085087233936
560.135697138420255214
54.863414803914807294
0.000000000000000000
0.000000000000000000
0.000000000000000000
0.000000000000000000
0.000000000000000000
0.000000000000000000
0.000000000000000000
0.000000000000000000
0.000000000000000000
0.000000000000000000
0.000000000000002131
0.000000000001602130
0.000000000000000000
0.000000000000000000
0.000000000000000000
0.000000000000000000
0.000000000000000005
0.000000000150041273
0.599495623863532279
210.956933472787426354
808.290026361981858827
1786.654511086417187471
3056.829299098478259111
4476.885807412571011810
4597.174534372186826658
4846.134775636317499448
6010.310057713239984878
6955.682410380250075832
7675.111608342893305235
8177.347062379172712099
8480.537428028377689770
8608.431533869063059683
8587.608696469711503596
8445.256591992319954443
8207.609281876841123449
7898.846451482169868541
7540.524397890346335771
7151.692894963016442489
6749.806509959289542167
6352.919987736974690051
6053.246889201199337549
5878.125137403501867084
5785.909244563578795351
5724.284200567326479359
5617.060971118367888266
5472.443313694117932755
5412.345142618116369704
5387.205027811081890832
5281.510466221017850330
5108.544451646358538710
4929.966135943248445983
4764.273237038764818863
4592.572579154269078572
4419.349930376589327352
4258.236451410560221120
4307.339338514945666248
4536.492964355337790039
4690.561066299635058385
4754.055457727743487339
4741.993240215930200065
4671.282639661820212496
4552.022397679718778818
4384.561078587528754724
4159.593484812880888057
3867.589374280754327629
3539.502756210506049683
3276.955614686411536240
3157.426039909165410791
3157.151920990840608283
3183.158371579633239890
3168.994209053472786763
3085.252046898753633286
2930.377350912795918703
2736.465330312559672166
2556.023554271482680633
2430.578516288132959744
2335.747933583488247677
2277.037590526043913997
2240.719848171238936629
2190.670967071966515505
2055.918773565274477733
3389.738053491825667152
3373.884930704528414935
3338.984643627838067914
3302.234682270690427686
3271.413349946321886819
3242.577114749033626140
3284.040680996402443270
3299.896831791737440653
3292.995502478343041730
3270.306767516914533189
3242.380545914453705336
3220.280211970566142554
3214.965044434077753976
3237.213545039146993076
3289.939955146355259785
3361.401762084205529391
3443.388426595511191408
3520.501900864195704344
3588.965950904619603534
3661.286466875675614574
3748.105961066448799102
3834.828351726304845215
3921.410178616886241798
4028.065726951519536669
4134.619643889624057920
4239.365780218443433114
4333.783360421030010912
4430.469288805003998277
4531.956567325654759770
4640.332604967857150768
4749.977490544491956825
4861.371461760111742478
4975.068234073638450354
5091.695855285420293512
5211.948988553405797575
5555.589510293335479219
5927.669505576523988566
6063.509867751429737837
6206.212441721721006616
6356.585114303098634991
6515.391706793723642477
6683.332821914387750439
6861.029976351092045661
7049.013788325994028128
7247.716497894151871151
7457.468634229247982148
7678.499215264042504714
7910.938508840166832670
8154.822132211840653326
8410.095136153768180520
8676.614726822448574239
8954.150427107804716798
9242.380770762591055245
9540.886046572337363614
9849.137147795694545493
10166.481200207837900962
10492.125288799310510512
10825.120210020812010043
11164.346657030388087151
11508.506499467801404535
11856.120231561040782253
11954.215573268100342830
12036.413891318896276061
12383.024161523791917716
12726.678552278155621025
13064.505236334580331459
13395.224422245672030840
13717.106485818749206373
14028.520814015266296337
14327.969448675079547684
14614.113227628111417289
14885.790085596767312381
15142.025951013158191927
15382.039104226003473741
15605.239001051315426594
15811.220556187507099821
15999.754873165702520055
16170.777478658141262713
16324.375266896742687095
16460.773508193651650799
16580.324335616980533814
16683.498009261140396120
16770.877924294771219138
16843.159760691112751374
16901.154392705491773086
16945.793243124666332733
16978.133796810576313874
16999.362162887446174864
17010.789146325507317670
17013.836514989856368629
17010.011196216884854948
17001.097178806005103979
17157.271909745846642181
17282.976197096406394849
17267.014433352200285299
17251.471696564312878763
17237.381352739925205242
17225.531523345362074906
17216.461576973186311079
17210.467595403060840908
17207.620935559269128134
17207.796150989095622208
17210.704287089796707733
17215.928026227076770738
17222.956095863410155289
17231.215488258800178301
17240.101088637213251786
17248.933024589201522758
17247.808462162003706908
17235.597292728183674626
17220.462600243918132037
17212.165067653022560989
17223.390256944192515220
17255.523242985025717644
17294.449146143266261788
17346.468995261053350987
17424.654596144922834355
17524.133811226431134855
17632.526879650562477764
17741.973655422098090639
17849.048866434408409987
17947.792263794486643746
18032.333950470114359632
18075.091156615890213288
18080.238083369760715868
18082.705658630569814704
18087.489302381178276846
18095.681002385143074207
18107.544985666583670536
18123.171290601207147120
18142.570362623493565479
18165.641410677875683177
18191.243287703346140916
18212.498980480500904378
18213.650654596200183732
18183.177599274145904928
18124.487417296972125769
18051.836435853372677229
17977.377478992439137073
17908.970027506657061167
17850.652450270892586559
17801.435651522540865699
17756.808341918760561384
17712.848763802565372316
17673.576977222524874378
17639.036649727488111239
17611.711581213916360866
17596.733602968302875524
17602.993414952390594408
3233.880433432085283130
