51.004776900126678640
52.170109328774202595
53.496840267439040417
54.526993667771726848
54.998666996942660035
55.222195872421181662
55.756337590867687481
56.361015728984710904
57.069874549399351338
57.898343855236809929
58.743619042716495926
59.552707210957748885
60.348146391278802980
61.063376390287096740
61.243982102120241962
60.613187667256326563
59.510597403549880369
58.803760087982027471
58.417942971681625863
57.483561662943088777
55.762862835257656968
53.760408574730455200
52.211686281731438442
52.060966853643115826
51.897161539239789363
50.771852557506981896
48.072071430411860149
43.949456695273852347
38.571478713688293283
32.232505759912953636
24.989597946342627210
17.312398638736524958
9.872245831770911195
3.164059882010150204
-3.136941627472936034
-8.970987437757287353
-13.790064060575900839
-17.557763312351369223
-21.049706132539313330
-24.413683059326842795
-27.355287651126104720
-29.325883764273640963
-30.440028498314035232
-30.943740444476048879
-31.397580507327177202
-32.167433933525188650
-33.015895354284822361
-33.395734123364320567
-33.246797183309610091
-32.794800503506166933
-31.807004037671902097
-29.417008609367456984
-25.723804889669906970
-20.762357322175716945
-15.330405888610499687
-10.218505574540415637
-6.060254369721832290
-2.766931614139821249
0.664992882738943081
5.510091931401461807
11.403918439234445259
17.104702891998471159
21.052269483233658320
23.017665745483867568
24.021901208020665308
25.545978999143642341
28.140173540324013857
31.574052430856681895
35.079985575088301175
37.920389710019321683
39.759099912550482259
40.684013008746802598
40.962647439975512498
40.966280199745398249
41.259696879626432064
42.192921429446244019
43.515618274519624720
44.444612124892955762
44.105319951978174231
42.064070373884874243
38.886242456277472002
36.057298641647662407
34.514666176168759648
33.837541117209070762
33.178748382846180220
31.755107940930002997
29.182624910971384224
25.684599849056496623
21.769125374292514152
17.751326436978786205
13.652209406161745164
9.584948674778814848
5.688769191906914102
2.127507373119186695
-1.009459237330702308
-3.699608658783603232
-5.924833356647781102
-7.849051136441858034
-9.713198817773104565
-11.543133112791565509
-13.101516848586470587
-14.156359243379370128
-14.613399482652766892
-14.608306458581296283
-14.545889109613938217
-14.800635946517559205
-15.518637740546296300
-16.485012806743213787
-17.262606274133759143
-17.568040392373859504
-17.481981030482813821
-17.374679769797353401
-17.693190813969920328
-18.643199107219402322
-20.101005702996985747
-21.928994582744621766
-24.010143446129234235
-26.169016550328194626
-28.268785957719387625
-30.267245096839815233
-32.168498016695195929
-33.930193995418335362
-35.400248097882354159
-36.337679844241051796
-36.754155665325185964
-36.959095912131829209
-37.018874571215633296
-36.879971973702652122
-36.617757751250508136
-36.429557482145469294
-36.486666395250495043
-36.797393629805924320
-37.192360557277140742
-37.428892553923390096
-37.271994865007116005
-36.573219059243172069
-35.395211363303303642
-34.008766065328813966
-32.726378572597070615
-31.756035979797616164
-31.142338145496353263
-30.774502041407572506
-30.466603765091974765
-30.080445397831908849
-29.583526038217030418
-28.991258940869386151
-28.355100255189995551
-27.765475442749448121
-27.319083730223269413
