52.662762577466025959
53.391489786273062634
54.396788464034202093
55.354000705830657125
55.992733175976560744
56.456301335228971539
56.819894338859391780
57.241858266414617162
57.879797266934559730
58.747699627985532800
59.725480839591114091
60.714783245711345216
61.657914840422719749
62.444239843475898510
62.684115755794962865
62.151856751727116546
61.115987163287954331
60.326980601073536548
59.905524557987966716
59.350066879524462138
58.558040253013331267
57.871368720320759849
57.194077178094104852
56.245490479962739983
55.063313193933709044
53.599395373927720243
51.443671353980654715
48.632843540502889823
44.940759711416909283
39.883718711961236636
32.580827497105431689
23.448405376831900071
14.188847827234340571
5.907231413787073393
-1.760018437747930875
-9.010866242582437735
-15.504118779480918988
-21.276414395326469275
-27.052437524344867370
-32.854064220085376746
-38.242230775271053744
-42.542850698846734758
-45.776621684532244672
-48.123830329469114986
-50.099508129583568916
-52.037447760510815442
-53.677243997423033761
-54.455450785968309901
-54.301579678189909828
-53.436936893313884411
-51.631058919972815602
-48.027922784074888796
-42.747128601635154155
-35.857483980925024980
-28.207763337347245169
-20.661318520537747645
-13.949907255013044960
-8.107039203792567150
-2.263022936770454407
4.739757980858087194
12.477343027289890642
19.743291571235403126
25.123939112524794837
28.623252030550929703
31.468369361868127498
35.083140635908847571
39.519138132625613480
43.925073308742554445
47.516993387952879857
50.179389310335892560
52.044622985255699632
53.220608775071440277
53.843365461940237537
54.186441058117310376
54.762385808918594421
55.899319133052699726
57.345112010018482351
58.310018582010741284
57.833550584817771778
55.387087164173237852
51.633421070673222175
48.147694916957448186
45.876684490218821111
44.401776249811746311
42.884819308736439325
40.506421248300000570
36.707721694418239622
31.503814305452152666
25.550042456560532855
19.674690476940469352
14.251553699108342244
9.366315642523659335
4.926404080826017662
0.855374084506593135
-2.912447428641712577
-6.398160271375701313
-9.525572015112942381
-12.337584532649572111
-14.944235535094975376
-17.272727000437839706
-19.037950331193087550
-20.010906451177532972
-20.140957497936682330
-19.633122220018293547
-18.970909740280745837
-18.602935387864789618
-18.736622832759138646
-19.202472559932743934
-19.590530261367064213
-19.622445830059803029
-19.358586709438782236
-19.127318599468651428
-19.326420372354732535
-20.124755345592177491
-21.387041705727654062
-22.986957056372659736
-24.830047303598917097
-26.763975677289181476
-28.669630194053411287
-30.515767227044932497
-32.312566407984888883
-34.021600631713738494
-35.493055293993052146
-36.483408491057161882
-36.993346178887463793
-37.314089397037321305
-37.491817017636549281
-37.454107684351697571
-37.259207822859821135
-37.090649410307605649
-37.113302412568600630
-37.340578661028530405
-37.620829683539056987
-37.738072230427064824
-37.484703952201527954
-36.729649217995870458
-35.534703689090520129
-34.151821605745908528
-32.866147452916663951
-31.862603350750873688
-31.176324353319841975
-30.703137988620483156
-30.275279892327091602
-29.775446285040175098
-29.186738129478499104
-28.531097749270031727
-27.857423774601102195
-27.247310595008116252
-26.787362615567019475
