44.689993575110790403
45.296000791157354115
46.038215840693425207
46.586691917622090386
46.687105984413349802
46.579171862608617971
46.484787481331039771
46.504084772037032280
46.769024539511377725
47.292632112749373618
47.944845583932931277
48.638621491864711288
49.352642871919044865
49.982743493059857087
50.068180340228707337
49.332109630251594012
48.106363795962550967
47.262862284858613293
46.878020265414150458
46.281119126877712233
45.312327657004431103
44.401407116852197987
43.513200415148901357
42.489189695556063953
41.524837082334101979
40.703092814859303417
39.774831160812823327
39.072421561127157474
38.760010948032487477
38.884836269082285298
39.041747096260081662
39.119992906974545122
39.334555372044036403
39.919522208913377881
40.440585500075769687
40.897941690296363504
41.789721689909185898
43.128774181899530049
44.149805322212387182
44.705346758174414390
45.086897636033057779
45.841852426878489268
46.882975434672715664
48.000424963072589435
48.681796901718200843
48.602782353673291027
48.020890027949889145
47.489864992761965823
47.087004644328402492
46.606987735495380321
46.281640531776787384
46.948803485993693130
48.503575516551421742
50.894509060580759296
53.323014994128271837
54.989172409172766720
55.237856291763165473
54.108287292628233445
52.523941542010419425
51.674434445139183936
51.173501619604763846
49.806963386481214684
46.089461868029957259
39.879989472750253299
32.308051563528692895
24.991727587678866485
18.720299047854553010
13.685706208520002747
9.674704406404117663
6.366129408086493413
3.436905196152309827
0.646515065750548956
-2.091652319181747544
-4.648281120100079988
-6.612445950317777488
-7.720593613533452526
-8.250553099040814686
-8.986308792072264851
-10.865926969615060216
-14.399152415651059300
-18.931148908464592751
-22.909465381413383511
-25.369029597478800042
-26.633306593963084197
-27.376927577498292976
-28.171122023859368255
-29.252973642281915545
-30.417145800282924029
-31.329469053401282963
-31.924315707454155699
-32.425088336382344778
-32.919090619404755671
-33.409260545260281106
-33.824670882030972052
-34.129788669962351833
-34.328650977958659496
-34.412846067836198927
-34.539063224835757637
-34.930968718325544842
-35.599059895852434465
-36.296820227304039008
-36.783532969015283243
-36.954506776823137670
-36.930689125864716971
-37.094919226933768641
-37.798762274872387934
-39.167217455305546991
-40.967968272901970295
-42.745208844156309169
-44.184996646960883027
-45.321094943054589521
-46.466299046562852482
-48.012483683544274982
-50.130864658467288564
-52.691568137818904916
-55.565138408784520152
-58.646966291035681706
-61.773967259089062054
-64.816317639422436514
-67.732206685789890344
-70.522000779965054562
-73.139303175031983528
-75.431544004115266944
-77.163627633033740949
-78.351785238860713889
-79.306975256619324455
-80.108122624371617349
-80.719056220091346177
-81.228584056886745657
-81.841783305471608401
-82.732481658961120274
-83.906340095502343956
-85.185289811853436959
-86.311734229080400382
-87.033880370458405196
-87.190669532541733133
-86.838800939741645379
-86.249878302704161115
-85.741998277031314046
-85.527859014772019464
-85.649853988539916827
-85.985764304193793350
-86.330815768141548006
-86.524915461845978371
-86.516325666189402455
-86.309752549357682483
-85.956068912592115794
-85.554106640292530983
-85.215498496416955732
