53.000405710838215612
53.742894623934283516
54.801570072828106106
55.928163802506162483
56.840718472452508081
57.491945144840791215
57.688375805444600530
57.819051790000898450
58.240987449384846286
58.992496619541100245
59.917619072904805932
60.887548953038852062
61.840449964638814606
62.671928110780712018
62.968911871916880330
62.475492392879345971
61.442724579793235762
60.618516648064321828
60.086599173354883874
59.337210995868595376
58.411565114429009782
57.861933404585521146
57.487952636585163191
56.910970895762503119
55.927847291385532458
54.339054156357619263
51.859456546648431186
48.621076909727392490
44.409302888418551447
38.874886571265818702
31.482685714058874282
22.705997236306288301
13.780738149002090154
5.584038178001947017
-2.193094687363981166
-9.613248725955116925
-16.224507860494526312
-22.004009100996370307
-27.665985645885825761
-33.254543426383236238
-38.363557411515273543
-42.347449023503685339
-45.247374462366877879
-47.258865938483666014
-48.910677761974966415
-50.551233301443573964
-51.936822030950679618
-52.523105312863776817
-52.260982719275972386
-51.394906102471821896
-49.718301957391048518
-46.398037280066063204
-41.572771702949950168
-35.322199839017486056
-28.491602758560077291
-21.918494773601764791
-16.278125231295661024
-11.511907166623132071
-6.627121675156530500
-0.331279958730817725
7.068377214395439978
14.436236400502195920
20.368647211351259330
24.813916459288634542
28.878737653962815557
33.821939107132806157
39.542107413238028357
45.095660894205025215
49.619708024155244175
52.907627544593708535
55.094510364590121299
56.352131360459424059
56.875772920338221184
56.981186119661060729
57.205844495894126567
57.883309412360063106
58.747898103203482378
59.030919262108170642
58.005920245507041955
55.395972183807458578
51.633610251451671047
48.082034731478785261
45.690430928753812623
44.079404303189221537
42.434318710706264710
39.945004226352040178
36.054652759631636627
30.785657025005349396
24.817643363871326301
18.985990508993921821
13.619171096914072905
8.770302062422416611
4.370418291877854244
0.395436148524311193
-3.177746746282281265
-6.363783972798472632
-9.123565901353344998
-11.565469575887703968
-13.866448834394873302
-16.001852334325860738
-17.709296580390571307
-18.758479340825545023
-19.077491953488276977
-18.836303312267716592
-18.478450739761854038
-18.416913930865064231
-18.833369191927886277
-19.542572372817176074
-20.125782432753169360
-20.299981732153355551
-20.123654856726091111
-19.925717761617818269
-20.107192930636813344
-20.843778524165429644
-22.011228405759368343
-23.497256672425066881
-25.221533778936816361
-27.043213145315803558
-28.850877136921269539
-30.617134067792221686
-32.352202381213317040
-34.013918745526211751
-35.446056718007639574
-36.399024966309127649
-36.871089078487500501
-37.154853447780340048
-37.299154094068455834
-37.234412575726764771
-37.022674220340434204
-36.851998582204544164
-36.890320954035814793
-37.150022692562174598
-37.473132619315208558
-37.633117530555239227
-37.410823122333511037
-36.667416544631976194
-35.464971422456983419
-34.063987627686913129
-32.761866260507758852
-31.753465284319702278
-31.077501129503730226
-30.626274807570041503
-30.223857102039119127
-29.744451737474889796
-29.165565978983181594
-28.507107267932042305
-27.819089740755089224
-27.186593857518857931
-26.700425274468500447
