1624.439621664945207158
1577.989248932999998942
1542.142426116259230184
1523.144939957897349814
1467.911696294686407782
1283.290381521622975924
1498.076428985367329005
1571.329148035540583805
1579.637171945707905252
1571.876202205705567394
1565.702723421478594901
1562.757094299548043637
1562.102385809364250235
1567.224911067021366762
1586.409688203330460965
1625.333958290175587535
1679.870948246196576292
1742.732672473791126322
1809.093170893234173491
1873.709555195252505655
1923.475547752954980751
1932.550624971062234181
1868.955743437601540791
2022.852420793855117154
2104.891671416487497481
2149.313803540165736194
2190.472690212715860980
2261.876752127581767127
2407.155829205516056390
2693.329054959397581115
3208.005045221558248159
4024.956087447073514340
5160.981344990154866537
6573.348079155025516229
8190.505078431868241751
9939.655198190042938222
11759.860074443113262532
13604.943080008923061541
15441.929612236946923076
17248.404493644869944546
19009.981519798264343990
19574.907580428844084963
20077.346783735298231477
20510.944223997787048575
20871.690969337665592320
21157.588001686697680270
21368.321395743656466948
21504.921918585721869022
21569.444703251370810904
21564.741672764135728357
21494.307252408183558146
21362.148937049641972408
21172.679802684626338305
20930.759669289302109974
20641.803216966669424437
20312.029852793250029208
19948.806555785675300285
19561.068974370300566079
19159.738135223502467852
16741.163326749403495342
14336.895733480912895175
11969.734145662710943725
9675.712175476461197832
7510.724269326792637003
5555.437790652948933712
3909.611559126056363311
2718.598697492690916988
2008.841670344507065238
1697.584933092785149711
1637.420388629709577799
1689.308121159219354013
1760.387733051988789157
1804.675642761231529221
1808.431290971612042995
1774.229966367273391370
1708.757529801952841808
1615.837183686491016488
1494.258528199181228047
1339.467333418869202433
1301.178155381576516447
1226.533194154791772235
1120.339411687353276648
990.460729956861541723
849.730944362659329272
722.567886239178392316
653.810361654566122525
712.316831900530701205
976.460069911181335556
1497.968444402622480993
2268.289374043970838102
3219.160960097352472076
4254.393233702521683881
5283.858114350628966349
6239.910340428794370382
7079.327600574421012425
7779.032466744321027363
8330.868411060888320208
8737.022715054916261579
9006.814252508407662390
9154.400584834125766065
9196.902316562893247465
9152.848395355069442303
9041.092084862648334820
8880.050190435995318694
8687.209991017258289503
8478.834264376679129782
8269.778840388364187675
8073.358344981877962709
7901.182753588668674638
7762.921844575821523904
7665.954477336600575654
7614.951516607748999377
7611.585579235508703277
7469.330621739207344945
7370.206328589530130557
7309.003273119856203266
7279.290374727263952082
7274.181165425369727018
7286.945610063644380716
7311.374707860792113934
7341.936881391808128683
7373.798080341602144472
7402.772395126786250330
7425.262780218566149415
7438.200767306244415522
7439.024717833304748638
7425.786802404147238121
7397.205473024872844690
7352.734172285748172726
7292.634386593947965594
7218.025448453758144751
7130.868569901488626783
7033.857356557382445317
6930.217088439162580471
6823.449320526918199903
6717.047167940582767187
6614.217305309909534117
6517.633655918730255507
6429.234170892439578893
6350.107191117198453867
6280.502868943408429914
6219.969167372674746730
6167.580456423834220914
6122.201710861868377833
6082.730506205472011061
6048.274600752706646745
6018.235015322401523008
5992.270047202867317537
5970.155231870868192345
1.369249122049748468
109.931680487655228262
229.557069287744383246
359.319301552337662997
498.852914188026488773
647.916752759912355941
806.211163136052277878
973.334144823573069516
1148.765358171910065721
1331.860327120985402871
1521.850068849453691655
1717.844207736176258550
1918.836364756291914091
2123.710816198715747305
2331.249575566928797343
2540.139256832831051724
2748.977415393934734311
2956.278512286278782994
3160.480203399458332569
3359.951264119132702035
3553.003057504611206241
3737.906963638388788240
3912.920465049197446206
4108.645844870438850194
4291.095740821724575653
4458.734816812953795306
4610.237529427623485390
4744.579156297411827836
4861.133865621041877603
4959.772544883012415085
5040.951300264853671251
5105.780783231567511393
5156.067170363701734459
5194.317814865624313825
5223.708052191285787558
5248.009789209334485349
5271.486555404884711606
5298.762907215224913671
5334.677942619876375829
5384.133035707758608623
5451.942939115395347471
5542.697512065375121892
5660.639017559005878866
5809.557604967022598430
5992.705572080026286130
6212.729428659321456507
6471.617699922477186192
6770.661747249799191195
7110.426570097809417348
7490.728471127411467023
7910.616559557798609603
8368.355310179646039614
8861.405809395804681117
9386.404024145303992555
9939.135601233312627301
10514.508577050741223502
11106.528221498265338596
11708.282243657225990319
12311.949685428538941778
12908.852455426518645254
13489.573199606387788663
14044.164566683750308584
14562.469524347332480829
15034.556946295504531008
15451.250205554464628221
15804.693018405912880553
16094.929121112005304894
16318.459386896045543835
16473.912088846445840318
16561.950777935668156715
16584.978197446911508450
16546.702477475992054678
16451.651607988434989238
16304.715140900349069852
16110.766983114357572049
15874.393455951367286616
15599.727041552598166163
15290.372647742617118638
14949.408626740700128721
15026.564789585276230355
15076.818246597678808030
15101.973095431923866272
15103.654120346887793858
15083.455166551468209946
15043.110522560929894098
14984.671864592168276431
14910.668470127084219712
14824.225979039187222952
14729.121001159337538411
14629.756203719507539063
14531.052200355812601629
14438.265843341787331156
14356.755933859116339590
14291.724084447903805994
14247.959414337659836747
14229.611682632319570985
14240.010343346884837956
14281.539063491994966171
14355.568180674790710327
14462.442290347715243115
14601.516805891527837957
14771.235613363780430518
14969.241386326319116051
15192.510288259529261268
15437.503328880758999730
15700.327356684581900481
15976.899400469224929111
16263.108709943617213867
16554.971270030309824506
16848.771763222779554781
17141.187941574644355569
17429.392390749799233163
17711.127002167988393921
17797.751171877414890332
17875.441308926445344696
17943.956217457325692521
18003.560810945360572077
18054.938872318922221893
18099.097740815293946071
18137.272013432710082270
18170.831938098319369601
18201.200360867082054028
18229.780301976195914904
18257.893840124124835711
18286.732094388207769953
18317.315742848506488372
18350.465558226729626767
18386.782696319183742162
18426.638759471847151872
18470.175814588048524456
18517.316479307963163592
18567.783865323362988420
18621.130610462452750653
18676.775508220227493439
18734.045501446173147997
18792.220159506665368099
18850.575366554818174336
18908.422935649279679637
18965.143251450685056625
19020.208847255093132844
19073.197913135867565870
19123.797951840017049108
19171.800930895191413583
19217.092133975365868537
19259.635330906530725770
19299.456817731570481556
19336.630368413942051120
19371.264356400384713197
19403.491448087363096420
5500.681668828661713633
