1930.296276263272829965
1913.872439683048696679
1869.277022614616953433
1786.983051131958063706
1650.725445232712900179
1472.844585134966337137
1466.015399741473174799
1428.900333877150387707
1378.633483067360657515
1325.686143188119103797
1269.320859344205473462
1213.926573298953144331
1171.344142449871924327
1148.271228379818694521
1118.207756504881672299
1060.511911899654251101
991.391754820086816835
972.146773533987698102
1001.752754404146344314
1021.182332562627493644
1023.630321617591562244
1058.458893905713694039
1206.642354914305997227
1392.615539126126350311
1339.947737096623768593
1315.525285652330694575
1361.762262520167041657
1525.770283053272351026
1850.832950526048307438
2396.636055099610530306
3088.854544350630931149
4078.649137221902492456
5262.688524271693495393
6360.730237011583085405
7331.489752929748647148
8196.741572348124464042
9012.227230913556923042
9815.290380268319495372
10767.506107392973717651
12796.073898491378713516
15710.129922572647046763
18316.925527100138424430
20485.962725283639883855
22252.009801494783459930
23644.628266248881118372
24683.778719328533043154
25382.327789412134734448
25747.682338812701345887
25782.625955158298893366
25485.650321621717012022
24850.835713590400700923
23867.140024913780507632
22516.830286977270588977
20773.491231110612716293
18603.179970711564237718
16011.169207528217157233
13361.190476839568873402
11591.923335294583012001
10598.209390842717766645
9901.883487783630698686
9249.200916221363513614
8483.563365689695274341
7456.832578486311831512
6170.043197917123507068
4722.416446761793849873
5550.509769111610694381
3143.285035694057114597
804.712301556359420829
0.000000000000000000
0.000000000000000000
0.000000000000000000
0.000000000000000000
0.000000000000000000
0.000000000000000000
0.000000000000000000
0.000000000000000000
0.000000000000000000
0.000000000000000000
0.000000000000000000
0.000000000000000000
0.000000000000000000
0.000000000000000000
0.000000000000000000
0.000000000000000000
0.000000000000000000
0.000000002021313106
377.340703254345783080
1002.933115936096100995
1675.291352539957415502
2382.487889459643156442
3060.937015542411700153
3758.590436177732499345
4453.705828057461076241
5157.708981535084603820
5856.057372830663553032
6519.505952198671366205
7178.569256321402463072
7782.723357237131494912
8244.821981099825279671
8529.273073881447999156
8690.686172891621026793
8767.596866923904599389
8797.587687714196363231
8809.622797080161035410
8734.053356836608145386
8543.407328804736607708
8218.085421596098967711
7808.075477777335436258
7427.140248043069732375
7152.276574455539957853
6978.129037033184431493
6858.750161125415615970
6712.871484523381695908
6529.304034617181059730
6358.669919305086295935
6201.333299323565370287
6037.848566971693799132
5902.714879989962355467
5808.074303120451986615
5742.824202917817274283
5676.344215875503323332
5602.839230668570962735
5503.343875833266793052
5484.127969341241623624
5609.380373006287300086
5616.206560606005041336
5600.008114815356748295
5604.812899748070776695
5616.780795657874477911
5582.687548364889153163
5457.151824791816579818
5233.660068194441009837
4961.921679433624376543
4683.786793713225961255
4437.559762617968772247
4286.736204969165555667
4231.120087756751672714
4194.957922931919711118
4119.361144608774338849
3977.345544356653135765
3767.646868676744361437
3521.880842926024342887
3292.210547000282531371
3120.691410461330633552
2984.432488232114792481
2893.426202011777604639
2844.126477169356803643
2824.484893265887876623
2803.754007388205991447
3600.901014335353011120
3583.117504169667881797
3540.627221278371507651
3488.728701568531505472
3434.137834533546083549
3368.284816826368569309
3403.637257344756108068
3414.799967898646173126
3403.405236593251174781
3374.744669430697740609
3336.793254845895717153
3297.317653880885245599
3263.861449305581118097
3245.704477738959667477
3255.863818615079708252
3299.514672079077172384
3365.893128947740024159
3432.389671462200567476
3490.616952578210657521
3548.781447469489648938
3611.515019521155409166
3679.372810067896807595
3756.258296325948776939
3566.968136612881608016
3482.174227094131765625
3464.570180469156184699
3507.745608615987748635
3612.157968562000405655
3792.924860254584018548
4070.628148336027152254
4477.703700140007640584
4985.584736428572796285
5575.811570655087052728
6242.888870992210286204
6945.335973439844565291
7639.850180870774238429
8287.944883521668089088
8864.725903371296226396
9335.400853151822957443
9552.351529884314004448
9560.103995292080071522
9567.282395279909906094
9607.211404452453280101
9682.698458873454001150
9794.716567169634799939
9943.959264058372355066
10130.947706221582848229
10356.064101116549863946
10619.573873616629498429
10921.636334414564771578
11262.300694630277575925
11641.484116495801572455
12058.924428225667725201
12514.041546448732333374
13004.980696304495722870
13519.921979835544334492
13984.253021605862159049
14226.451979373461654177
14248.041581142659197212
14123.340238212334952550
13903.124928127443126868
13634.291371442257513991
13374.080285335647204192
13168.586573628577752970
13062.866689053347727167
12740.965338476185934269
12979.196548041172718513
13417.411402398980499129
13900.033881288620250416
14359.138232439856437850
14781.445891070998186478
15163.117268492729635909
15500.993485262042668182
15792.398870297749454039
16035.014924347538908478
16226.795138149185731891
16365.902722797536625876
16450.679958193137281341
16479.655659796466352418
16451.594551767946541077
16365.589592233662187937
16221.185012386071321089
16018.497556540734876762
15758.764543327899446012
15446.207748942202670150
15096.856334415693709161
14804.362997245805672719
14704.807289996164399781
14817.095922612616050174
15111.990864975141448667
15549.689624673776052077
16069.289191189298435347
16620.269694935497682309
17155.754579658139846288
17643.117059024982154369
18062.961630675436026650
18398.224723036251816666
18650.587783091064920882
18832.374464161250216421
18952.826979468729405198
19011.697437189348420361
19012.445620792310364777
18959.952619026873435359
18861.202262082912056940
18736.446755811160983285
18600.633974425891210558
18467.586484552917681867
18341.983651871149049839
18219.937667361216881545
18101.371579530165035976
17995.157836154401593376
17913.267152244949102169
17869.905025909509276971
17913.087468354624434141
17990.866699508464080282
18100.506397799363185186
18239.898788030157447793
18398.533657000301900553
18567.663522296952578472
18740.964978866424644366
18914.650663774322310928
19082.296737940727325622
19240.099342956600594334
19369.402605370818491792
19458.470201043539418606
19539.149387707049754681
19598.430613299155083951
19630.840799681649514241
19639.051571087602496846
19631.185050630298064789
19614.463450017825380201
19591.073067319761321414
19555.943699166044098092
19505.116162428705138154
19435.416169405296386685
19341.001962876205652719
19224.869434213480417384
19100.199721285480336519
18978.134642021919717081
18865.463868996583187254
18765.129732956371299224
18675.176592327745311195
18590.387913195922010345
18506.491031234945694450
18427.624124644989933586
18354.206375550718803424
18288.907482213711773511
18235.442125341956852935
18198.723246095469221473
3111.730858545553928707
