52.939287542941613651
53.644318530639644393
54.654375218180248908
55.699292696141753822
56.506666829756852621
57.100700587579758860
57.360778106210752014
57.613515005571152017
58.138131728559102385
58.954733462498253971
59.916714228047077029
60.905532955823481700
61.860574264362760744
62.678440331557311538
62.965198383608388610
62.487840779916297151
61.501764750787749847
60.733477087020091290
60.272462760052739839
59.620064476135503639
58.734425280773884026
58.040491624462113407
57.264420830563103948
56.045549997233393924
54.771366404558968100
53.403426637761185702
51.252331696568219854
48.204485755917048095
44.030611326205303158
38.493497444319928036
31.245402438285395874
22.853014567526372502
14.435346046025159694
6.712628631451778460
-0.709241007903443688
-7.920811255278977114
-14.475561844916882137
-20.350556121091557316
-26.252514342805028491
-32.204946514608565167
-37.769253042252188379
-42.262383493020564629
-45.689468750229480065
-48.214276439949713904
-50.337897476136220121
-52.383864956655827427
-54.085051570515986441
-54.874348299021733055
-54.680274233265635075
-53.725658253594758662
-51.784183739794428902
-48.006964400620773858
-42.524298624622417719
-35.419867084119488254
-27.561725317016481540
-19.835953215489070089
-12.997309663982520078
-7.097083249860560272
-1.273117952964469168
5.633483289704543040
13.197079163599738649
20.190161329731807882
25.153053109532891085
28.047154135842902178
30.152677696343658909
33.166470389513534656
37.571852442064766819
42.617758477442606591
47.023988147775725110
50.275056531154604045
52.465553739907221598
53.781402959140052644
54.425297245759963971
54.713283374556652916
55.184191053121963932
56.182938411920616772
57.468753623059711799
58.260073911462797014
57.602624786125488754
54.972534758901474561
51.035802865524772187
47.368482771964863787
44.914208133759132124
43.243825197081577016
41.496431653091065073
38.819848694587562932
34.668753818153533075
29.270499397746618797
23.547681990876384361
18.186814028531330223
13.242786960228670523
8.666812023918225805
4.418478152340469478
0.536811232478299871
-2.951898261615866659
-6.039870093483102664
-8.691041741617794969
-11.033316975515731428
-13.267083686416725641
-15.384064249567757088
-17.125627215182362306
-18.252829312352673696
-18.676795929462628010
-18.547602877812153110
-18.290657075999149583
-18.305493108229825339
-18.766190629478330720
-19.485810697592853558
-20.049375059327303461
-20.182296656461232942
-19.954797305806266650
-19.708664141379415469
-19.856043610404412902
-20.579216186878397821
-21.754688348146487442
-23.266137029699393679
-25.026896001800309932
-26.889761762404589263
-28.738158117515922640
-30.541122741486219638
-32.306992552319002243
-33.993412183606608323
-35.445310961633310853
-36.414679332833145509
-36.900754871525691669
-37.196320579410667051
-37.350135054207896701
-37.292400358681220496
-37.084411708690026899
-36.912963332750734935
-36.944968564796340615
-37.193022204453768609
-37.501134768668180186
-37.646243834911047088
-37.413058752242136507
-36.665316270383698338
-35.464867331305754306
-34.069090317204484109
-32.770948686571159669
-31.761716935561253194
-31.078904773925273730
-30.616323567420238305
-30.201396624233325383
-29.711924287292220015
-29.127986246217346888
-28.470658472092679858
-27.789764190242294717
-27.169075351102264904
-26.697590091236349963
