974.747868883793330497
895.577178467353405722
822.821040731720700023
757.445850480913918545
693.731155452422740382
658.297341170574441094
526.033310664704345072
426.450441943613384410
351.701239857458006099
292.570163496836300965
236.992521594886113689
183.477703621311519555
141.210110225285745855
118.138502357321655722
93.334904489983514964
50.010267948606575317
0.000000000043714635
0.000000000000000008
24.403058707597146793
30.822584891809928109
0.000000121452018723
0.000000000000000866
178.522844079209960455
356.707956935848699231
368.041460289846497744
423.017612059180521555
522.539196396979946257
708.199339565659215623
1021.414266705498903320
1521.391503806711170910
2134.106061614849295438
3043.952047565051998390
4215.877801349362925976
5324.854829873581365973
6296.943664739834275679
7160.922712345542095136
7973.327796211368877266
8761.883442309504971490
9653.628830595880572218
11553.171181536019503255
14239.027816237776278285
16594.725455828967824345
18549.540405171686870744
20146.749753396725282073
21419.021142109570064349
22388.309594752103294013
23068.591107629232283216
23467.593059383489162428
23587.798566005898464937
23426.952074850090866676
22978.125625624197709840
22229.273448237436241470
21162.042894566071481677
19749.923918237873294856
17955.838429299430572428
15739.875804508910732693
13192.180305401672740118
11107.352939300382786314
10025.832280212005571229
9381.548300357932021143
8812.149335175858141156
8138.386080783388024429
7207.728051611106820928
6017.244260027923701273
4646.506330506908852840
5132.765667560024667182
2342.277617248561909946
271.804534837562982830
0.000000000000000000
0.000000000000000000
0.000000000000000000
0.000000000000000000
0.000000000000000000
0.000000000000000000
0.000000000000000000
0.000000000000000000
0.000000000000000000
0.000000000000000000
0.000000000000000006
0.000000000000000000
0.000000000000000000
0.000000000000000000
0.000000000000000000
0.000000000000000000
0.000000000000000000
0.454011967343119438
340.809414658297157530
1068.303763382823262873
1946.344534656078621992
2774.308762301265232963
3459.780540144318820239
4107.255383189760323148
4725.013444517584503046
5334.162263330321366084
5930.507528295087467995
6510.634561240100083523
7147.804958061399702274
7822.425978393872355809
8428.183583214715326903
8860.613421045925861108
9098.380536706541533931
9155.797687279491583467
9095.933609386709576938
8990.722378816857599304
8804.624512099964704248
8521.641159792787220795
8123.389434618833547574
7657.743328924399975222
7236.400521471015963471
6934.699098686977777106
6745.683526253438685671
6621.958654156002012314
6481.077594879498064984
6279.569030782681693381
6097.885982064106428879
5934.739169942858097784
5768.855052629341116699
5633.042960622154168959
5538.286359040281240596
5472.897872668820127728
5406.113740056049209670
5332.283443124559198623
5232.703508850561775034
5213.799013299828402523
5339.579463602346550033
5347.316274508265451004
5331.939162743361521279
5336.968242569112589990
5348.365136024861385522
5313.071279241325100884
5185.973580167510590400
4960.717757330887252465
4687.018607575017995259
4406.780434282159149006
4158.373088870382161986
4005.338030311901093228
3947.582909906678651168
3909.459161016199232108
3832.149843526738095534
3688.723548943934019917
3477.939806824127572327
3231.391114978831410554
3001.163276481293451070
2829.210739438394739409
2692.604051864271696104
2601.394620980316631176
2552.235302760482682061
2533.362643489662787033
2514.231841697499021393
4199.919304243754595518
4138.748769955509487772
4073.233258733107504668
4024.691249338507532229
4006.047085381863780640
4017.117346702223130706
3970.223175775799973053
3936.387862910178682796
3902.355036587687663996
3861.676370590848364373
3815.579065772690682934
3768.303133964474000095
3725.750395004564325063
3697.828497223213162215
3700.758506262504397455
3742.213213829019423429
3809.283634605286806618
3876.832442812584304193
3921.722262076051720214
3961.398068100983891782
3989.359132996925836778
3985.177757728642518487
3907.566430446116555686
3834.656701393426828872
3830.851734531971487741
3869.030079929396379157
3948.662268433139161061
4070.351848317831809254
4248.982044988391862717
4508.358930265339040488
4890.628140193695799098
5375.250698570202985138
5941.865242185959687049
6592.962680080768222979
7289.805292660262239224
7984.967443765725874982
8637.269945999107221724
9221.669026780171407154
9708.095027113804462715
9952.254301559847590397
10003.813976634753998951
10059.435624069717960083
10143.134354517565952847
10256.672575386948665255
10400.797308827060987824
10576.060782063525039121
10782.882179230882684351
11021.581630274886265397
11292.406045921545228339
11595.543409974925452843
11931.121742722745693754
12299.189517644785155426
12699.674781494712078711
13132.314381328256786219
13596.431397773347271141
14088.776963903103023767
14580.830787089602381457
14925.699436837780012866
15018.604259466052099015
14946.158212566293514101
14776.388221345379861305
14559.969081380597344832
14354.522821896598543390
14205.249965104048897047
14156.614174691427251673
13949.748909019073835225
14303.889186513952154201
14774.883062430635618512
15239.179393819293181878
15674.334495262337441090
16076.422846754465354024
16442.643746399979136186
16770.761255648903897963
17059.019032738509849878
17306.049921823356271489
17510.785099466324027162
17672.375212701306736562
17790.134923374611389590
17863.518360914538789075
17892.130022773151722504
17875.776386658493720461
17814.563738997072505299
17709.006619064388360130
17560.466092450758878840
17372.780729848080227384
17159.060743807152903173
16987.765897911242063856
16951.548580173715890851
17080.166346497731865384
17371.342153819514351198
17793.187319294793269364
18282.862828573619481176
18790.326800905797426822
19270.375389479089790257
19691.025840229594905395
20031.231233066893764772
20270.462495559768285602
20409.460596586071915226
20467.072195911554445047
20465.701674956664646743
20418.451560608136787778
20334.230531301946029998
20215.890770304737088736
20065.516955134426098084
19899.322697016395977698
19731.025142811893601902
19574.427207818254828453
19434.465632421113696182
19307.266905888292967575
19192.388039387038588757
19098.003120295215921942
19035.138655289407324744
19016.908624871361098485
19049.263422461779555306
19120.296849882750393590
19226.435332942190143513
19364.813831544124695938
19524.233621827115712222
19695.299463722960354062
19871.095337426966580097
20047.324401198005944025
20217.156785069000761723
20376.506182751963933697
20506.578566358006355586
20595.679063716150267283
20675.771789174898003694
20734.092200575814786134
20765.441458148197853006
20772.715679742657812312
20764.169560942413227167
20747.075903989600192290
20723.608616858306049835
20688.633388941583689302
20638.070353806051571155
20568.610716866322036367
20474.316184064013214083
20358.157151569310371997
20233.373920773879945045
20111.219684835567022674
19998.595881562880094862
19898.515707322865637252
19809.032353803613659693
19724.882593201375129865
19641.728959639458480524
19563.683434579004824627
19491.225006156550080050
19427.179372395403333940
19375.456966865502181463
19341.060538275563885691
1598.831128048984055567
