1479.098319480009422477
1444.961882924214023660
1390.174958698768932663
1315.616688768425319722
1212.104247921552996559
1096.044022691228292388
1027.902322492426719691
956.540325577150724712
889.433014885153738760
828.713325055206496472
768.391209105476264085
709.597844418045383463
662.034407229346015811
632.308367577488070310
599.121553618424741217
547.168372624963694761
491.230020166809595139
475.171098806588076968
493.458528437345364637
503.949014647352441898
499.175391899286353237
514.889639434281434660
536.876923331818375118
567.407978507988104866
620.630449726963433932
696.472736617796385872
777.821083021801541690
897.398536634787433286
1071.643947618107176822
1324.772936032257803163
1668.558891472605637318
2832.669073474417473335
4664.108325898683688138
6082.682367404000615352
6753.162113649130333215
7284.191719101377202605
7821.001118290813792555
8480.324443310284550535
10478.183927739351929631
12580.731058729048527312
14365.602559433411443024
15862.238846090458537219
17099.745900750778673682
18103.552948435935832094
18895.051766598793619778
19491.570666654788510641
19906.345266043495939812
20148.456703818857931765
20222.801190372585551813
20130.096820131660933839
19866.880088491448987043
19425.459723620369913988
18793.721586715048033511
17954.824388835837453371
16886.656890092745015863
15561.254761366099046427
13944.175826790244173026
11994.784274358862603549
9745.580632792618416715
8501.316135073269833811
8111.513448986659568618
7718.833515125279518543
7090.060987133466369414
6176.434284628131536010
4660.897712392797984648
2223.523332419003054383
566.761141518661474947
10.024707795859541193
0.000000000000000000
0.000000000000000000
0.000000000000000000
0.000000000000000000
0.000000000000000000
0.000000000000000000
0.000000000000000000
0.000000000000000000
0.000000000000000000
0.000000000000000000
0.000000026487966605
0.000000590854913384
0.000000000000000000
0.000000000000000000
0.000000000000000000
0.000000000000000000
0.000000000000000000
0.000000000000000001
0.000353988943321263
293.846990464360601436
1567.399446693980735290
3287.811282530978587602
4020.791671838067486533
4376.040864781054551713
4679.156006584039459995
4985.357407444310410938
5327.013704786299058469
5885.393040294725324202
6954.236814073739878950
8063.797783528610125359
8828.573403267364483327
9205.503572275723854546
9239.447562533150630770
8995.599563463565573329
8565.672864996491625789
8105.878271530987149163
7755.114373186110242386
7473.827974967450245458
7145.561935651991916529
6769.185313067091556150
6439.752005517528232303
6225.658230418134735373
6116.024875432160115452
6061.456704851648282784
5979.229365606461215066
5826.703834680353793374
5684.997439769334960147
5553.302330608018564817
5410.760054395255792770
5290.854106699834119354
5205.924997449190414045
5146.009732490699207119
5082.084635934172183624
5010.106103681087915902
4912.849442771289432130
4897.618520199041086016
5028.376470585449169448
5043.522862464966237894
5036.665267064165163902
5049.736475334269925952
5068.042751686223709839
5039.055373293116645073
4918.501152823761913169
4700.495408678994863294
4434.738121223063899379
4163.204798106614362041
3924.273920260736758792
3781.301172361650969833
3734.073058779047187272
3706.805131882081695949
3640.436433359375314467
3507.807860171457377874
3307.528042265172643965
3071.076782869222824957
2850.411157807189738378
2687.342284183070205472
2558.927292455294718820
2475.119618338680538727
2432.491859869625841384
2419.228298327491302189
2404.872778943365119630
3927.340649469742402289
3896.881160799629469693
3846.550455580807920342
3797.868356264048088633
3761.981181601396201586
3733.498660937024396844
3727.958785854602410836
3714.564571771454211557
3689.442799920583638595
3652.796200386710097519
3609.178443225946466555
3564.379316323317198112
3525.043924017140852811
3500.821020921388935676
3506.273870705394983815
3547.607253054836746742
3612.634636436314394814
3676.469410948288441432
3730.269329064853081945
3782.651602370745422377
3835.598227596016386087
3879.446617211825923732
3920.331922151699927781
3978.749852240889595123
4038.056367911349298083
4104.125656734902804601
4185.425553353852592409
4279.955074355494616611
4388.220718031410797266
4516.109858948611872620
4687.367342878236740944
4824.404610517981382145
4965.836992877220836817
5256.529337070135625254
5716.831936594143371622
6220.061047046604471689
6715.063409879469872976
7160.346261134679480165
7346.589239265880678431
7471.914122830922678986
7609.589954844185740512
7760.863552797005468165
7926.539714856930004316
8107.290951976475298579
8303.659520082110248040
8516.065269884145891410
8744.817600462247355608
8990.129049495366416522
9252.127791747589071747
9530.866289806750501157
9826.323552419224142795
10138.398906081860332051
10466.895871967448329087
10811.495646635003140545
11171.720790302921159309
11546.890985940799509990
11936.073590072617662372
12337.913323028085869737
12737.888784450298771844
12917.271077565766972839
12902.392995675325437333
12847.085275585039198631
12812.380072809482953744
12834.638877545650757384
12996.610385487450912478
13386.321068115881644189
13792.037028541924883029
14184.871001091674770578
14562.357364670071547152
14922.325528787845541956
15262.905433689127676189
15582.542780983108968940
15879.994397433176345658
16154.307603860001108842
16404.788448262937890831
16630.963737306024995632
16832.541428236047067912
17009.373476187392952852
17161.424853650380100589
17288.752166611324355472
17391.494942891731625423
17469.882063342058245325
17524.254716255087259924
17555.105519692890084116
17563.131013661164615769
17549.292840565169171896
17514.902336327177181374
17462.022117122793133603
17398.601429565795115195
17383.680178038805024698
17566.983649001052981475
17841.117239488594350405
18133.404299550878931768
18405.941210462206072407
18628.799294876149360789
18761.453789822226099204
18760.068417917042097542
18690.388937318519310793
18611.376872740784165217
18537.604043260500475299
18471.428560200649371836
18411.976231482283765217
18354.745963772893446730
18287.021900104213273153
18198.367097983456915244
18100.900044805515790358
18016.004028561284940224
17949.805115495568315964
17895.725616354437079281
17850.083366981525614392
17818.543439195196697256
17810.619661101351084653
17838.788843344907945720
17909.027050852284446592
18010.028128533012932166
18139.234505493364849826
18294.995201251331309322
18467.318807798757916316
18647.848165170198626583
18830.504615180030668853
19011.644267793984909076
19184.941396911632182309
19346.698698801723367069
19478.519261625537183136
19569.166303983896796126
19650.813769799991860054
19711.234276051520282635
19745.734694597034831531
19757.496892195544205606
19754.792792711748916190
19744.765400738688185811
19729.415933168678748189
19703.424992407100944547
19662.449821535828959895
19602.896407158048532438
19518.583557610214484157
19412.279719341830059420
19297.094824537460226566
19184.229529188080050517
19080.568167137269483646
18989.110912590942461975
18907.893735529894911451
18831.634615705770556815
18755.980630583977472270
18685.026892732708802214
18619.259627384988561971
18561.516792731039458886
18515.716729288189526414
18486.861531833212211495
2420.971391618277721136
