2589.877568056754626014
2523.741600106161513395
2467.979727988205013389
2388.420565185071154701
2176.917448798320492642
1677.691601853045085591
2146.845386952030366956
2308.255460709216094983
2302.219793855716034159
2237.159600921753735747
2169.351281003149779281
2115.118931289078318514
2073.772353447722707642
2044.583834922762662245
2032.041665312505301699
2040.354566267822065129
2066.944627231371214293
2106.390056041402203846
2153.720435677798832330
2199.224565705037548469
2218.443961066231622681
2167.140585743393330631
1992.581699498372017842
2218.248449083415835048
2320.404219531003036536
2353.164086406144633656
2368.373453687840083148
2411.021355656384457689
2532.544786222653328878
2808.754232680114455434
3339.036437550712435041
4207.640688888246586430
5432.835213322538947978
6960.932061318007072259
8700.330413634608703433
10555.029956336466057110
12442.570728619639339740
14299.418417155193310464
16079.989729401244403562
17753.670512259723182069
19301.620656299575784942
20153.939839683411264559
20862.252663929193658987
21422.805819386026996654
21835.706637374838464893
22104.460888018125842791
22235.643083003120409558
22238.588704198926279787
22125.133789839728706283
21909.504751090476929676
21608.262738142057060031
21240.158434644890803611
20825.887737506833218504
20387.880003668171411846
19949.936247585439559771
19536.701193522072571795
19172.911714801335619995
18882.479559438168507768
18687.547054020600626245
15646.428454452787264017
12760.933269151824788423
10076.744024709612858715
7643.615698264677121188
5514.401794799213348597
3742.888464422715514957
2373.508115990358874114
1473.062615778519329979
978.039503012874206433
765.405267312966088866
708.330469827401429939
714.988921992218024570
733.259775642362797043
739.796055715914349094
728.430064369338992947
704.339922559123237988
684.090380558465994909
697.838158774350290514
786.639968566369816472
987.314121834453430893
759.383919847798551928
637.287006541613550326
579.653582887042489347
544.195166284134302259
505.985015039848747165
468.600263394170383435
470.715442854273476314
585.152708049790589939
900.285401392354401651
1478.384893769780092043
2316.573007439387311024
3346.327077363392618281
4467.596148113153503800
5585.473170942031174491
6627.877939835345387110
7547.725790825259537087
8318.523604674075613730
8929.021565636578088743
9378.600148197010639706
9674.136013886001819628
9827.892676998086244566
9855.867193086118277279
9776.423357265697632101
9609.371361873116256902
9375.312287126467708731
9095.174195119587238878
8789.886555461360330810
8480.046580361782616819
8185.535409629706919077
7924.997688316115272755
7715.143274651983119838
7569.805541740603985090
7498.799276157025815337
7506.905368871791324636
7198.825604025447319145
6965.751483043486587121
6799.656238646037309081
6689.308294363519053150
6622.014582155994503410
6585.232728019364003558
6567.683228289168255287
6559.921522110242221970
6554.472907576838224486
6545.668011352951907611
6529.341365419290013961
6502.464572016800957499
6462.857946291638654657
6409.110640965220227372
6340.459812111404062307
6256.764835235855571227
6158.544652835341366881
6047.032132621167875186
5924.188334837269394484
5792.634810711972022546
5655.491955584771858412
5516.149702364827135170
5377.991978151517287188
5244.111992980450850155
5117.048419962531625060
4998.560781138234233367
4889.499944864399367361
4789.821406550934625557
4698.753300229569504154
4615.095848237777317991
4537.596017440493596951
4465.328211676886894566
4398.006588571735846926
4336.113353335676947609
4280.702307586852839449
4232.804490129813530075
1768.493930463241440521
1832.035890063123815708
1898.989753194044624252
1969.442964652840146300
2043.462476262710424635
2121.092103009737456887
2202.350596987728295062
2287.230612836403452093
2375.698659292233514861
2467.696035950097211753
2563.140652658504677675
2661.929544898713629664
2763.941840267638781370
2869.041910997338618472
2977.082466364601714304
3087.907391577448379394
3201.354219477840615582
3317.256217169437150005
3435.444171218995052186
3555.748052539574928232
3677.998825234327796352
3802.030722063609118777
3927.684332346298560878
4087.570691174878902530
4248.795606134376612317
4411.247215959256209317
4574.844757231155199406
4739.548500611877898336
4905.370516086028146674
5072.385551494026913133
5240.741098770254211558
5410.665578338180239371
5582.473524778309183603
5756.566728004789183615
5933.430484031426203728
6113.624423212732835964
6297.767783054257051845
6486.519428775723099534
6680.553346835000411374
6880.530693892338604201
7087.069741615368002385
7300.715197383869053738
7521.908404111443815054
7750.959841521760608885
7988.025192989947754540
8233.086030135664259433
8485.935925493620743509
8746.172552236756018829
9013.196079898425523425
9286.213934481313117431
9564.251766470186339575
9846.170260859133122722
10130.687235491079263738
10416.404310358491784427
10701.837296858433546731
10985.449357798992423341
11265.685929589382794802
11541.010375501398812048
11809.939343085554355639
12071.076811839417132433
12323.145816679676499916
12565.016798069504147861
12795.731461296327324817
13014.520954124447598588
13220.817162720726628322
13414.256070313562304364
13595.811971620909389458
13765.502401773228484672
13923.493478406287977123
14070.074729760584887117
14205.630639099028485361
14330.611482788688590517
14445.505999504937790334
14550.817997813506735838
14647.048296968794602435
14734.682560940067560296
14814.184795504872454330
14885.995671588139884989
14950.534510355681049987
15055.167446458444828750
15153.317015203678238322
15245.365715883175653289
15331.700253007405990502
15412.720827073155305698
15488.851965777626901399
15560.554675906150805531
15628.338974887517906609
15692.775032671976077836
15754.500514277147885878
15814.221544475805785623
15872.705191431206912966
15930.762467987475247355
15989.222359376099120709
16048.898946600587805733
16110.554927142951783026
16174.865459609145545983
16242.386173734259500634
16313.528475594526753412
16388.544157532709505176
16467.520062764368049102
16550.382400142832921119
16636.909428754192049382
16726.750707316627085675
16819.450926467692625010
16914.476436527955229394
17011.242848436129861511
17109.142406097096682061
17207.570117930292326491
17305.947833728470868664
17403.745553488904988626
17500.499289182298525702
17595.824827044165431289
17689.426823166184476577
17719.002971013422211399
17746.552185290624038316
17772.058294117108744103
17795.578946977413579589
17817.232019875449623214
17837.180671215610345826
17855.618284424901503371
17872.754348210164607735
17888.802038725869351765
17903.967944156054727500
17918.444073911468876759
17932.402062281620601425
17945.989333199220709503
17959.326932400697842240
17972.508740019675315125
17985.601821270589425694
17998.647729178515874082
18011.664618119095393922
18024.650047689181519672
18037.584350390465260716
18050.434407853303127922
18063.157641733178024879
18075.705991627190087456
18088.029635475038958248
18100.080221386739140144
18111.813423051957215648
18123.190707284033123869
18134.180292738827120047
18144.757379877428320469
18154.903816116329835495
18164.607415691640198929
18173.861164953828847501
18182.662507642955461051
18191.012827670168917393
18198.917149204211455071
18206.383984090156445745
4937.774995642870635493
