2164.482850825947934936
2160.104457071211072616
2122.261739735317405575
2037.161720889741900464
1884.938293628207247821
1675.208934001040233852
1706.960898145515557189
1694.912043867450847756
1660.123249143327711863
1616.901404183950944571
1567.384423014947287811
1517.684795008168975983
1480.234417414611925778
1461.279288013618725017
1433.612838173499085315
1376.675986766939104200
1307.842759265976383176
1290.730720661514624226
1328.780552439673783738
1371.208094491546717109
1425.710368777646635863
1565.081794625734573856
1850.253806632453915881
1729.586561090878376490
1625.659241716759424889
1615.828643667740607270
1685.935270800305261218
1883.166758923526231229
2257.348423586961871479
2866.464315864461241290
3605.236571730054492946
4577.123676748306934314
5761.824581480164852110
6930.485102901779100648
7979.163874656951520592
8905.398961514301845455
9763.412377259814093122
10579.269775788612605538
11422.072575792195493705
12951.464073817582175252
15903.450210975552181480
18864.866263503481604857
21316.744317849876097171
23274.704217064812837634
24779.033422600430640159
25860.574666256052296376
26544.067237609695439460
26858.341998733270884259
26881.528600060224562185
26627.237001156852784334
26016.421944312380219344
25031.935930368559638737
23662.334528345028957119
21890.218821573394961888
19689.522892052733368473
17044.689704808235546807
14141.039533881565148477
11876.083260300745678251
10651.668131325208378257
9891.185628036722846446
9217.349365309388304013
8436.025924207782736630
7387.466126329522921878
6068.710644250996665505
4583.363993122799001867
5499.195019074164520134
3267.198635777326217067
976.264196077204474022
0.276528534660222036
0.000000000000000000
0.000000000000000000
0.000000000000000000
0.000000000000000000
0.000000000000000000
0.000000000000000000
0.000000000000000000
0.000000000000000000
0.000002169691668200
332.337080228146533045
0.000000008833741488
0.000000000000000000
0.000000000000000000
0.000000000000000000
0.000000000000000000
0.000000000000000000
0.000124582925796622
322.759139023423813342
941.383242368618766704
1671.175953566593079813
2439.791605255231388583
3167.370601699312828714
3903.618272010539840267
4629.098295831638097297
5358.997368631381505111
6085.262367312390779261
6786.572860676020354731
7496.668575474700446648
8158.507167673575168010
8672.259941936168615939
8992.476335305955217336
9172.321094924402132165
9255.944254986361556803
9287.599937037823110586
9300.527450197601865511
9226.600232292752480134
9038.325139844235309283
8715.481123919335004757
8307.332435736263505532
7926.954365737305124640
7650.741356990748499811
7472.911742036797477340
7347.301403681670308288
7192.578833374303940218
7019.398241941315063741
6856.431630036523529270
6704.236911671709094662
6543.763624448082737217
6410.040276880404235271
6315.790283356849613483
6250.457063890998142597
6183.876929132800796651
6110.593152210918560741
6011.832274866752413800
5993.920360534637438832
6120.955942672084347578
6129.753262986933805223
6115.465741418841389532
6121.850555725296544551
6134.801478780343131803
6100.883485458286486391
5974.614089106054962031
5749.510874642859562300
5475.434386661780081340
5194.450877453259636241
4945.094317205526749603
4791.045703794262408337
4732.193827744876216457
4692.748786641527658503
4613.708414031048050674
4467.992880278337906930
4254.339829801898304140
4004.490514916853953764
3770.834991331827495742
3595.688562777811057458
3456.345390037835386465
3362.807852949415973853
3311.308965647745935712
3289.403745358333708282
3265.986888628898213938
3191.473923282197574736
3182.214614909594274650
3145.183621176749511505
3093.023581785172154923
3030.466018414208065224
2947.693422077708419238
3007.582914934060227097
3035.341644575957616325
3035.020320441648436827
3014.392489403307536122
2983.368660408815230767
2950.914771329871655325
2924.985880035945228883
2914.397197242017682584
2931.006699297798149928
2979.143336057313717902
3048.714054777523415396
3119.138162378439119493
3184.874497338595574547
3258.880199339119826618
3353.947106120841908705
3480.148221634420224291
3651.873083552797652374
3495.635969393904360913
3421.491101073320805881
3409.524543850793634192
3459.111871620798865479
3575.135237852808131720
3777.707404798045899952
4089.617182906407379051
4543.821869278585836582
5112.300205544004711555
5758.587098093244094343
6465.880109608756356465
7200.505743523392084171
7921.973332293729072262
8591.405149486650770996
9184.976293139887275174
9681.588847358021666878
9974.323615978097222978
9955.894067693818215048
9873.276666106903576292
9825.896183316694077803
9822.211165363354666624
9863.267157983658762532
9949.432377590301257442
10080.812020507421038928
10257.306100720990798436
10478.640689613474023645
10744.387205847817313042
11053.967770526956883259
11406.643711815504502738
11801.482541132319965982
12237.273160259584983578
12712.065910872941458365
13218.996987323565917904
13714.112597821413146448
14033.290225199189080740
14092.930815920079112402
13979.048462889411894139
13759.203446611445542658
13483.657160271433895105
13209.064129860851608100
12980.088895188027890981
12840.052818926622421714
12453.146449181642310577
12608.408900516124049318
12970.685232820727833314
13399.623625564747271710
13807.871715294648311101
14172.184486200330866268
14487.911372420216139290
14751.095779594650593936
14958.349447108841559384
15106.758501524564053398
15193.845687208813615143
15217.551563993010859122
15176.240164196395198815
15068.734709946731527452
15177.702654655513470061
15219.116327624293262488
15193.041811585513642058
15100.252260936920720269
14943.252301235330378404
14729.266354029246940627
14480.545726521064352710
14298.986999399916385300
14294.572882301932622795
14481.653140579919636366
14836.939521335059907869
15322.494333120892406441
15878.384483412399276858
16455.819848911662120372
17009.703891544530051760
17508.729152584601251874
17934.393368558921793010
18270.909358796390733914
18522.282941458153800340
18703.659173108502727700
18826.336721607814979507
18890.616599307013530051
18899.242610016659455141
18856.008097657755570253
18766.987181915344990557
18651.815755654159147525
18525.002228347362688510
18400.004500206759985304
18281.160946639996836893
18164.268316634741495363
18048.986282697194837965
17943.996342894621193409
17861.164313416476943530
17814.690114184410049347
17862.333796777515090071
17942.671194457463570870
18053.214799533965560840
18192.180456007336033508
18349.430809188514103880
18516.610742009597743163
18687.772692254893627251
18859.452209440369188087
19025.467155228383489884
19182.155285967070085462
19310.891006890902644955
19399.850688224036275642
19480.706739160810684552
19540.212256568989687366
19572.639711863776028622
19580.436970604696398368
19571.573287873670778936
19553.208261310315720038
19527.558554694831400411
19489.668717542179365410
19435.757285203824721975
19362.842341278654203052
19265.228743036223022500
19145.966538214939646423
19018.197673305716307368
18892.977896486001554877
18777.023430875837220810
18673.266667249085003277
18579.833570601422252366
18491.671724680421903031
18404.700577032068395056
18323.190821304535347736
18247.557470642881526146
18180.296484372051054379
18124.830619785832823254
18085.824534733088512439
3694.443928293077533453
