50.254360868351476199
51.987259585695959174
53.707035230541791293
54.838050587148046588
55.195152522155908059
55.190367901002474582
55.976351581907877630
56.728096852761474622
57.363377569416535096
57.976253523915630694
58.651134684043974232
59.369372187238624861
60.128112322212928120
60.828910466003733859
61.002651759021091493
60.369544078369230533
59.277426389286503650
58.626727530712805958
58.470423880034140041
57.949396443898486098
56.204930268788025671
53.047378948016643108
50.729275267025279561
51.822430720778072555
53.468764370398560004
53.635336525079729597
52.000081654717725144
48.874449020393377907
44.173449856150639903
37.854560727510389029
29.922007740142163357
21.050789088772688729
12.205561965247639478
4.117670088298154951
-3.407613069549455531
-10.262361965795008700
-15.897124312879242325
-20.295767563898948538
-24.262063684498201610
-27.972866245369999660
-31.160308341796564946
-33.298251621760982744
-34.519381369633833856
-35.083869934526205725
-35.563141594550273794
-36.331264750582960232
-37.156674761979815003
-37.495685210210098148
-37.289241184832889076
-36.761500325133482647
-35.675359973409712211
-33.157260880764340527
-29.296450174387985044
-24.115986180929667171
-18.400087734714361432
-12.924654217819750102
-8.307599817669284903
-4.442917602317436376
-0.306962040459211494
5.398670558168930711
12.334575347441813165
19.271895894955861195
24.610295437311549449
27.935031116245340854
29.873104618114410869
31.636015381511043643
33.924823295566426395
36.590175348695737512
38.904513998923789586
40.522059545162733230
41.477360502098832740
41.879780596765414202
41.873944132116491801
41.732658860545853940
41.957789999937631364
42.854052336225123554
44.132480310456031702
44.999764671508728497
44.684827334316906899
42.870899527136629104
40.005283325281141060
37.459718153697053822
36.171928927624549033
35.753202931796010944
35.386373007215354392
34.270891337152562528
31.883572242724085299
28.250708005817500634
23.831146348740361418
19.064986439273354790
14.142942628078628786
9.300739460239668688
4.740151063455755320
0.646797850680570718
-2.890608626882510634
-5.861219255749347212
-8.263314422888242916
-10.278463713115854716
-12.164397751963065275
-13.961429497666188126
-15.443295300359807243
-16.385069777180603978
-16.695434729964233611
-16.509425625545645744
-16.228943094878957254
-16.225295859132188525
-16.643627451182339883
-17.273018946407432850
-17.687621510421990934
-17.624369706734739793
-17.193244595316969026
-16.799376799505637337
-16.921384219173319252
-17.780724766300636475
-19.246343997294104611
-21.155032996356794683
-23.358360946629375121
-25.653958555124347640
-27.886870495574953566
-30.005725197606125221
-32.013001345646387108
-33.870260209981381649
-35.431979036045675002
-36.462612957668795843
-36.974990995897883295
-37.274761899420695954
-37.421070090352714033
-37.351289801113864542
-37.130909852777392643
-36.948501969417236523
-36.971057858825759013
-37.210497016361671285
-37.510412041407562356
-37.648272115709289665
-37.410241641711422744
-36.661488682480126045
-35.463840648520374543
-34.072432699648288690
-32.776420481427919640
-31.763305461288041442
-31.068420670722275645
-30.585802657189788079
-30.145158853865666515
-29.627405537214542619
-29.015644811978575035
-28.333986942228591488
-27.635750475820145766
-27.008848343776662659
-26.546439077806667228
