3141.681960071951380087
3141.681960071951380087
476.248814477822747904
358.373048424022215386
320.880860270726088856
292.078520840365115419
271.417537106485156073
270.645596073310798602
270.397289224741825819
270.255216300461995615
270.155012352679705145
270.074636568313451335
270.023858509483545731
269.998635906502386206
269.985831319655517291
269.978468954308141292
269.973476393175758403
269.969408396386199911
269.965707660919861155
269.961868637437646612
269.957990453710408474
269.954435203661830656
269.950759342268497676
269.947190859823422215
269.943602040322673474
269.939769463288826046
269.935865494311769908
269.931617294861098344
269.927397568255855731
269.923238470832700386
269.913368975120874893
269.901396737758318523
