4909.737702495529447333
3770.892718013787089149
4307.677425320174734225
1838.520935683400921334
16174.041695465852171765
1009.013467058365904450
16410.535902105213608593
1810.821753230047079342
4600.338825517731493164
3961.885198235665939137
4208.092224043768510455
4707.006915726156876190
4722.696872755329422944
4469.723721659035618359
4410.397168076721754915
4517.492864624146932329
4716.289260937185645162
4279.397528784452333639
4149.672664025179074088
4859.230100180903718865
2486.852142841985369159
8658.317844338194845477
1718.209887115400761104
8323.400299921186160645
2215.843620762572754757
4451.818870695216901368
3367.005755921909440076
3700.814680628885980695
3841.686650832138639089
3954.410944305914199504
4180.513091665511637984
4597.560167485391502851
5917.635093103523104219
7708.040315008071047487
9681.999908805235463660
11625.490520070785350981
13696.107624574473447865
15730.962816832023236202
17468.284196329055703245
18811.072107162191969110
19778.731357205011590850
20536.460234018522896804
21011.616539012055000057
21244.812115969725709874
21265.744519051488168770
21096.794415512031264370
20763.631221873256436083
20301.572848702111514285
19757.480237911931908457
19192.390329849829868181
18671.806309755931579275
18240.612300105811300455
17896.273919116643810412
17601.124269801370246569
17297.773455919392290525
16932.056299010517250281
16458.096490170413744636
15836.313869715018881834
15027.000911555913262418
13980.417727675454443670
12610.476730173417308833
10802.675026596536554280
8443.260723225324909436
5619.786577251633389096
3392.920867824530887447
2144.502465538426804414
1827.488072944339592141
1570.085132329953694352
1470.919710558256156219
1525.880640022237685116
1620.527544381400502971
1708.427686391621364237
1780.778972091382001963
1847.931567805166423568
1977.289304630174910926
1920.682992848504682115
1758.867137575399283378
2665.686257014402599452
1262.736969652488824067
2600.393692744906729786
1685.983646411693598566
1787.144284856808098993
1804.666050904601206639
1634.631593697660264297
1528.919355823965133823
1410.062345290069742987
1281.874090344776732309
1323.127174927044507058
1620.806069753061592564
2250.150990882745190902
3394.512224164478539024
4858.102113520042621531
6208.418698333653082955
7225.023547495672573859
7882.986187440452340525
8241.509701082428364316
8390.726131439310847782
8408.091293733243219322
8341.170603853686770890
8207.044358655221003573
8012.855460661960933066
7776.927762485072889831
7532.856225223878936958
7299.624234853611596918
7048.030256703063969326
6725.841717803848041513
6342.015048434162963531
6016.897483542908958043
5831.671557524813579221
5613.168752033020609815
5046.735068910427798983
4070.521141464383617858
7704.183664840287747211
3845.816911842247463937
4518.417612945868313545
4729.205521776838395454
4549.494757275242591277
4350.990741846515447833
4316.320032967592851492
4332.118633356656573596
4300.318454977300461906
4248.695004568204240059
4222.023461480854166439
4214.025560030770066078
4200.075783869541737658
4173.261939992544284905
4139.639061629354728211
4101.598198921226867242
4055.219677457966554357
3997.975896495899633010
3931.727632282410013431
3858.889587028840651328
3780.554180597930098884
3701.052791111371789157
3629.946146119170862221
3572.980055461974643549
3524.679024840840611432
3483.309870927179417777
3474.896528333294554614
3525.180956540707484237
3589.120841760995972436
3602.851152860133424838
3655.965617186161580321
3925.428471261525828595
4282.211723070859989093
4349.357009999398542277
4121.648230054819578072
4186.205659416008529661
6572.917269537456377293
2149.010435452238652942
5280.940668349810948712
5284.680615271631722862
5297.806243898487991828
5322.611224493555710069
5360.719423304734846170
5412.756522761052110582
5478.148086463382242073
5555.087824965128675103
5640.689492783081732341
5731.289763168875651900
5822.838653372521548590
5911.303300766387110343
5993.008787232324721117
6064.873354000073959469
6124.517946697537809086
6170.255273476452202885
6200.984526286520122085
6216.014470332468590641
6214.848973330403168802
6196.954910156868209015
6161.568845892536955944
3911.304318715305726073
6033.479772298502211925
5937.585454935126108467
5818.224361544037492422
5674.152473612530229730
5504.948154412176336336
5311.360769792742758000
5095.527622237571449659
4861.006924064370650740
4612.606709194652466977
4356.047438280556889367
4329.634099961826905201
4587.220299939550386625
4790.528287282517339918
4948.286171528284285159
5071.426929245822066150
5172.385635311771693523
5264.372271411950350739
5360.738373794292783714
5165.716308488507820584
4957.585973326465136779
4801.756441275815632252
4695.758345805135832052
4637.031681330880928726
4623.170027608428426902
4652.095943452422943665
4722.195850729763151321
4832.421669696059325361
4982.373955633817786293
5172.363268883926139097
5403.429670761104716803
5677.316108054536925920
5996.370162111112222192
6363.359520281050208723
6781.185069354168263089
7252.479899619871503091
7779.093957302567105216
8361.462396221550079645
8997.903308122642556555
9683.901704794678153121
10411.507745580403934582
11169.024809961631035549
11941.196569189662113786
12666.825509887901716866
13347.711923478531389264
13991.631350609040964628
14585.674888495726918336
15120.791539777908838005
15575.111826854963510414
15960.368768023225129582
16284.252681731013581157
16551.518738029695668956
16767.994322839098458644
16939.762191389141662512
17072.486690659352461807
17170.874972075307596242
14927.052501129501251853
17276.196432118878874462
17284.639329119905596599
17261.915210530074546114
17205.308937167639669497
17111.684058367609395646
16978.229784287781512830
16803.243964678051270312
16586.873513185066258302
16331.701312093329761410
16043.016015379062082502
15728.638163949442969169
15398.294659160126684583
15062.660166380537702935
14732.300777014808772947
14416.752521472983062267
14123.894283387122413842
13859.656385448881337652
13628.010589130668449798
13431.157039892335887998
13269.811735378967568977
13143.515372614770967630
13050.918609459056824562
12990.023658690421143547
12958.369749186413173447
12953.171272572542875423
12971.401488790508665261
13009.854652872425504029
13065.178605221841280581
13133.913108248261778499
13212.533252594046643935
13297.519799789763055742
13385.488187806809946778
13473.352507833111303626
17720.476792231896979501
13639.057136602667014813
13713.778154676134363399
13782.192368774556598510
13844.365278339837459498
13900.712825104810690391
13951.817772022235658369
13998.289608518831300898
14040.696899662987561896
14079.537416483417473501
14115.224027495098198415
14148.087420704172473052
14178.375274436632025754
14206.230466633985997760
14231.688057767183636315
14254.642138782737674774
14274.851775945506233256
14291.915777780995995272
14305.290868083435270819
14314.291968191466366989
14318.137402698330333806
14315.976362946757944883
14306.953564236911915941
14290.270355993407065398
14265.240112479130402789
14231.368465428631679970
14188.408269478128204355
14136.410600375762442127
14075.752943070578112383
14007.154285737229656661
13931.660701796714420198
13850.617336386419992778
13765.610948786717926851
13678.417333903258622740
13590.931173528435465414
13505.088855508198321331
21286.427065835145185702
6071.542112058814382181
