52.641039107683447185
53.386293001467507224
54.345441627094544401
55.128261991992943081
55.408363059586527299
55.479552679875411059
56.227279967574204989
57.035274323779127315
57.876718047410882662
58.835205854861243324
59.866474814281623651
60.906744364162420879
61.900812534116049335
62.735063189228910119
63.053712822484705214
62.655677568392235344
61.773130059535162673
60.979963100338096638
60.139774052225668299
58.333795283971404899
54.955979609972658295
50.948877194848613215
48.716382433750553105
49.708191856716105406
51.945775597370769106
52.988630572347233283
51.789927302497126504
48.574077470558506775
43.484166819607850130
36.815316412193084261
28.807669283976551355
20.151012274162738436
11.700565679773220040
4.073822466442436507
-2.996352085355567851
-9.439009358251411186
-14.720675125286220464
-18.830515581769702749
-22.572318759528201326
-26.120192017951922026
-29.202045054008436864
-31.286801706945595924
-32.502010317468545963
-33.102880588758893055
-33.656320763020602271
-34.532514048997569489
-35.496740586078601609
-36.002903345286483727
-35.990209945417575454
-35.681589206920989454
-34.838946885200215320
-32.587572975661970531
-29.014871130199736626
-24.140705829051910314
-18.744036219480790351
-13.592810604138946928
-9.294001454963080278
-5.727976342946078603
-1.855900174112122158
3.635473963441910428
10.418898090952524171
17.272943910840638182
22.599466759491662060
25.984368642321328480
28.062243671303804149
30.038959612344200423
32.575266711701715394
35.494767543155376188
38.033353209366310921
39.789529466095302723
40.791836999259317054
41.178084948691804357
41.121326119281008005
40.918673538189182182
41.096812687390666952
41.992265353647269421
43.357566332201969317
44.405001543999418345
44.174204530325681617
42.135338537709799311
38.949225192919300298
36.189080546253904913
34.800978347809575553
34.368704429083152263
34.062578215647789648
33.081714215677237689
30.892645760282221090
27.478541268646353046
23.245488902718676627
18.610648426157695212
13.770193463513692222
8.974319785960545914
4.438781011605385629
0.360742011806564733
-3.162012215584240948
-6.111844023961907624
-8.482438681888595511
-10.452904976048159824
-12.280551730813556333
-14.007169453781500579
-15.409726257200190958
-16.268169107327366874
-16.497572256508874489
-16.240618231699045282
-15.907520996357561671
-15.877552780789017106
-16.302084235970198733
-16.973140207506332899
-17.463054129149043092
-17.500874718509578543
-17.181712555572119072
-16.889625749098797769
-17.081141781020619419
-17.964291248435131365
-19.410007150119668040
-21.269087994327151137
-23.409854290825535372
-25.642863075362811287
-27.820712173257277300
-29.895147269779670296
-31.868280006227962531
-33.698319576054643676
-35.234518734912398941
-36.236820615034162074
-36.716924764366524414
-36.982787128629013296
-37.097217355921941362
-37.001743464337550904
-36.767235610556610936
-36.588552695955002036
-36.637276465374839063
-36.924852322822630413
-37.287534682913872075
-37.489681115156088254
-37.302664859936840003
-36.581437458922778205
-35.387753737656169051
-33.987414573642183768
-32.685435610538831952
-31.682490471258006437
-31.018696787185433550
-30.583111748783835537
-30.193853694629183337
-29.719475444396891817
-29.134504507386168370
-28.459397729085935680
-27.748105792077012666
-27.092088299914223626
-26.588856388166391298
