52.469489943991177938
53.272462753913607969
54.273194146327270460
55.081432641070556144
55.383907357382796022
55.477154281994913276
56.200551743092290735
56.988010763638669687
57.818831056425501913
58.772466079705679931
59.801233833017505503
60.839965757221534659
61.833118718125142266
62.666775480076125859
62.983839862262087195
62.582844633456623740
61.698418214117417335
60.910774381351579621
60.088836410449921743
58.315196004525219564
54.975027348963351415
50.983033755940724063
48.742938459217086233
49.734590913022145742
51.959951980763186441
52.982741793397615027
51.781857697951743091
48.592255595135483759
43.548553686490294012
36.921597134277362784
28.927972724649166025
20.250229369029142390
11.749834431104645205
4.054618241894559105
-3.093605248399143193
-9.617369423527890149
-14.978649994614073648
-19.163385767436579954
-22.973028474200305027
-26.579985737804094015
-29.710921865335990333
-31.833798022231576397
-33.075299109488639715
-33.689681540405558735
-34.242640015751334204
-35.102761498917686822
-36.033295980682510162
-36.485716390435499079
-36.396528009644157464
-35.985914951116143357
-35.013340606715360082
-32.602428509725939421
-28.840300445083784098
-23.748647856148494384
-18.111133772882936910
-12.703949000072412900
-8.146167558810105902
-4.333823295926492847
-0.246210030052935736
5.411184907751987794
12.293954932206162312
19.166712532978039008
24.420114633781423663
27.626348933024075905
29.397720601736722301
30.956163244174575766
33.058883564579076619
35.604390799564953340
37.850500747785702060
39.396585202841777118
40.257482080064278307
40.553085698285229910
40.442196455652776876
40.211756389080846930
40.381226337289461981
41.281934274565259102
42.662646192760149688
43.732922695096931420
43.530512675946567924
41.524331774393800742
38.374371441167937746
35.653599680180747100
34.308616307176237115
33.924794619311740007
33.675557412958113446
32.763749275895690971
30.653407267084219257
27.313292158940924992
23.135617048023362941
18.535423400310207853
13.714544146848595574
8.929459166708170414
4.400234866287064506
0.326517969068135017
-3.192629382904840440
-6.138992295781577013
-8.506058910077342716
-10.472930930728864496
-12.296988660686224648
-14.020104668346448307
-15.419293427880006675
-16.274480706221481796
-16.500636385939685624
-16.240259449217546717
-15.903326236487487222
-15.868863150382480853
-16.288052024679643637
-16.952867815980994237
-17.435825638883841293
-17.466474520856820618
-17.140782324438134765
-16.843923758998073481
-17.033479382135567448
-17.917998338221309496
-19.368115754084442415
-21.233683998410754157
-23.381872039785605466
-25.622245999335575561
-27.806724210485185722
-29.886682384702282889
-31.864111144784203589
-33.697277469305674913
-35.235601164866693580
-36.239232988316814499
-36.720065465737548038
-36.986209388569193379
-37.100593230527806554
-37.004829741005778487
-36.769836035618652659
-36.590487941867309019
-36.638380814394622575
-36.925002715058042213
-37.286697498480293689
-37.487949957388650546
-37.300262254465337719
-36.578664207285100929
-35.384896122807390384
-33.984652496670662458
-32.682801577916166025
-31.679898895820770122
-31.016024973416847388
-30.580293154263983979
-30.190941709724995690
-29.716652032661215799
-29.132038528881821549
-28.457576488718018481
-27.747159188894443105
-27.092124830705813565
-26.589837907261539840
