2461.461311740310520690
2458.327022361405852280
2436.022523076949710230
2354.227293546214696107
2178.884772181476364494
1894.491923582879508103
1974.281453056578811811
1997.507861205465360399
1984.664303682683566876
1953.418121086149767507
1910.508550274829531190
1865.388920680749151870
1831.956490843038181993
1815.581884683414273240
1789.049652844551246744
1738.576623545850679875
1686.247690698909082130
1701.663786667679460152
1795.440549256806434641
1903.922833154380896303
1793.155015247481742335
1770.260097353952687627
1768.635962071957919761
1838.905067466375840013
1836.029592378532697694
1740.098824019328958457
1923.087043421872976978
2116.667792663392901886
2333.544351548851864209
2461.847497419706542132
2926.201497047624343395
3832.479592254617728031
5210.118725752849968558
6988.852612491315994703
9044.478053738199378131
9584.990379070208291523
10704.155383833163796226
12964.321170717161294306
15146.318192589409591164
17212.054579087631282164
19140.600570313799835276
20040.686901521836261963
20783.908691333439492155
21364.971280649871914648
21782.793229010447248584
22039.982558920713927364
22142.525682642906758701
22099.553042463830934139
21923.206028757427702658
21628.739175261242053239
21234.761368895826308290
20763.435107261102530174
20240.593522892264445545
19695.950087215896928683
19163.082845791359432042
18679.054156975125806639
18283.343712157791742356
18015.901093771917658160
17914.337966206316195894
13502.976788564345042687
12464.374525565815929440
11722.461738082016381668
8371.151458129579623346
5533.287649438284461212
3321.937165836685380782
1781.103799759882349463
907.078474845368077695
430.778067167398148740
0.000000000000000000
0.000000000000000000
0.000000000000000000
0.000000000000000000
0.000000000000000000
0.000000000000000000
0.000000000000000000
0.000000000000000000
0.000000000000000000
0.000000000000000000
611.424674259934704423
0.000000000000000000
0.000000000000000000
0.000000000000000000
0.000000000000000000
0.000000000000000000
0.000000000000000000
0.000000000000000000
0.897266405293949854
198.931647660027863367
791.175641285182564388
1774.150412163978216995
3059.150701464259327622
4484.132765964202917530
4672.846196985217829933
4971.713235710784829280
6188.124958516743390646
7194.068271776168330689
7977.536285545877035474
8543.225311571755810292
8905.289822226495743962
9083.855381414767180104
9102.793681239039869979
8988.209438415598924621
8767.746006409874098608
8470.464832816229318269
8127.274980392994621070
7772.027634905641207297
7444.931218150948552648
7194.594749645481897460
7031.318469258942968736
6976.613325408980927023
7022.181456393638654845
7123.253342627252095554
7200.067049014184703992
6998.271213747397268889
6808.254389690010611957
6627.613277744414517656
6436.949359529568027938
6271.940348417753739341
6147.255506210929524968
6055.569070918551005889
5972.403699040133687959
5900.876882038611256576
5832.978139894212290528
5867.991561457987700123
6040.419272763545450289
6095.095125544044094568
6100.122509576573065715
6096.480087166418343259
6084.502423246846774418
6024.780946910203965672
5878.001848982838964730
5638.394720945456356276
5354.219435267214066698
5067.318548976628335367
4817.188579341473996465
4668.131654817142589309
4619.730908182409621077
4594.226579618915820902
4530.163440120278210088
4398.885366680076003831
4198.724019770742415858
3961.750177744848770089
3740.785504546892752842
3578.438149839198558766
3452.172352405646506668
3371.860632632355191163
3332.856433162166922557
3320.072656642495076085
3294.960473731027832400
3076.107473040822242183
3080.805967929215057666
3054.123930893726537761
3008.971202028732022882
2948.948133021222474781
2865.333419230506933673
2960.606117919229745894
3012.045009750439930940
3026.393688859243866318
3014.318906786827028554
2988.165276211335367407
2958.769272269445991697
2935.383653067267459846
2927.729801131700241967
2948.301139034840161912
3002.276112418802313186
3083.235894515305517416
3175.646976627802814619
3276.909504253744671587
3398.779831936312348262
3576.708992831621799269
3753.803303913466152153
3929.785152349746113032
4141.383261408524049330
4351.443783310501203232
4559.476864009456221538
4707.646129601392203767
4851.244265984920275514
5005.675637778232157871
5207.298174592389841564
5407.632120087796465668
5607.022571480546503153
5805.926657497017004061
6004.911066561008738063
6204.647411070884118089
6672.550546047019452089
7061.157839424570738629
7268.070501068922567356
7479.221865243435786397
7695.543465588632898289
7917.916050369404729281
8147.130428224792012770
8383.849184574151877314
8628.570922855358730885
8881.598451256562839262
9143.012068793683283729
9412.648851060796005186
9690.088624116742721526
9974.647157378263727878
10265.377006809734666604
10561.076381567372663994
10860.306374540525212069
11161.416856024477965548
11462.581249419898085762
11761.840248205926400260
12057.154251360761918477
12346.463856430054875091
12627.757124024115910288
12899.141517382511665346
13158.915859875713067595
12914.686456030813133111
12666.462226878033106914
12884.793385689063143218
13089.279149850899557350
13279.423509517751881504
13455.660014992179640103
13619.903071585500583751
13773.096271481876101461
13916.359391477873941767
14050.909579760093038203
14177.980756631273834500
14298.748303911248513032
14414.265150103139603743
14525.413691974919856875
14632.875974430260612280
14737.122523859961802373
14838.418467719540785765
14936.844249984160342137
15032.327450210148526821
15124.681941323560749879
15213.650819312417297624
15298.950084924565089750
15380.310774070880142972
15457.517914057920279447
15530.445142009115443216
15599.083958375194924884
15663.566416199511877494
15724.179707031044017640
15781.370829070465333643
15835.739570304041990312
15888.018609930097227334
15941.733212638302575215
16156.793087127623948618
16347.833641762568731792
16400.586355585528508527
16455.400709015953907510
16512.990416966924385633
16573.747365513685508631
16637.837421511048887623
16705.188693493735627271
16775.493176465522992657
16848.219998460135684581
16922.638069904853182379
16997.846072232259757584
17072.808182586213661125
17146.386629771550360601
17217.110994801470951643
17283.091152127901295898
17348.006911854157806374
17414.527488521158375079
17489.055818164852098562
17581.904404298555164132
17706.511029426226741634
17739.964945451989478897
17802.735254028659255709
17893.633086212481430266
18011.583145645712647820
18146.707574395404662937
18290.482917485463985940
18436.509526081394142238
18580.613095808115758700
18715.745088801686506486
18837.426710784166061785
18928.874599353086523479
18983.298055237115477212
19032.618581801110849483
19068.229559042716573458
19085.645884167210169835
19085.963716066344204592
19075.462447552337835077
19060.279192054862505756
19042.029316696625755867
19015.227618435419572052
18975.215185644854500424
18917.897631483287113952
18836.536911735307512572
18733.392365785974106984
18621.234861869372252841
18511.026048520681797527
18409.466016010890598409
18319.482555817688989919
18239.239191705870325677
18163.821658264463621890
18089.388719228296395158
18020.500551124929188518
17957.867079124716838123
17904.270362603085231967
17863.479281577336223563
17840.937281950900796801
4021.844689746626499982
