1021.554092614572027742
956.713303388437907415
889.810494679913745131
824.031636977156495050
755.000008446868378087
708.999724602646779203
581.758679927253751885
483.006118121426652579
406.946307607729181655
345.651829136574860968
287.582440179922002699
231.390945752457156459
186.170925971782764918
159.289146681936330197
128.230657118904787239
73.024220883797795523
0.000676488885219455
0.000000000001857303
35.098776275990296369
40.627718060453815951
0.000002299864507177
0.000000063212443397
158.871919967592560852
323.360858443862241529
346.290217359525172469
402.667243762312693889
495.581567752041507902
661.559124756716414595
931.897309889521920923
1356.278488754191357657
1889.793390610562710208
2880.205835434989239729
4244.482868900858193228
5361.432646626094538078
6231.825821697449100611
6988.244280787027491897
7706.910193949374843214
8432.439796079870575340
9525.893695260621825582
11979.891881085559361964
14312.262171111253337585
16253.562761457824308309
17853.143314349286811193
19152.668231265120994067
20182.684413909275463084
20965.146842561509402003
21515.047965079993446125
21841.445096528655994916
21948.124430427349579986
21833.996312350453081308
21493.229009170139761409
20915.085616846190532669
20083.301125051846611314
18975.037552515517745633
17559.098702477986080339
15793.673669773699657526
13632.078617760278575588
11204.629640348219254520
9616.438998698073191918
8954.116027343432506314
8482.463955651217474951
7931.087354467711520556
7130.949001527704240289
6065.654861697276828636
4749.732032741899274697
4164.004277868139070051
1372.509056199673295851
2.734532387858721325
0.000000000000000000
0.000000000000000000
0.000000000000000000
0.000000000000000000
0.000000000000000000
0.000000000000000000
0.000000000000000000
0.000000000000000000
0.000000000000000000
0.000000000000000000
0.000000000067378733
0.000000000033931245
0.000000000000000000
0.000000000000000000
0.000000000000000000
0.000000000000000000
0.000000000000000000
0.000000000000000000
11.931012742981540242
886.311128848610906061
2126.676548351346809795
3099.477449447018898354
3715.300823332781874342
4241.567730205590123660
4736.302143472452371498
5228.000611131321420544
5718.917199520719805150
6231.426664392660313752
6887.653191322313432465
7678.662016639660578221
8420.349670204011999886
8919.438499923748167930
9115.286831765792157967
9047.700789347401951090
8837.754496702871620073
8612.364974152833383414
8358.624538273073994787
8047.187292317275932874
7643.312640512926009251
7184.359748607990695746
6776.406296331298108271
6491.552041930900486477
6320.670892474577158282
6214.915785605892779131
6091.017991119443649950
5905.135460079759468499
5737.467154378070517851
5586.542383484214951750
5430.950330613820369763
5303.443986834674433339
5215.135464504435731214
5154.604267029198126693
5091.417986911734260502
5020.279404681579762837
4922.843107146562033449
4905.797903903971018735
5033.263967187052912777
5042.925008629767035018
5029.692103238202435023
5037.053212909686408238
5051.087429237405558524
5018.987673618866210745
4895.838023994509057957
4675.304469131639052648
4406.944112613125071221
4132.473307320730782521
3890.065111981495192595
3743.085076996351290290
3691.357912283996938640
3659.212156648481141019
3587.830043197258419241
3450.287535547085099097
3245.331874451258045156
3004.497318082579113252
2779.762576882895700692
2612.962538656826382066
2481.106041672171613754
2394.284582333127673337
2349.314937970148093882
2334.676655828769980872
2320.027953151145538868
4173.512691564445049153
4122.271012096220147214
4061.757704825903147139
4014.617584604418425442
3994.560037772978375870
4001.207576059116036049
3959.270576218481892283
3927.884994105609621329
3895.096027275985306915
3855.251191341556477710
3809.914158126069196442
3763.446401641404463589
3721.721251183200365631
3694.285892202141894813
3696.327788296957805869
3733.548461406483966130
3789.817579814886812528
3860.245077740904889652
3914.463507187672803411
3956.715525841847920674
3982.435179167101523490
3976.784056332514410315
3916.043960535856967908
3867.059429563759749726
3874.181648281650268473
3917.859109624949724093
3997.795008215759480663
4112.001484291441556707
4269.407664545698025904
4487.564500176972615009
4804.014191558301718032
5182.571286563401372405
5621.203010191087741987
6175.416012731470800645
6800.009741428687448206
7434.009521514501102502
8033.580701843131464557
8570.098607194071519189
8974.828115048936524545
9090.170914609168903553
9169.085191857082463684
9268.307339897475685575
9389.954743863552721450
9534.746154385322370217
9703.215123129080893705
9895.748700432413897943
10112.616957711776194628
10354.001341477100140764
10620.017988814070122316
10910.732175575272776769
11226.160469659977025003
11566.257822645115084015
11930.887751277305142139
12319.774915957854318549
12732.439720904707428417
13168.070424290008304524
13623.886426760491303867
14065.013599642321423744
14296.941455416470489581
14297.161903969055856578
14191.796036583225941285
14044.521158253639441682
13912.366711293616390321
13836.647227783227208420
13862.044022401498295949
13884.448906977084334358
14320.544360938802128658
14760.062462857709761010
15179.998877306590657099
15576.586549107505561551
15947.268815593568433542
16289.939348840995080536
16602.919248705082281958
16884.906562961292365799
17134.910534973874746356
17352.181726359292952111
17536.148022490731818834
17686.364466455226647668
17802.482707644976471784
17884.243931904908095021
17931.497441822029941250
17944.245460157577326754
17922.712411897224228596
17867.441230877415364375
17779.477923222471872577
17661.334004006657778518
17520.746202556369098602
17418.264229844506189693
17431.866037704989139456
17618.320300769009918440
17951.990649485582252964
18357.131087892674258910
18782.563521196560031967
19184.496594113028550055
19530.684606167538731825
19796.652404521380958613
19955.791884733065671753
20008.741288469420396723
19986.389649823784566252
19924.156271378164092312
19840.703061317057290580
19741.255484424382302677
19620.431481614723452367
19472.465362313316290965
19309.912543687725701602
19147.379668742159992689
18999.751553129110106966
18872.087782716938818339
18759.849323648337303894
18661.582657398939772975
18584.445656758020049892
18538.615315176357398741
18536.573471773204801138
18583.843300893397099571
18668.284792923699569656
18786.259293719092966057
18934.954516380490531446
19103.287282936340488959
19281.997331998849404044
19464.305100389596191235
19646.047155290354567114
19820.526677059682697291
19983.800544484107376775
20117.251065781943907496
20209.408980480577156413
20292.442802995374222519
20353.847647924307239009
20388.662743780845630681
20399.947686473835346987
20396.022154793114168569
20384.139011003779160092
20366.385228193077637115
20337.484287898078036960
20293.164555061710416339
20229.918466346876812167
20141.652878298675204860
20031.261804266807303065
19911.996210734771011630
19795.172876454507786548
19687.759013706279802136
19592.796562658484617714
19508.313462779915425926
19428.976895168758346699
19350.371298868638405111
19276.572252841313456884
19208.105296160247235093
19147.935391398270439822
19100.164731404638587264
19069.935595409835514147
1706.581519503288063788
