1123.242424047538406739
1080.845715333494126753
1024.372074307580078312
958.957987147222070234
881.170183741053051563
815.784315839351165778
702.719895898469758322
609.575737070261993722
534.532627704778406041
472.402225926933738265
412.879999453132313647
355.073766973143619907
308.213295163644545482
279.226924046751605601
244.053159574038971869
179.850042232101714035
87.652417826691433334
7.036434953542612725
97.206288696582305420
139.204227597430758578
138.307998843285844259
180.109119629903460691
227.587848865470931514
282.975351831212435627
347.745361356170349154
429.042974531569655028
521.400576591236131208
657.431833816546713933
852.912565212355048061
1133.035311627859982764
1493.531846048364741364
2628.559134671653282567
4408.581905841882871755
5713.934737258137829485
6404.544187124035488523
6970.395756112559865869
7537.102447065860360453
8200.074945623864550726
10054.102086514069014811
12221.361059051412667031
14056.946949442628465476
15593.095971818594989600
16863.106846317939925939
17895.064988642126991181
18711.963520301287644543
19331.985694230046647135
19768.680920826616784325
20031.051475272764946567
20123.629388183569972171
20046.549103225428552832
19795.576306582945107948
19362.067783189271722222
18732.750417310984630603
17889.354833209239586722
16807.965390571713214740
15458.272257736030951492
13802.696638385932601523
11797.873356727370264707
9551.199881646885842201
8490.648430575316524482
8107.442869301198697940
7702.960175909101053549
7060.338728782098769443
6137.377774828319161315
4709.341737791471132368
2340.960957011101072567
589.704389706821871187
0.993932412588848124
0.000000000000000000
0.000000000000000000
0.000000000000000000
0.000000000000000000
0.000000000000000000
0.000000000000000000
0.000000000000000000
0.000000000000000000
0.000000000000000000
0.000000000000000000
0.000001013578420051
0.000013189285958073
0.000000000000000000
0.000000000000000000
0.000000000000000000
0.000000000000000000
0.000000000000000000
0.000000000000002493
0.056562803290817788
377.875538509444481861
1743.186389737217723450
3355.618951753861438192
4030.052038229282516113
4408.838222169182699872
4741.618211872560095799
5077.671049710797888110
5442.026525020076405781
5970.731512573864165461
6948.458298357419153035
8065.795823300540178025
8888.730941997153422562
9314.908429098226406495
9374.259701899225547095
9134.452964686919585802
8706.421035762446990702
8273.011226061573324841
7944.746627919869752077
7663.122772639825598162
7326.886931739565625321
6942.531567720199745963
6606.364733286319278704
6386.948762437457844499
6273.478642958672025998
6216.540910655821789987
6133.258176050524525635
5980.777563327548705274
5840.151162144773479667
5710.594771714490889281
5571.293355297688322025
5455.714219931005573017
5376.034752152050714358
5322.049324060977596673
5264.472238409033707285
5199.005165695603864151
5108.141212152431762661
5099.005250988318948657
5235.486634250297356630
5255.525439357655159256
5252.892907609355461318
5269.759675131177573348
5291.500601274112341343
5265.431691091534048610
5147.095029034781873634
4930.539600037625859841
4665.548755184453511902
4394.187393960789449920
4154.948690065318260167
4011.359193866916029947
3963.278416356448360602
3934.875290306307761057
3867.055447807019845641
3732.666411078326746065
3530.370379048442828207
3291.781140613110892446
3069.081781454780411877
2904.352763972557568195
2774.789319923175298754
2690.490816819256906456
2648.057299491039884742
2635.571786586001962860
2622.323738454655540409
3953.252023613657456735
3917.478299746937864256
3865.507143748936414340
3821.175551487087432179
3798.743527803329016024
3797.026788609332470514
3766.691137433809672075
3741.609226876707907650
3712.438543094396663946
3675.250727384170659207
3632.423375540919096238
3588.711947949227123900
3550.177204269928097347
3526.107801120378098858
3530.529335451523365919
3567.102585998815811763
3616.561661300300784205
3643.670270589354913682
3735.062943788008851698
3803.616248258404539229
3858.817770424176160304
3892.820657346200732718
3919.081154275134849740
3961.482469125785428332
4012.410938211061420589
4077.496984688529664709
4162.326257363256445387
4263.901552033001280506
4382.380234478302554635
4523.541401928416235023
4713.654837580594175961
4880.640263410748048045
5058.360402841418363096
5396.141522785617780755
5881.966021617555270495
6405.953442367755997111
6918.688420703424526437
7381.674339804233568429
7605.276544732742877386
7731.097585761621303391
7869.570281852520565735
8022.508266084531896922
8190.683429081005670014
8374.732670941966716782
8575.163288681376798195
8792.363010185690654907
9026.613959627040458145
9278.107882168678770540
9546.959712157911781105
9833.216566512643112219
10136.859490346065285848
10457.795769762964482652
10795.840360448144565453
11150.685937746977288043
11521.862243457910153666
11908.686728397120532463
12310.207411973005946493
12724.767298023023613496
13124.797339273334728205
13270.965605899966249126
13248.388460158652378595
13186.238242221998007153
13143.927690400458232034
13158.168743852927946136
13298.773157074270784506
13673.377684778432012536
14089.171390413941480801
14491.367453296679741470
14877.288465539186290698
15244.656912068265228299
15591.523313623201829614
15916.282899199390158174
16217.670488146703064558
16494.737274880499171559
16746.814798801096912939
16973.471569829704094445
17174.467493970525538316
17349.710776352043467341
17499.221585174134816043
17623.106440930041571846
17721.546906631905585527
17794.805470160572440363
17843.250280261945590610
17867.398428369619068690
17867.974740652436594246
17845.983848249885340920
17802.849826230336475419
17741.453953483538498404
17676.322993152571143582
17690.243175032243016176
17900.760252328909700736
18195.258545276556105819
18509.014152268526231637
18803.382973159168614075
19048.214519763645512285
19207.819829511649004417
19238.316529181687656092
19183.747530645141523564
19109.448534704813937424
19038.101380656997207552
18974.356058332679822342
18917.273491826479585143
18860.127429682896035956
18787.122658567019243492
18691.925421947966242442
18589.654491544002667069
18500.371440508315572515
18429.824051484501978848
18371.795147252192691667
18322.987823947722063167
18289.320458342030178756
18280.427322358435048955
18308.807609263818449108
18380.388198659893532749
18483.741489777745300671
18616.157852329961315263
18775.829406680095416959
18952.621299703110707924
19138.069423037395608844
19326.017583700057002716
19512.761910260902368464
19691.917314940015785396
19859.724170927256636787
19997.674981397067313083
20094.387504914029705105
20181.969384908352367347
20247.987756302863999736
20287.545732935919659212
20303.680329274222458480
20304.600586619722889736
20297.443482000395306386
20284.236327480488398578
20259.707756697793229250
20219.606193520878150593
20160.448422208952251822
20076.149062201657216065
19969.562341853546968196
19853.866263735253596678
19740.300166742967121536
19635.779660802469152259
19543.353468810590129578
19461.134846753375313710
19383.949526581720419927
19307.572389771401503822
19236.227644514940038789
19170.477758179305965314
19113.170389605609670980
19068.157700895255402429
19040.313795865138672525
2059.915031624657785869
