53.782257709279797098
54.418917327369811687
55.343643570003912657
56.238181843761729795
56.811555191377294705
57.179497657830317792
57.397218209652059784
57.654017124845289288
58.161648823796134877
58.945260484260977307
59.866350371295219190
60.822186710925841169
61.773679195035342104
62.609292180715669929
62.872922046726770873
62.286333624525070718
61.149363526881302278
60.287967493822705478
59.769615994651168478
58.953613825426373296
57.687984523483784471
56.403305942866239775
55.256495134327437313
54.409611852050502989
53.514602719938920927
52.160701195657047435
49.760315514599533060
46.302874746112543392
41.613854765034830052
35.624804783943773145
28.327938221781991501
20.411421408657290044
12.668342389809481574
5.535839948315498305
-1.426680071625540336
-8.238327890818922583
-14.367765475247367135
-19.739636651421790248
-25.051326416064640057
-30.352948211760832464
-35.251678768478001302
-39.111825981923004747
-41.976257063509606837
-44.033394598101352813
-45.797385570471746519
-47.596503060605996893
-49.163283036483278465
-49.927676052808834584
-49.814219473266660998
-49.041434119586057250
-47.378318130834998101
-43.970134016210096206
-38.938618000123085494
-32.353904219244100204
-25.062809437176866822
-17.920270418355784159
-11.640176762953558409
-6.228242725917283451
-0.782867336174177808
5.874866166340353857
13.311222476501143319
20.262454982954295701
25.207357757504951223
28.010942790465492180
29.791509364629376932
32.032693840775237959
35.176486522861807771
38.920042641472520017
42.581629115065254609
45.621312312884100493
47.838474171486495834
49.287691827150496238
50.139022152514684194
50.689364858883777742
51.459693176201341203
52.779091045471773214
54.392703116961087062
55.508765089131259174
55.178750400429208867
52.885535893949281672
49.261050460470585222
45.840515221418087322
43.525269568206141457
41.826805644005531803
39.854387065973384097
36.897266659998507521
32.781801054015431873
27.971082044049666138
23.124366404848387901
18.566959820029552475
14.217908578278411369
10.050730655479355846
6.085203930379833537
2.407358208222149187
-0.930067082452325167
-3.907797381387240421
-6.487181138960437465
-8.798241990088314424
-11.044784275085845593
-13.220401397807279409
-15.065524756154104580
-16.338150638355784849
-16.945829896769623701
-17.035509313429372469
-17.029213929712398112
-17.320665444670680699
-18.073386813804290796
-19.084567091067697220
-19.920512128434666010
-20.290120888970818669
-20.254362073561992474
-20.154937909633531490
-20.410600877598596981
-21.211972364014513914
-22.441593217134311544
-23.985562265673138427
-25.756820611393038689
-27.606615362075615394
-29.417312731772824463
-31.158057806679266832
-32.837621910182576812
-34.413100523495813832
-35.728349179156850823
-36.537058448485083773
-36.846437812347915042
-36.962976936155996555
-36.951025123160718522
-36.755869736841361828
-36.453157067369829747
-36.241823030997693422
-36.294586055468357699
-36.618990761299755832
-37.041575271724468621
-37.312713026204733069
-37.189578144287850137
-36.518101242474983792
-35.360357552944151394
-33.992007339345207129
-32.733031224432124873
-31.797313432298949465
-31.230522129879034310
-30.917160229722298936
-30.662457181784077420
-30.318501570870694195
-29.844871867789095177
-29.251809008385691868
-28.588637116691757001
-27.946788560957884329
-27.426615760899892393
