884.256002698227689507
889.542202907267437695
973.857703928676983196
1105.744897687461389069
1246.067104122183536674
1403.181324492191833997
1584.823506559219367773
1713.312595199234465326
1852.667694866388274022
1969.787917188277788227
2067.592888446754841425
2135.950452363493695884
2156.793734939646128623
2113.200872470655667712
2592.974655563034048100
3018.357097280914331350
3406.801606117089249892
3772.585962770338483097
4125.526942698723360081
4467.955448905573575757
4795.469468863096153655
5098.894155926241182897
5366.652841760176670505
5586.969996051317139063
5749.633585306189161201
5847.293710855662538961
5893.097956010174129915
5879.849501617299210920
5805.648792484099431022
5683.122649411617203441
5531.609251215146286995
5377.155098568335233722
5251.285559789333092340
5187.901935302733363642
5218.222731491295235173
5364.899933709408287541
4612.607394240036228439
4014.586796409607813985
3583.531141099551859952
3311.772947213866245875
3182.833668233940443315
3153.244395712398727483
3188.234913244594736170
3259.034742897839350917
3345.183248759883099410
3434.197126565794405906
3519.946284668220414460
3600.712914362169613014
3677.468676026948287472
3752.607535622538762254
3829.187224629343745619
3910.608162146875656617
4000.575120962183518714
4103.148265734978849650
4222.481874218516168185
4362.946379767186044774
4528.883470178852803656
4723.326753609331717598
4947.711629581372108078
5201.484958816575272067
5482.027890796654901351
5784.904133144825209456
6104.347021039032370027
6433.847136297813449346
6766.708591601648549840
7096.486996238798383274
7417.276064707260957221
7723.851605755291529931
7996.599883396254881518
8242.067853166263375897
8461.930327379945083521
8677.293077706111944281
8866.512380033589579398
9025.502079107975077932
9151.086211438134341734
9242.033362411877533305
9297.289889018786197994
9315.960021653163494193
9297.309667699168130639
9240.798883834810112603
9146.149812086416204693
9013.458235964055347722
8843.357103941316381679
8637.238360753206507070
8397.533813037660365808
8128.044758514843124431
7834.291949357439989399
7537.234876720768625091
7254.825662569986889139
7321.701559743986763351
6964.365559277905958879
6644.644639524669400998
6379.988982141496308031
6186.093945830762095284
6074.756831955630332232
6052.220778969619459531
5705.309400868922239169
5456.023258329741111083
5293.490211443711814354
5208.317665328476323339
5187.823007925290767162
5218.092002448451239616
5285.695769873117569659
5213.406542668796646467
5140.559821637036293396
5122.232600676522451977
5130.181050841781143390
5136.639624494629970286
5139.789749240430865029
5167.398709359827080334
5225.564612400912665180
5280.959076607457973296
5334.614124706871734816
5387.543548942348024866
5440.582350221366141341
5494.279420236917758302
5548.839876207066481584
5604.111729403085519152
5659.610017858076389530
5714.570361043615775998
5768.023220410725116380
5818.880004729317079182
5866.022501809770801628
5908.387918253949464997
5945.043023662895393500
5975.242461029973128461
6024.010696047871533665
6084.869361398509681749
6138.538842942429255345
6185.255423215268820059
6225.442939359557385615
6259.669753248277629609
6288.602044242562442378
6312.957196687237228616
6333.460265424033423187
6350.805620609566176427
6365.625041145061004499
6378.462863004255268606
6389.758355329574442294
6399.835314769169599458
6408.898916691355225339
6417.040033113507888629
6424.247409393975431158
6430.428065571892148000
6435.435808181018728646
6439.106543938344657363
6441.297036285785907239
6441.921175006224984827
6440.975912490990594961
1824.760250218938608668
2447.343475920089531428
3114.247816151412280306
3819.229781351046767668
4528.070234767141300836
5095.849554631242426694
5445.099519426143160672
5773.665644089520355919
5971.174949599667343136
6159.114167667738001910
6340.079362361437233631
6510.037989591803125222
6661.766904780434742861
6788.493588965963681403
7179.105999092874299095
7540.037827876822120743
7881.905264221390098101
8215.562332548564882018
8544.933279860146285500
8870.926665116336153005
9191.735833121081668651
9503.622636022602819139
9801.864634960520561435
10081.633338923578776303
10338.694293438031309051
10569.920338327347053564
10733.287863894094698480
10849.017732727759721456
10939.686344116966211004
11009.972035534137830837
11067.208284439717317582
11121.396719389504141873
11184.730076584030030062
11270.363036275555714383
11390.396036747435573488
11553.525320359603938414
11300.489348778328348999
11105.283006596539053135
10972.934091739984069136
10900.354496366375315120
10855.885851516570255626
10847.175494180739406147
10860.469343912664044183
10884.376868954499514075
10910.867438318007771159
10935.129358283182227751
10954.910728835959162097
10969.734196068167875637
10980.200866651184696821
10987.478927286410907982
10992.998140218089247355
10998.321392932606613613
11005.130884194353711791
11015.251021476564346813
11031.172928931138812914
11055.066612807075216551
11088.047829682620431413
11131.559005064847951871
11186.416689953830427839
11252.657509233795281034
11329.509201021994158509
11415.491510465568353538
11508.612001468349262723
11606.601158759465761250
11707.133755306113016559
11808.001552875368361128
11907.224137365539718303
12003.101533078370266594
12130.789273134187169489
12264.214413954679912422
12390.909910648671939271
12519.716695795879786601
12630.737595847262127791
12729.346598262716725003
12819.418526905164981144
12900.688086124559049495
12972.905205002032744233
13035.819092013512999984
13089.172096880227400106
13132.705727453510917258
13166.182036196161789121
13189.424260132986091776
13202.380761323493061354
13205.215524409708450548
13198.426121443442752934
13182.985408573496897588
13160.495554733222888899
13100.880965529680906911
12987.567561857385953772
12043.589468121321260696
11823.522957279388720053
11625.609261788109506597
11459.821694694139296189
11335.152500532920385012
11258.321586620193556882
11232.776497833861867548
11005.586727698941103881
10819.969885302007241989
10684.023775462921548751
10592.099240111218023230
10536.605219125138319214
10509.241522120350055047
10502.026386207639006898
10772.658061992766306503
11075.864591506895521889
11306.199992136767832562
11496.907531702341657365
11685.016485751011714456
11869.581763851338109816
12005.007066736590786604
12082.334170762333087623
12156.858372737982790568
12229.323577976374508580
12300.454421190344874049
12370.861191730869904859
12440.976874687503368477
12511.023930609091621591
12581.007452313451722148
12650.730459336360581801
12719.826436871047917521
12787.803868094495555852
12854.097464686332386918
12918.121043963512420305
12979.317513161638999009
13037.202173994728582329
13091.396512028897632263
13150.833690858788031619
13175.377117298667144496
13195.946848483303256216
13212.717992646148559288
13225.969228465828564367
13236.057601087775765336
13243.391397356263041729
13248.403283835041293059
13251.525408827996216132
13253.167640991276130080
13253.699625562856454053
13253.436954465572853223
13252.631501964124254300
13251.465884736106090713
13250.052051308788577444
13248.434125023923115805
13246.595750770704398747
13244.472196122631430626
13241.967183844506507739
13238.973727745467840577
13235.397018445557478117
13231.175860116461990401
13226.297996645622333745
1523.163568143473867167
