66.327435784430690546
57.443763112810046323
47.886413439882787202
38.382289605531354937
29.682028516699645593
23.044729326076563325
18.631285217464977677
15.614147569201293209
13.693094975496393317
12.266525837439672841
10.910205242654228641
9.512966367730456341
8.098815933607326656
6.706883724015156645
5.371521702629550532
4.119584037438926316
2.942265232072344361
1.812684360299670061
0.714399276385421445
-0.350903133695311453
-1.361040532077709031
-2.280823104918653144
-3.078729670287856379
-3.730693054503205985
-4.198557946582155864
-4.397642447393650400
-4.229805347548023065
-3.701122434085021951
-2.884027895501930061
-1.839554670242080192
-0.614310846098675256
0.743460780845822455
2.177459968981338534
3.625463720246301591
5.027583187595183745
6.335499228969382557
7.517654173370999615
8.560330122416587528
9.468957869435911334
10.270920575600030134
10.993838543772142202
11.627355466976069920
12.156542495227910194
12.578534901659566003
12.895299191834567409
13.109218411336797772
13.222285265980730173
13.236940451378075068
13.157245563925613396
12.989534130336920725
12.742101786837338295
12.423949008865406540
12.042939938521868726
11.603957130717191149
11.108240100830727215
10.554815484646582036
9.941886142723035391
9.267396876058938915
8.531071430731998362
7.736869387869546699
6.894239696647758819
6.017656049731584744
5.124482156503205488
4.231577088223104965
3.351023723296236767
2.484691355473955809
1.616205080583711151
0.703622875226216138
-0.290117056748073310
-1.337893370435097040
-2.379485967169415517
-3.364159503709657884
-4.260686906163016374
-5.063514190683861216
-5.780596451864056462
-6.418643364880495028
-6.980394496645033087
-7.466301144968326753
-7.875512867314085952
-8.205905091181080024
-8.453428812488425592
-8.610938625608639541
-8.666564099092425977
-8.601517135409807224
-8.386740970695427677
-7.977263776232575765
-7.307777055237721697
-6.316151216808748359
-5.007690891250689447
-3.471038589229010540
-1.810267716973839924
-0.105351422039689169
1.588115763794917257
3.234529602454273345
4.814882510211702993
6.323426002142213065
7.760956237473749297
9.118823548037312321
10.364808608745818219
11.444449655997289028
12.268878872003881497
12.678383133304521380
12.425369558051357899
11.387616917284930196
9.856301891656158887
8.224186594095698410
6.685338384752867569
5.295571023187534365
4.101726247952313997
3.155886479145976864
2.452677158368828714
1.921990389723646331
1.490110030259131690
1.109882514532301911
0.754931089768490438
0.410693598451246089
0.069161496205111916
-0.273850733550574432
-0.620118608285849859
-0.969725662851743664
-1.321363124598690320
-1.672300990170072055
-2.017986688690911024
-2.351082116902063035
-2.659625670731145419
-2.924589114187028827
-3.121475366030608711
-3.237062780214131408
-3.285084941913339662
-3.289294819808276316
-3.267288239023855567
-3.229666805653010897
-3.182683746901915356
-3.130132224701412724
-3.074395577396330737
-3.017018293783507943
-2.959025550973734653
-2.901109375575970262
-2.843741492346168798
-2.787244237431565352
-2.731836538256004587
-2.677664547601921186
-2.624822535166003945
-2.573367419572008430
-2.523329051516611798
-2.474717597450904805
-2.427528904855847713
-2.381748444415194399
-2.337354226523473244
