208.627105881894266304
208.627105881894266304
37.214978379582284163
2.700340005895015771
1.773560944162205111
0.665039278591705196
0.538617022545970436
0.470491290242263938
0.427167347463455194
0.393774220255420915
0.366912108842745555
0.345019896321294095
0.327169222251840364
0.312663051400725478
0.300926834206481641
0.291472410865504572
0.283884409291784878
0.277812342420490688
0.272963651190920253
0.269096734398497350
0.266014037180065721
0.263555442632815162
0.261592177196237341
0.260021354654335513
0.258761219134229725
0.256927931922042552
