106.283005588210329506
97.009306917037989137
87.188917297484465507
77.620407357824305450
68.962479677134211897
62.090559691789835028
57.037232351945817754
53.069897263454123504
50.002161912896184504
47.377315578921070482
44.905959830189516424
42.482317224845587589
40.057362888301071280
37.604688648337486256
35.116333794959757597
32.596303881394049995
30.031194243136383193
27.408185985808330543
24.739463518962111266
22.057563451490466377
19.403991697147205286
16.821652867962001210
14.351822449193122111
12.036276124956373224
9.927131619262524964
8.105236753440550501
6.646918874416286371
5.518281929126629848
4.625467663042144295
3.898878448464103030
3.298309827288676388
2.797704648104684111
2.377988871641463220
2.024323048571631034
1.725042744153910235
1.471397248902917454
1.257972414940581984
1.084254867531882383
0.958564541877365173
0.903103156530477236
0.933996194594328699
1.025322275182389831
1.145497574910649519
1.276773895370240552
1.409705372805348134
1.538885478519887329
1.661041134576180411
1.774149724367646286
1.876977020750672409
1.968798237278605257
2.049197265757186415
2.117879638951876586
2.174431597555383178
2.218018801328128120
2.247665997521323789
2.263638929694934632
2.267647893056476960
2.261256496715589037
2.245305135101943961
2.220068595422702629
2.185295637619674380
2.140064657092040079
2.082423662490441529
2.008656543765937386
1.911763827052197939
1.778170369393535566
1.580844345305109755
1.272087712870700216
0.813274373329420541
0.232960327341970697
-0.405514942911594289
-1.047736094865626910
-1.658971085917983146
-2.230636234270093610
-2.768084550810982591
-3.275612933789687986
-3.753471202075047586
-4.199387871173257736
-4.609618462311090070
-4.979320030260993235
-5.302536100772073269
-5.571855128011492297
-5.777584494352510092
-5.905967919292550050
-5.935409206687950245
-5.829223762024213329
-5.528447681851844209
-4.971985787862109873
-4.158071246307173396
-3.159419904108602850
-2.057611069039836593
-0.908416832026318843
0.253113870118852446
1.404778676733741349
2.533222763012588530
3.632181397526579758
4.698145894788069654
5.716511988958103530
6.648943606318312050
7.435550753708412230
7.983109743727396790
8.128715099714696635
7.622672642876011651
6.341598105406234254
4.576260289587793295
2.719583790829943837
0.966197470710199013
-0.627275570871319132
-2.013065887655528741
-3.138153816433913335
-4.007056963584574305
-4.689178171826625885
-5.257733279390578218
-5.759613064294939022
-6.221180807425923831
-6.657226139422448341
-7.076200581469635154
-7.482910683039222022
-7.879887561312955313
-8.268060987845188947
-8.647018996007545866
-9.014945354893626472
-9.368192116671366421
-9.700297858432577414
-10.000137359251084490
-10.249471356804576772
-10.424541228944661952
-10.512813061895286637
-10.528659206024627792
-10.496425433917920600
-10.434258126153167723
-10.353271221385739409
-10.260196114796968914
-10.159273869118493394
-10.053309052107692878
-9.944243905531521932
-9.833480598236349124
-9.722069558116032795
-9.610823891845285516
-9.500391220289429839
-9.391299897099486316
-9.283989183081104102
-9.178828997945970514
-9.076132698873095705
-8.976165120054787394
-8.879147413376642817
-8.785259823191040596
-8.694643283177015292
-8.607400536212765019
