219.184673579032846646
219.184673579032846646
35.460183049503370967
10.280904134770164404
6.056689645183721993
2.275300995237996560
2.065539806981872673
1.952093435611714334
1.855550079446745215
1.773124954966043276
1.701931358500814673
1.640095306366545103
1.586145021159412360
1.538898616818575871
1.497387203871502592
1.460807464398536926
1.428487849779900065
1.399863194908898656
1.374455072473989237
1.351856335529260766
1.331718822514560419
1.313743494487388253
1.297672464287829674
1.283282509456656229
1.270379757474646043
1.258795303366450957
1.248381574813613337
1.239009299324845603
1.230564960714472189
1.222948655098815118
1.216072275395901681
1.209857967795124667
1.204236813696742292
1.199147700610800893
1.194536351594386980
1.190354488142036704
1.186559106300556943
1.183111849118754000
1.179978460927813444
1.177128311898987478
1.174533982799565557
1.172170901654554065
1.170017025090752005
1.168052558482709724
1.166259709550578005
1.164622471248081048
1.163126430037795034
1.161758596270040300
1.160507254114800268
1.159361828351434198
1.157351432020488957
