2408.351084652989811730
2420.289368953322082234
2450.594276483192061278
2498.220748264750000089
2547.505443273733362730
2578.818050066469368176
2580.737369735424636019
2554.186857393683112605
2510.889698147636408976
2466.054308312475313869
2429.696090435695623455
2400.474105095953746059
2366.485113464964342711
2312.020765357865002443
2575.818497766419568507
2810.004946061310874938
3024.960721894780363073
3234.227037540827495832
3450.060506667457957519
3680.230032880688213481
3926.496245772718793887
4184.691304674894126947
4445.944899718712804315
4698.521643346191922319
4929.838972189190826612
5128.357896308649287676
5285.146783521571705933
5394.895940484290804307
5456.683023473835419281
5474.472904213719630206
5457.214521609650546452
5418.507323127842937538
5375.685071678620261082
5348.173880779041610367
5355.146851136324585241
5412.822685019751588698
5154.213244511157427041
4966.608870486866180727
4852.443430106604864704
4806.916071276742513874
4819.399212667860410875
4875.893934463984805916
4961.476197139734722441
5062.301610574872938741
5166.825435153899888974
5266.304624947532829538
5354.795982195857504848
5428.875201931772608077
5487.248616426873923047
5530.363368327067291830
5560.064586373538077169
5579.305066288789930695
5591.883532227359864919
5602.171710190996236634
5614.789953356328624068
5634.207829821183622698
5664.279377172955719288
5707.766158292301042820
5765.933867183359325281
5838.318574336264646263
5922.732056866554557928
6015.519389507319829136
6112.018672730841899465
6207.128629907983849989
6295.879207570538710570
6373.919917916604390484
6437.875520086310643819
6485.553066647626110353
6516.009111679496527358
6529.534913973376205831
6527.478968756410722563
6512.020104370216358802
6485.915273208234793856
6452.228866825107616023
6414.072037914753309451
6374.353139075417857384
6335.555357820625431486
6299.555203662871463166
6267.493362484166937065
6239.709691614715666219
6215.753563870269317704
6194.477452271510628634
6174.214163403898055549
6153.026636818062797829
6129.005825331179948989
6100.580157529455391341
6066.792644668294997246
6027.500853372356687032
5983.445770876769529423
5936.202756166956532979
5887.695623158019770926
5841.380679175054865482
5800.675968220974937140
5768.413142802525726438
5746.374516970578042674
5735.013047943985839083
5733.411454813423006271
5739.480190981839768938
5750.335089653046452440
5762.760570570149866398
5773.686727007653644250
5780.596546476785988489
5781.813505157474537555
5776.646122088054653432
5765.542477409429920954
5749.748146368297966546
5731.002924313609582896
5711.289489847808908962
5692.564213393608952174
5676.511788082719249360
5664.384677717412159836
5656.925037994683407305
5654.343110650684138818
5656.387793884910024644
5662.476832862893388665
5671.859132052573841065
5683.780918372975065722
5697.631119585592387011
5713.047584826435922878
5729.973078852129219740
5748.657335056243027793
5769.608418716857158870
5793.503022939154107007
5821.070730006291341851
5852.970995792270514357
5889.682677017441164935
5872.324321131856777356
5860.012912609270642861
5852.470293424513329228
5849.146866108325411915
5849.287943891826216714
5852.021368695218370704
5856.450783487513035652
5861.740387678909428359
5867.180813170647525112
5872.230542308342592150
5876.531864066591879237
5879.903979601186620130
5882.318246770314544847
5883.861736179321269447
5884.695475694693413971
5885.013252560920591350
5885.005851962843735237
5884.834329839862220979
5884.614450503770058276
5884.412801386064529652
5884.253332144726300612
5884.131233532621081395
5884.029547473255661316
4636.265454973303349107
4723.129104596766410396
4816.140270677278749645
4915.632520518017372524
5021.942695425293095468
5135.406274156000108633
5256.352537515851508942
5385.099859291484790447
5521.951438333967416838
5667.191738286717736628
5821.083835796699531784
5983.867820929285699094
6155.760359812581555161
6336.955523185149104393
6527.626976749453206139
6727.931558634236353100
6938.014077958724556083
7158.012788351569724909
7388.064403239764033060
7628.306757987918899744
7878.876395754236909852
8139.897619865908382053
8411.459118784552629222
8693.574345237570014433
8986.122597573958046269
9288.769351191078385455
9600.866905572996984120
9921.339881483789213235
10248.564478972528377199
10580.255508400645339862
10913.380563816197536653
11244.125341926226610667
11567.936312087815167615
11879.664289629256018088
12173.822320664285143721
12444.952146585899754427
12673.446710120626448770
12870.198976791227323702
13032.829148124617859139
13160.526868590932281222
13254.081911930135902367
13315.719905018264398677
13348.782192378013860434
13357.316267247913856409
13345.649443346615953487
13318.006327469691314036
13278.208741745860606898
13229.474073010958818486
13174.310501332476633252
13114.497062290938629303
13051.132087716972819180
12984.733043906902821618
12915.371956456358020660
12842.831948634497166495
12766.771211957075138343
12686.881016485487634782
12603.024702053711735061
12515.345717296435395838
12424.335298648567913915
12330.854467772775024059
12236.110237959301230148
12141.591365565664091264
12048.973573474726435961
11960.007031897846900392
11876.399625173517051735
11799.708314066914681462
11731.248299401295298594
11672.026423442543091369
11622.701970820255155559
11583.575179651201324305
11554.601538179129420314
11535.428330092701799003
11525.448795421614704537
11523.868573398141961661
11529.778693337257209350
11542.229236719729669858
11560.297924290973242023
11583.148322875653320807
11610.073181158242732636
11640.519616357525592321
11674.094471705897376523
11710.550066365709426464
11749.752611534671814297
11791.637550736826597131
11836.157740430789999664
11883.231473288133202004
11932.697638496651052264
11984.284684365560678998
12037.598459963051936938
12092.131580560668226099
12147.306166289836255601
12202.579739684486412443
12257.430529064653455862
12311.410328044654306723
12364.190898537570319604
12415.596446657102205791
12465.616811747013343847
12514.399099979078528122
12562.218966042650208692
12609.435924937712115934
12656.439376252472357010
12703.593096155336752417
12751.185723594524461078
12799.393418324672893505
12848.258729588906135177
12897.687189453261453309
12947.460626488375055487
12997.264013796459039440
13046.721089263079193188
13095.433174859044811456
13143.015651570296540740
13189.127364633712204522
13233.489691041184414644
13275.893832902736903634
13316.196813884615039569
13354.308341049441878567
13390.171915194901885116
13423.744174320152524160
13454.976405205177798052
13483.801513392318156548
13510.128645983215392334
13533.846292923424698529
13554.833270325036210124
13572.975707628824238782
13588.187219674946391024
13600.428972237574271276
13609.726421379926250665
13616.180099973620599485
13619.968819983081630198
13621.344871876863180660
13620.622002368440007558
13618.157932022413660889
13614.333782817586325109
13609.532969732023047982
13604.121890461839939235
13598.434226599567409721
13592.759977073679692694
13587.339612272031445173
13582.363078377584315604
13577.972866210056963610
13574.270033922697621165
13571.321938314251383417
13569.170471803034160985
13567.839786661372272647
13567.342773866765128332
13567.685891458208061522
13568.872269120387500152
13570.903289756170124747
13573.779030367173618288
790.206441502994152870
