65.996868229623657953
57.281107714989374813
47.702897364330006269
38.286948060557747908
29.857084629915689789
23.379920043956843756
18.920356325109096929
15.740208276324622716
13.626104806157115945
12.088018353314197384
10.800868263804133562
9.614482159074086098
8.420230436739814195
7.132210995766570250
5.737262694663513685
4.314052823029527417
2.939367353710707675
1.650168661891711963
0.465804791993349454
-0.600913301475742401
-1.540290787248522975
-2.343270194664825112
-2.999147772736080242
-3.491404350439069049
-3.787528386649171352
-3.821077359665792983
-3.525807263092815447
-2.942497807894142170
-2.169756711296599860
-1.280358476408451907
-0.315747736512861366
0.700112118306208231
1.755425400604423203
2.848491405967166656
3.983632402149879681
5.162521866971360396
6.373070649385653041
7.583608054442748880
8.750640811955236131
9.838664774499648047
10.818076995952509378
11.641079182050731333
12.279621495611564796
12.738152992149991860
13.038316931100865759
13.206342274505431078
13.266038824505187677
13.235837288698832026
13.128260002831041220
12.950612740084380903
12.706144083337846951
12.395269389960589024
12.016658733250835667
11.568149367420659246
11.048112191708185037
10.457757620204148452
9.802030141319761469
9.088391756466904781
8.326246762357243369
7.526732123208944358
6.702097909215808613
5.864739746753031113
5.025992259477249036
4.194642787085115287
3.374827051513619836
2.562347372450091143
1.737591998932572324
0.858291043237130680
-0.110647242222540854
-1.138831545787553523
-2.162534173662237436
-3.128130350440358143
-4.002607024592236939
-4.779814239680945320
-5.468076996107470222
-6.075052216086902490
-6.604600957435053488
-7.058181835138213955
-7.435766866298706645
-7.736081477480752255
-7.956452543749719553
-8.092329576969092386
-8.136327490293751907
-8.076332069755210341
-7.891653078066667604
-7.545777512179029145
-6.979291147565703568
-6.130288275993535763
-4.996258105190264587
-3.649772080843348476
-2.173316837746483543
-0.624733373664923874
0.958029678118919037
2.549496836110108688
4.132621388497199177
5.696112387542655142
7.228844801919365182
8.705706099383661467
10.076509486709483099
11.271043903195391067
12.189898261784406941
12.669072539382284504
12.461895426274168130
11.450015579429532409
9.929262626254001134
8.296614045759071132
6.749596140823769019
5.346794706170669542
4.137255907016594847
3.174823710020064027
2.455573174154892513
1.910606575088792169
1.467158966988961311
1.078712535129682237
0.719192174485186797
0.374045240584649719
0.035056855795971842
-0.302308092061110756
-0.640274243279577604
-0.979465645356697223
-1.319224120418823532
-1.657605472948745273
-1.990981349805622358
-2.313027341850414587
-2.612765199569452079
-2.871942383215952077
-3.066453908104620041
-3.182995600847021933
-3.234789031146192428
-3.244803786633298159
-3.229775126066328994
-3.199524659444477948
-3.159695463053566300
-3.113665655300735580
-3.063580324208430739
-3.010881493796915720
-2.956579382306046000
-2.901392757976253733
-2.845824081442998477
-2.790203775828018706
-2.734721876750967340
-2.679456635363123951
-2.624404554482367757
-2.569512961464880618
-2.514713687199105152
-2.459954410528894186
-2.405222928798281146
-2.350559733317822975
-2.296056548351344873
