66.445993071212200221
57.362571364999666912
47.661636856327760370
38.234830018333283874
29.824476207902790748
23.365066631594331170
18.914218979007472399
15.732592431933866806
13.606862641697347271
12.043424927193825624
10.714090279195630728
9.475996998174963437
8.243787185400250905
6.962127962099927458
5.626494151039167946
4.287582242530902477
2.986994012769912388
1.741384065866583342
0.562914807322471233
-0.534754350192883976
-1.535704450761357975
-2.420838215454409692
-3.167062643090446272
-3.744652406848103965
-4.108522283909536554
-4.181501932778417086
-3.889347695834032947
-3.268080924491357564
-2.415022591445847411
-1.405340307481026230
-0.287054140856383810
0.904190880009196007
2.138804871635983318
3.391166482211332323
4.638300193119732739
5.858092532908415251
7.027869840713293570
8.125858212446985362
9.137965489656011187
10.067398960712324651
10.918510681335561685
11.662344106937155175
12.272302223235556085
12.741576406803460486
13.075129050829588095
13.283183029196720781
13.377617534897098039
13.369992249530383788
13.270515994879218624
13.087597478831781928
12.827758868350343846
12.495761705504918382
12.094817473459841040
11.626831091596926626
11.093275745933652843
10.497170840426605309
9.843824346241746071
9.139661830054365055
8.391897813538633955
7.608734469049352356
6.799230229439729101
5.972799908646322820
5.138370007889903945
4.303102929721859482
3.470352192919165191
2.635924340196197591
1.780874116244234528
0.864106104193751889
-0.147959585725857323
-1.223271564578766402
-2.296493764950923833
-3.312619350056905887
-4.237577621318962429
-5.064472610937116315
-5.801073813838144133
-6.454478594583008544
-7.027764553510962742
-7.521181779101567599
-7.932918988109150860
-8.259268424951756060
-8.494491296126540192
-8.630466110336783458
-8.655989786391728558
-8.555302963011342854
-8.304862134802931450
-7.866932522314044718
-7.183505959853874856
-6.197604005186747145
-4.915449434850273747
-3.421301520227615356
-1.810282347940557202
-0.151471670361473798
1.508921719191278044
3.140607301730426570
4.725176893405318879
6.253767143730726730
7.721988193271585033
9.115384641385958275
10.396248720785166597
11.505438019932086036
12.350485297546185848
12.769430261924014758
12.514114726477032491
11.463648406521627976
9.912239135592955108
8.256672905916389027
6.695081311892295162
5.286588717306472063
4.080163440542008857
3.128727505321506897
2.426579519507299665
1.902393226734801601
1.480706909417648376
1.112456501940016551
0.769468287993134936
0.435662062296586328
0.101863908633504252
-0.236899764189985262
-0.582801896862434887
-0.935909535258275582
-1.294449839339392838
-1.654758564423758571
-2.010909481025123569
-2.353888623983607431
-2.670034819630899392
-2.938984443098860311
-3.135636060933933322
-3.247060984013842244
-3.288051211708960864
-3.283825103140941337
-3.253444766068440686
-3.208677389483142406
-3.156499086278415689
-3.100977929394986177
-3.044403165699293368
-2.987970407293062181
-2.932216727177006987
-2.877304717412897617
-2.823207585853197088
-2.769825777244619758
-2.717055330650197220
-2.664822757218274774
-2.613097777941874256
-2.561892614612105490
-2.511254234438695221
-2.461253903599214254
-2.411976664316824781
-2.363512052404217911
-2.315946558935792154
