1061.460037197670089881
1105.788274388735317189
1215.887158686346083414
1365.694394492750461723
1519.891072775422117047
1690.482987127483056611
1886.170876978130763746
2027.550198741693520788
2176.038958506813742133
2297.137517110108547058
2395.237864219541279454
2464.662969150886965508
2493.150463526545081550
2468.698333157100023527
2954.785785859743555193
3395.709660912847994041
3803.094949848209125776
4185.586872767792556260
4548.536513739144538704
4891.490332139327620098
5208.998939031285772217
5492.269771980244513543
5731.043857698056854133
5915.286677909219179128
6036.529230698709397984
6088.882162200818129349
6086.527109007749459124
6022.825506753542867955
5896.069553315179291531
5718.914479251033299079
5510.832197544217706309
5298.430375355949763616
5114.517071268157451414
4995.097269786167998973
4974.016500820445799036
5076.342939286554610590
4294.515680734230045346
3677.328609968410546571
3236.962405937544190238
2962.515833439043035469
2832.899828371472722210
2800.619525058766157599
2828.654224181719200715
2887.878513287816986121
2958.854817451438520948
3030.833430407609284885
3099.550546464349281450
3164.864028055498692993
3228.768178846812133997
3294.021564471695000975
3363.427650064671979635
3439.664064243899701978
3525.454087379739121388
3623.830286647469165473
3738.042727472065053007
3871.781267722460597724
4028.956953361825981119
4212.387743749286528328
4423.436771406333718915
4661.544709525248435966
4924.096518446902337018
5206.649038887785536645
5503.430976862900934066
5807.963545249568596773
6113.653240510577234090
6414.257168704992182029
6704.182198186294954212
6978.627008135707001202
7218.497891309961232764
7430.928590905906276021
7618.231949909247305186
7778.487936186789738713
7914.320880418124943390
8022.199991323431277124
8099.484411807081414736
8145.454310974058898864
8159.546184393495423137
8141.336866628103962285
8090.551186100262384571
8007.095668120317895955
7891.121690291059167066
7743.121819361352208944
7564.062034133772613131
7355.549317210851768323
7120.027679800184159831
6860.985139904993047821
6583.139185621094839007
6305.953889679903113574
6044.968153717014502035
6164.039889803537334956
5805.150428577422644594
5469.110021576779217867
5165.590153677452690317
4902.413250825336945127
4684.574891920020490943
4513.774005634227250994
4390.489300241752971488
4315.733614288629723887
4277.761328053454235487
4271.183550843277771492
4291.000400924861423846
4332.933794783151824959
4393.450171185017097741
4304.176762531443273474
4211.894111398344648478
4177.086040829483863490
4174.684560900631367986
4178.195424213585283724
4185.640155474502535071
4223.645850712837273022
4296.602553624727079296
4369.318521095550750033
4441.148868307770499086
4511.862527493341985974
4581.674097244745098578
4651.277366283619812748
4721.871615926117556228
4795.164173941767330689
4873.328686574122002639
4958.900266748360991187
5054.597371548699811683
5163.075878719748288859
5286.640905809245850833
5426.960952880312106572
5584.839284734171997115
5760.092494539177096158
5720.848512731921800878
5716.543277901656438189
5726.446219835544070520
5748.426419682178675430
5779.900959869531106960
5818.102928001686450443
5860.331530590186957852
5904.152385112497540831
5947.532093571924633579
5988.905614113008596178
6027.184937212625300162
6061.722734640633461822
6092.246026685722426919
6118.773952983577146369
6141.531684700721598347
6160.870194920121321047
6177.199354598405989236
6190.939661224539122486
6202.495558802162122447
6212.250377633617063111
6220.579082715283220750
6227.870530078665069595
6234.547311416487900715
3266.599722592147372779
3912.340130635128389258
4597.551457427151945012
5318.166002004798428970
6041.514811609178650542
6624.164350531708805647
6989.056993596898792021
7333.369732352606661152
7545.710270425541239092
7747.026328229155296867
7940.527065022245551518
8123.989792506315097853
8292.542013192130980315
8441.406012770110464771
8796.671420745133218588
9126.700936347067909082
9439.792827699706322164
9744.561070278014085488
10043.157183539198740618
10335.390169652351687546
10619.048408661530629615
10890.558483245968091069
11145.731875678820870235
11380.434923041588263004
11591.116619564683787758
11775.204460977960479795
11891.040314435680556926
11958.997426931857262389
12001.638242935552625568
12023.547196138972140034
12031.996924735776701709
12037.096836053977312986
12051.440407588770540315
12088.921277622746856650
12162.601259963737902581
12282.067478469118213980
12032.912602066257022670
11845.491275726979438332
11724.584197828136893804
11665.773130732040954172
11635.524935297809861368
11639.854114706724431016
11664.091585788792144740
11696.696607468828005949
11730.044034987829945749
11760.014107396920735482
11785.100333640546523384
11805.453752434787020320
11822.081329462622306892
11836.292486286400162498
11849.409474222858989378
11862.699399462382643833
11877.444682354756878340
11895.051262215232782182
11917.641056072467108606
11947.104259507892493275
11984.376673987095273333
12030.806522878339819727
12087.173081030989123974
12153.501484140471802675
12229.011085894733696477
12312.207786667255277280
12401.084646653911477188
12493.369737794280808885
12586.761550933662874741
12679.112015650132889277
12768.541730334127350943
12853.491280001162522240
12969.290964221325339167
13090.063879604127578204
13203.554577867453190265
13309.318881011604389641
13397.141851443799168919
13472.566320829508185852
13539.629652473089663545
13598.224357196544588078
13648.257841354479751317
13689.642010661647873349
13722.292944538905430818
13746.141786072532340768
13761.158465121410699794
13767.390061499667353928
13765.015232970863507944
13754.414819318917579949
13736.256068907207009033
13711.583534596653407789
13681.903430697129806504
13616.789644706785111339
13498.964919248861406231
12470.928285327008779859
12236.261907907990462263
12016.062546589158955612
11815.831637651366690989
11640.001388127173413523
11491.344674266343645286
11370.689417698909892351
11274.004994923179765465
11191.251333260095634614
11129.944181718719846685
11086.766562110557060805
11058.656009663054646808
11043.001526657426438760
11037.654195706711107050
11305.509463031266932376
11605.658640522835412412
11835.782354767568904208
12030.896375782220275141
12228.653611821453523589
12427.874045249633127241
12582.141195462803807459
12681.339777311401121551
12779.519231550111726392
12876.293456102581330924
12971.518360544821916847
13065.310370553797838511
13158.066405498104359140
13250.480052365071969689
13343.544053714858819149
13438.526790083209561999
13536.911415554230188718
13640.291488711087367847
13750.226286406856161193
13868.071019393564711208
13994.808584945922120824
14130.915678232686332194
14276.293062867691332940
14290.172971973170206184
14281.522205290753845475
14280.444859796287346398
14285.775451965144384303
14296.089840633667336078
14309.862203458358635544
14325.610874589490776998
14342.014173444715197547
14357.987003770182127482
14372.717631324567264528
14385.669976650760872872
14396.559756936931080418
14405.313527162861646502
14412.018995066737261368
14416.873682854502476403
14420.137578197047332651
14422.094063499604089884
14423.022142305779198068
14423.181617585309140850
14422.811172628533313400
14422.137051153638822143
14421.387375398408039473
14420.804983973466733005
248.059786512073799258
