66.410277864136972426
57.350592974241607180
47.652915084543110424
38.220597106167645052
29.803725984381784997
23.341076487310488119
18.890930319087445355
15.712350460802426255
13.590191650984991156
12.029666154902884045
10.702212867051883904
9.465124251623052487
8.233216548921802769
6.951233225600887522
5.614850968335616699
4.275021390629035523
2.973314432619901027
1.726049817498875427
0.544988905760732223
-0.556493062656954862
-1.562546742951695933
-2.453876337537082009
-3.206899936847321442
-3.791122176758250362
-4.160442867051671101
-4.236486814981617499
-3.943692034612013231
-3.316769550914699494
-2.451939147676057473
-1.423781056700278214
-0.280649699538685127
0.940091680851793399
2.205391546097217770
3.484486348014314672
4.748473699024970074
5.970394717630114201
7.125977608158450494
8.196162163507324294
9.172937458260520316
10.066623464541493149
10.887456772296729923
11.609928962045103162
12.208366759985011640
12.674963148018946413
13.012577398416311780
13.228946247982861451
13.333582491511094759
13.336086669499167101
13.245245476870280754
13.068615626085346548
12.812416514764635167
12.481601927296225085
12.079987362635137060
11.610377627027475000
11.075290319531688965
10.478752484999347416
9.826849532173440593
9.126378144629740063
8.384394498650777905
7.608375888932584985
6.806159128215540477
5.985618532907807321
5.154086599150133452
4.317391438141328308
3.478119376632776039
2.632116114029173559
1.761389139744949262
0.826632488010318411
-0.203386852112515726
-1.294155721869003628
-2.378261815461570450
-3.399416181741855780
-4.323241706795158734
-5.143418534202027104
-5.868876619850198040
-6.508095869728805383
-7.065462107485160459
-7.542295864648650650
-7.937590913438498319
-8.248252124643613570
-8.469086953073343693
-8.592587900623584574
-8.608336795958109633
-8.501565824555598283
-8.249859101011935536
-7.816530728016886087
-7.144172844099387021
-6.175507838755038392
-4.915237224735562904
-3.444961084983560795
-1.856599317663551574
-0.216320538212443125
1.431675064550205434
3.058035351237975874
4.644343955754322906
6.180942039348053640
7.661969378784817764
9.070989716596074004
10.368113722370651431
11.492219994478915623
12.349405466580009261
12.776965126949050955
12.526618629090762624
11.477774273118370729
9.925154812021958151
8.266152265921505204
6.699534293827838383
5.285041281373509037
4.072183575548876888
3.114315944233339906
2.406060382393832242
1.876333918458755079
1.449882132629085163
1.077859239887146714
0.732358619250476295
0.397630041420256930
0.064869680135785757
-0.270551125718185403
-0.610588638714745002
-0.955346741146371414
-1.303463619809519969
-1.652138329539837969
-1.996748494931978257
-2.329877032560659700
-2.639451747424146788
-2.906288323964588471
-3.105695451720976052
-3.224242982454313733
-3.275464360654922302
-3.282928972831257397
-3.264062724991163122
-3.229309370152975589
-3.184782992120261724
-3.134168376599006933
-3.079781670208063815
-3.023145046195253371
-2.965302353891132725
-2.906996338712900751
-2.848771498326726714
-2.791037720136557709
-2.734114135372863075
-2.678263348722083492
-2.623720241716966939
-2.570715487585601977
-2.519491066804590673
-2.470303273598290161
-2.423408554278211113
-2.379030716521953082
-2.337316269656923851
