66.085111187610209527
57.306129799841507122
47.701299327275606288
38.291413214277810084
29.878995317118651087
23.416685720181718011
18.964639515861094310
15.785290908065832127
13.667579844263542554
12.121502287961703814
10.819563027389349941
9.610584862472563827
8.392418586608926034
7.094433218260974172
5.712023892064195252
4.313103726873521282
2.961584230865781819
1.690723935627175933
0.520868642993093545
-0.533854883354621279
-1.463434385380281810
-2.259364905999120765
-2.911849868581015244
-3.405148987858467535
-3.707080071723225956
-3.750936910757644682
-3.469631463132714089
-2.902658393888259525
-2.147133766243456421
-1.274417870412293041
-0.324867728921532262
0.678240012726661234
1.723646856274598349
2.810603165845009244
3.945222578993679008
5.131247129129604900
6.357056774365673846
7.587989585001082560
8.774348349744116149
9.873981709298931264
10.853587152405424376
11.666196890480989623
12.288056541519125631
12.728890108415441773
13.014483306174270183
13.173191341719984848
13.229096656487541850
13.199705281859877459
13.096123481938860778
12.924278697923085701
12.686365584346560809
12.382139294133480689
12.009925427175431878
11.567391534382835516
11.052784140674532409
10.467163443460606231
9.815295767694664164
9.104482882828193624
8.344043508250905461
7.545138251365358428
6.720147377646497944
5.881668144074495785
5.041257642073190937
4.207898637281004994
3.385861474579002106
2.571004815770180585
1.743689065720360531
0.861531168169193506
-0.110759609775868739
-1.143075329791514605
-2.172046454977362373
-3.144455463861220323
-4.027699478471731709
-4.815978574352811847
-5.517839166696973052
-6.140970448930886505
-6.689032259787211387
-7.163020782396273489
-7.562168182258659499
-7.884171413645105986
-8.125029799255969465
-8.278557180784673619
-8.335424742914710805
-8.281291484057391017
-8.093029896019885427
-7.731622974128811165
-7.135317777801645889
-6.240370896970631520
-5.043415574980940619
-3.617842484794493885
-2.049508337743560560
-0.402929583728166563
1.273848935971756191
2.942818099736371096
4.574247190698400800
6.147336246874232302
7.647929896160491126
9.055995223956699647
10.333400795409943385
11.425560441980110227
12.248252277432300161
12.649126737876969173
12.387979907398118939
11.347490744288563747
9.820092910271398523
8.196895610527946019
6.669148873929827914
5.290116756077793525
4.105002139937738548
3.165302091082423885
2.466006582993941265
1.937965918490533568
1.508453930009125088
1.130801686542895368
0.778313618953774267
0.435300249386074256
0.092050415940065022
-0.257502141011144658
-0.616693489064601863
-0.986310626232636878
-1.364400225407081280
-1.745919551842604278
-2.122353151728304965
-2.481277666726555253
-2.805624553161948143
-3.072692927657158179
-3.256986966215094981
-3.347323436725275769
-3.361774994679109341
-3.329334792435929558
-3.272390144594197636
-3.205049339734443947
-3.135528706686301348
-3.068188859658675938
-3.004929277764489370
-2.946144177307758127
-2.891380455645844449
-2.839780536714300752
-2.790366056260296546
-2.742205160943740339
-2.694497641757664042
-2.646605180856766992
-2.598047952680275330
-2.548483721070113006
-2.497681556800102953
-2.445499277146836903
-2.391871011220104037
-2.336807522935941961
-2.280405768540646250
