2225.579397336230613291
2245.140713070544734364
2286.666122487205029756
2349.011140075877847266
2415.117320754459797172
2463.820924922245467314
2482.971596681640221504
2473.436860918448928714
2447.020302185521359206
2418.682259395084656717
2397.761667262786431820
2382.135742350598320627
2359.482076952593615715
2314.276203860472378437
2590.520847159304139495
2835.834199071193779673
3060.848416115365125734
3279.493662279623549693
3504.566108022224852903
3744.541483044422875537
4002.007244662563607562
4273.625305579614177987
4551.209005058725779236
4823.424504869200063695
5077.709057264663897513
5302.094669127262022812
5486.718244077134841064
5624.799722014219696575
5713.322244372505338106
5753.449044020404471667
5750.597732459551480133
5714.207203692342773138
5657.134084444364816591
5594.595122196343254473
5542.631861726979877858
5516.230555305577581748
5356.373639191659094649
5242.734007138537890569
5179.025201645144079521
5163.853343739751835528
5191.523557398180855671
5253.549181360362126725
5340.224586885901771893
5442.042657717650399718
5550.677802785891799431
5659.513695906923203438
5763.809337183026400453
5860.632702997203523410
5948.676298527057952015
6028.032301500229550584
6099.965593980218727665
6166.690442218173302535
6231.135352289167713025
6296.672973315129638650
6366.798780320674268296
6444.762102746885830129
6533.181102725660821307
6633.700463565955942613
6746.760435559837787878
6871.535109381208712875
7006.063364307108713547
7147.550439079685929755
7292.778890030239381304
7438.548582461962723755
7582.069712837715997011
7721.254194466547232878
7854.878402942276807153
7982.615407768537806987
8104.953028879825069453
8223.040195467465309775
8338.439512396784266457
8233.517136660273536108
8129.729426577722733782
8029.095745706556044752
7933.335205193757246889
7843.676451226019707974
7760.718168464153677633
7684.352760284185933415
7613.759407891954651859
7547.467274932646432717
7483.485393646457850991
7419.492075352470237704
7353.072656541565265798
7281.989556325489502342
7204.463168697434412024
7119.436725827417831169
7026.793812626632643514
6927.494724345692702627
6823.579359273639056482
6718.063945229703676887
6614.999409081095109286
6519.841653832864722062
6437.853434061320513138
6373.382897363559095538
6329.232044579093781067
6306.252331864247025806
6240.162535047121309617
6191.985024932715532486
6158.191222901251421717
6134.379832987458030402
6115.938752176278285333
6098.654961390966491308
6079.189383061686385190
6055.374147776062272897
6026.540761686946098052
5993.206848528228874784
5956.754812413389117864
5919.166400454913855356
5882.711679434086363472
5849.623865500378087745
5821.836263001053339394
5800.802108720130490838
5787.363620940202963538
5781.714897831423513708
5783.441818761168178753
5791.619092383821225667
5804.941438447897780861
5821.867592230673835729
5840.760567695013378398
5860.013349514187211753
5878.154320582180844212
5893.930469623326644069
5906.368638452291634167
5914.816075802365958225
5918.961824008455550938
5918.840406790318411367
5914.035663228021803661
5905.176671230919964728
5892.375644832953184959
5875.975847626127688272
5856.501671242086558777
5834.604279892807426222
5811.006087340465455782
5786.447339317925070645
5761.637879002794761618
5737.216750542357658560
5713.721657925917497778
5691.569497801528086711
5671.048309554306797509
5652.320120747994224075
5635.433386332925692841
5620.343057109495020995
5606.935781487425629166
5595.057343443740137445
5584.539210464808093093
5575.221118121156905545
5566.967150354992554639
5559.673981062154780375
5553.271784505399409682
3608.182483039339331299
3705.927658750204955140
3816.172023464418998628
3938.892088201740989462
4074.008034471287828637
4221.391576003612499335
4380.873391855194313393
4552.249891207649852731
4735.289235079353602487
4929.736683200117113302
5135.319449686760890472
5351.751343248405646591
5578.737545098201735527
5815.979944830267413636
5967.655762100677748094
6130.090580170501198154
6304.047327292348199990
6490.258978602359093202
6689.435031169648027571
6902.267225605240128061
7129.432259038821030117
7371.588714920207166870
7629.365121265273046447
7903.336036524273367831
8193.983435702268252498
8501.641483055545904790
8826.424079817139499937
9168.136404629536627908
9526.174071219436882529
9899.416551964484824566
10286.125129835867483052
10683.859649790727416985
11089.432186828795238398
11498.918345173515263014
11907.746528682660937193
12310.880058807548266486
12420.331910426411923254
12515.849908610105558182
12595.264342474709337694
12657.396708160717025748
12702.091971909092535498
12730.137462147395126522
12743.088709839576040395
12743.035829092996209511
12732.348365866906533483
12713.432676166701639886
12688.526856561122258427
12659.547643343450545217
12627.994294211888700374
12594.907637385693305987
12560.878318515353385010
12526.096137603130046045
12490.431343812297200202
12453.538106221132693463
12414.969703463602854754
12374.294297372322034789
12331.199834261748037534
12285.577185312273286399
12237.572538001162683940
12187.603438084110166528
12136.337428133163484745
12084.637206520501422347
12033.480697047654757625
11983.867503634235617938
11936.724441832395314123
11892.822123650752473623
11852.712293631630018353
11816.692338338343688520
11784.799716603638444212
11756.835489257058725343
11732.412999785055944812
11711.025296139963757014
11692.123207663753419183
11675.195184178839554079
11659.840090526022322592
11645.825092313685672707
11633.122473613215333899
11621.921490894426824525
11612.613958797706800397
11605.754907177632048842
11602.002090057076202356
11602.040173014614993008
11606.496924318053061143
11615.859619529490373679
11630.400108965694016661
11650.116587424698082032
11674.699046074449142907
11703.523653185646253405
11735.678891895420747460
11770.023203583315989817
11805.714591880285297520
11841.602051044654217549
11876.595968938238002011
11909.763704281038371846
11940.410031483186685364
11968.132416492422635201
11992.844421214354952099
12014.765083453708939487
12034.377007840628721169
12052.360153283878389630
12069.511141921140733757
12086.658953874297367292
12104.587169390159033355
12123.970868545278790407
12145.333459109688192257
12169.025637908125645481
12195.225849715076037683
12223.959286022325613885
12255.130830294767292798
12288.566448198824218707
12324.057327279399032705
12361.401499650224650395
12400.438614127342589200
12441.074785149490708136
12483.295861458029321511
12527.168833781463035848
12572.832287539937169640
12620.477700582106990623
12670.323941995922723436
12722.587558226779947290
12777.451395266230974812
12835.033877069818117889
12895.360917041030916153
12958.342049925069659366
13023.751982982434128644
13091.218399635687092086
13030.678206475575279910
12972.275341123928228626
12916.476600219102692790
12863.623954098209651420
12813.951376034250642988
12767.603403502731453045
12724.654233630415546941
12685.126300072688536602
12649.007445959314281936
12616.266000929539586650
12586.863274830066075083
12560.763192950587836094
12537.939002245393567136
12518.377168525623346795
12502.078745743270701496
12489.058627957789212815
12479.343177897742862115
12472.966759814877150347
12469.967696799205441494
12470.384111478102568071
12474.250019637851437437
12481.591930577929815627
12492.426089416820104816
1594.302566580248139871
