212.897994389684896532
212.897994389684896532
38.516551406183950235
3.291464128235226383
2.392628361169141904
2.057834029102103557
1.808767959796841795
1.610423724054645955
1.445580959837572621
1.306229256832175389
1.187316401987685621
1.085201262440937731
0.997067696535100634
0.920660635832748042
0.854142199315760631
0.795999992917200139
0.744982019633891213
0.700047392765235532
0.660327648871409489
0.625095789211594255
0.593741246184510740
0.565749525645995455
0.540685598089304609
0.518180319054707073
0.497919308769764812
0.479633832550799222
0.463093309897103012
0.448099151020932562
0.434479675971048307
0.422085916812509288
0.410788141322869005
0.400472966523412355
0.391040955360611286
0.382404609667475248
0.374486688890889818
0.367218797453530199
0.360540193257439467
0.354396780145950718
0.348740252263104011
0.343527365480394142
0.338719314592931975
0.334281199175786192
0.330181563974825010
0.326392002005113646
0.322886810901715782
0.319642694138988048
0.316638500659304212
0.313854997214042919
0.311274668695251944
0.308881542598008763
0.306661034244140596
0.304599809841084757
