853.034282401919540462
486.236298116347029463
281.705722901458102569
181.467356653997768490
150.823738103356618012
211.732290297481995367
52.467355125834870933
7.361026130235308607
1.997014121284221844
0.866940278598809178
0.613805572527350685
0.402289623653769524
0.229598550361916481
0.256214555141168254
0.266406894520388293
0.141685951745054384
0.036256468327098113
0.040698696486708853
0.201919855752615757
0.661444473527157406
61.156726553856621820
570.703490256881195819
1652.071500798880833827
739.060020687098699455
339.483245735209550276
273.507349605424451511
368.297810786255240600
601.492712347078736457
1031.151662403001864732
1767.346337029783853723
2607.581386300386384391
3682.356908605729586270
5146.950756818878289778
6937.594254984554936527
8913.215543891381457797
10919.242828296935840626
12895.433072685786100919
14770.497408884353717440
16435.588191421949886717
17850.876079881501937052
19021.766622634710074635
20359.571848035164293833
21514.434622848548315233
22466.573024839999561664
23194.831347646839276422
23690.452268601173273055
23986.748652306534495438
24140.638827916951413499
24166.450049134291475639
24048.411813654674915597
23802.737619455139792990
23508.483193330062931636
23148.212943810733122518
22724.475991806306410581
22168.076405372161389096
21419.012849368060415145
20425.266972539055132074
19186.557945214350183960
17778.263525585054594558
15316.439150320707994979
12799.984185259960213443
10177.748335499627501122
7387.272961769423091027
4508.709686035404047288
1759.954435818182446383
2840.578067128243219486
1236.080552431554224313
270.505523191526037863
0.017909791591507043
0.000000000000149634
0.000000000000000000
0.000000000000000000
0.000000000000000000
0.000000000000000000
0.000000000000000000
0.000000000000000000
0.000000000000000000
0.996314036879749954
600.275513906310266066
5.528172078095267672
0.000000000000000000
0.000000000000000000
0.000000000000000000
0.000000000000000000
0.000000000000000000
0.000000000000957221
1.155725238392286691
319.585869882643009987
957.356714720543209296
1861.751224359003572317
2871.617258685442266142
3933.200204187977305992
4973.546966741067080875
5978.874317047917429591
6916.048779433263007377
7744.633308938250593201
8486.962187434612133075
9112.089693857737074723
9569.524958569805676234
9853.894689499047672143
10027.869330772728062584
10126.464595610676042270
10174.123517268695650273
10184.237540166059261537
10087.048983318776663509
9850.723573232553462731
9451.625144675539559103
8925.656327102418799768
8362.921415973678449518
7823.305156910347250232
7298.571184966239343339
6747.769622486480329826
6101.827351443247607676
6191.353440221956589085
6224.574053592770724208
6208.310832131285678770
6134.096146359094746003
6039.670039504077067249
5944.289652950786148722
5847.347452753188008501
5730.941048929211319773
5596.830431644695636351
5434.376381543748721015
5337.058599568040335726
5361.735991506269783713
5288.855798410789248010
5199.734614710227106116
5131.908889277679918450
5073.808476336543208163
4980.484595060555875534
4813.483086736860059318
4567.009991850442020223
4282.552734365222022461
3994.993615405523996742
3736.298924774310762587
3559.764528923100897373
3465.327286508486849925
3389.608884937544189597
3283.521843157498096843
3124.699902623778143607
2912.099861660216902237
2671.922789285385533731
2447.277529070185664750
2272.577259726520424010
2127.713297376129958138
2020.609769683758258907
1948.425338300564362726
1901.816233853319090485
1855.995142020381990733
4777.007434659968566848
4534.395415934902302979
4379.764420560799408122
4296.051359435839003709
4276.363991050452568743
4320.356483673381262633
4230.905280353118541825
4201.987989483259298140
4182.102305504945434222
4149.321844049868559523
4108.726645682773778390
4064.170628763363311009
4016.100808640116156312
3969.111078433338207105
3947.376910466388835630
3965.649113763672175992
4006.957298418598838907
4021.814455115313194256
4003.884992629750740889
3989.813217042992164352
4022.261875499781581311
4306.580783279774550465
4920.321179148904775502
4254.652023939308492118
3888.940034300369916309
3714.304607423217476025
3646.656810122522074380
3654.968914239982495928
3766.985931169869218138
4046.576947481932620576
4602.139043554544514336
5445.768577063000520866
6529.368784004066583293
7791.447654674369914574
9161.813291458433013759
10575.059973833305775770
11965.946182636338562588
13289.605136363517885911
14525.196299617578915786
15655.862037331819010433
16668.804244867995294044
17494.293111802198836813
18195.624484691634279443
18787.812730572019063402
19288.018800768961227732
19711.232863948567683110
20063.988689206162234768
20346.728846306908963015
20564.483505222637177212
20724.683692635990155395
20826.883142528149619466
20858.126248197877430357
20819.738792874570208369
20708.910368575030588545
20534.040504275038983906
20301.891121067721542204
20018.403732435246638488
19682.862581720608432079
19286.111838735738274409
18214.132892825015005656
17082.825821421560249291
15930.972542403695115354
14822.015364925957328524
13823.218648821346505429
13009.695225525698333513
11929.159302010681130923
11545.816572052181072650
11530.388144317255864735
11940.897686721509671770
12487.028088392964491504
12994.717288390464091208
13484.420947568103656522
13964.802629275753133697
14436.345749176440222072
14843.650486357750196476
15139.013197561280321679
15342.024785550911474274
15529.034058985398587538
16233.569488897885094048
16145.722700867911044043
16625.536599564486095915
17031.841911149924271740
17198.424330202433338854
17246.397697240197885549
17246.739155934232258005
17261.597670067883882439
17325.009712679518997902
17628.585034698266099440
18115.742407431855099276
18732.742743046172108734
19434.707977548441704130
20166.724959394905454246
20886.286706254217278911
21555.875794881190813612
22152.861563231126638129
22666.134035908115038183
23084.596936381993145915
23410.075878536168602295
23650.880250817313935841
23811.645043786538735731
23889.364279449739115080
23885.481957609230448725
23803.465985780188930221
23648.645408251879416639
23437.200077560315548908
23180.104500895959063200
22886.757364366607362172
22558.336104310215887381
22188.549762415404984495
21774.478066786119597964
21321.291199451756256167
20837.588372220525343437
20334.851768190321308794
20527.131168651092593791
20701.230360541918344097
20859.578561610564065631
21006.149833684026816627
21138.483595810397673631
21255.842442444336484186
21359.292889730862953002
21451.378774808694288367
21531.505611106214928441
21600.257957100213388912
21644.731516024483426008
21656.879699001350672916
21664.494399189665273298
21657.189326833628001623
21630.582596061791264219
21586.907139353028469486
21532.836925648432952585
21474.215793962299358100
21412.618944479687343119
21343.508221673051593825
21263.294166497504193103
21169.112824919255217537
21055.981490090991428588
20926.502251650581456488
20791.972665340079402085
20662.026720170593762305
20542.564211190212517977
20436.046781352019024780
20340.536331916984636337
20251.084090624048258178
20163.387217554925882723
20080.273602999546710635
20001.724276082964934176
19930.059203171469562221
19868.945428452498163097
19823.271030074909504037
2480.168423503044778045
