1285.501308067289983228
662.479894498538556036
335.684553725709292848
191.406625612781454038
140.887168715718985368
187.836006299354721705
28.199044142435695903
0.013141305748103191
0.000000034846511190
0.000000000088014701
0.000000000000070811
0.000000000000000328
0.000000000000000001
0.000000000000000005
0.000000000000000007
0.000000000000000000
0.000000000000000000
0.000000000000000000
0.000000000000000000
0.000000000000000001
0.000000000000000000
0.142454403448804140
181.310666983567671195
1.049674324136301573
0.242870386890260470
60.306452377235309825
186.368006767204207108
412.601776226221716115
812.328820464285627168
1494.609229971316608498
2257.234885315839164832
3238.248704682904644869
4605.632609560911987501
6308.536185999089866527
8215.274191849546696176
10176.129255775789715699
12131.852707053794802050
14009.346538774885630119
15696.179641164742861292
17148.071428855047997786
18365.721113508967391681
19755.868849009231780656
20963.579256351713411277
21964.433314378795330413
22733.190879658326593926
23257.586735590368334670
23567.945345727926905965
23718.549540406285814242
23721.223715721265762113
23557.668207818074733950
23241.419374229288223432
22848.556325478934013518
22358.213578996419528266
21769.039569662047142629
21007.487232280378520954
20008.821231919937417842
18715.990323157853708835
17123.534291006464627571
15301.890365769828349585
13376.522915012825251324
11341.859600631951252581
9148.404894269859141787
6728.381545500054926379
4150.413357682108653535
1617.650789092595687180
2921.898492426550092205
1348.234921878690556696
353.206601803425257913
0.941633179055760716
0.000000000000000000
0.000000000000000000
0.000000000000000000
0.000000000000000000
0.000000000000000000
0.000000000000000000
0.000000000000000000
0.538245535852197365
334.478251440396832095
1318.657710050708374183
406.402642677599999388
0.635917113271806000
0.000000000000000000
0.000000000000000000
0.000000000000000000
0.000000000282371259
1.142647585722609493
238.257524396954693202
742.316981366602817616
1539.438263083931587971
2591.034853920776185987
3744.692426984662233735
4951.298045611159068358
6139.992892040788319719
7297.732612761027667148
8391.527493387311551487
9381.066400794552464504
10289.136009738802385982
11085.657491232837855932
11721.427183302914272645
12192.663663732868371881
12563.760922141473201918
12871.490503526869360940
13142.060405923433791031
13390.655309534111438552
13549.345851313635648694
13588.103640419165458297
13485.132584539604067686
13278.390321495431635412
13060.504652554305721424
12894.515222955291392282
12775.908403758605345502
12667.746902070639407611
12504.854219360531715211
12255.849904649068776052
11994.734089884059358155
11727.696437110929764458
11444.489477602493934683
11180.064926829947580700
10950.041966145636251895
10749.621831626651328406
10556.483941305801636190
10367.998955521068637609
10169.279447312619595323
10049.733731246027673478
10062.292602426761732204
9983.691031394884703332
9891.800472402952436823
9821.056914849270469858
9757.303730953408376081
9653.677791371366765816
9470.554494961810632958
9201.705904872724204324
8888.859101607878983486
8567.676902580622481764
8271.171622043619208853
8053.602893423401837936
7915.516773640779319976
7793.744882357985261478
7639.245596711321013572
7429.915876909156395413
7165.543062163040303858
6873.899501816114934627
6600.295065429372698418
6381.521140786825526448
6199.316292990041802113
6062.259802438547922065
5966.597025908263276506
5900.737031848477272433
5837.417454406909200770
4158.777528185354640300
3739.825958577512210468
3487.309295425254276779
3350.984720010073033336
3291.776876338878082606
3298.471382511419051298
3178.503700512492287089
3128.052428534509090241
3078.452266793790840893
3012.149596589829798177
2936.223149192040636990
2855.040697258528780367
2769.073774751650489634
2682.849544255312594032
2620.705668783015880763
2597.501081691783838323
2596.213951535814430827
2567.345746864883039962
2504.576857705745169369
2444.511100250475465145
2394.320870602858576603
2328.084080051442015247
2357.982292239724301908
2174.747699338859547424
2092.020796379341845750
2037.317553840073742322
2032.392279538634738856
2079.832105876283094403
2216.438880477355723997
2505.449803688979500293
3055.392533911698592419
3882.799088440563991753
4947.066811448775297322
6194.311759572713526723
7559.833404339068692934
8981.003386497452083859
10393.042436584059032612
11749.860615541947481688
13028.324424706390345818
14208.757865546765970066
15275.390719369837825070
16155.607853107718256069
16909.540423904440103797
17549.326844283077662112
18089.613045277070341399
18543.252876436377846403
18914.990300080786255421
19203.726517762628645869
19413.068138873430143576
19549.044569792313268408
19609.754938093890814343
19580.643531527643062873
19461.197159437804657500
19246.513097676925099222
18942.653335398499621078
18553.832544572705955943
18083.281483523376664380
17527.498162703192065237
16874.692950865501188673
16111.562891128176488564
15256.975709585583899752
14351.041109495747150504
13454.305111509695052519
12627.381286127771090833
11936.773438689177055494
10906.832007820989019820
10543.770242950951796956
10506.126573532390466426
10857.931575406377305626
11407.064364190677224542
11920.781687352447988815
12418.998802065518248128
12910.501946030854014680
13395.883428387161984574
13819.838542133211376495
14134.741051448414509650
14360.631242931247470551
14818.143563495099442662
15834.295632203058630694
15498.013347393904041382
15671.399161412155081052
16068.486365184346141177
16229.405651980914626620
16274.798763862361738575
16275.601266361516536563
16294.745309227975667454
16538.174205542709387373
16987.520690540310170036
17603.813851432783849305
18343.638728754325711634
19168.487419747314561391
20026.817090938373439712
20877.632301276520593092
21683.948216070471971761
22423.249259409160003997
23084.547835958252107957
23657.127503011055523530
24143.508617294031864731
24553.004504532851569820
24891.466848617543291766
25157.180157423088530777
25352.868528211143711815
25483.244344404589355690
25554.854093805137381423
25585.068846788413793547
25585.986204712600738276
25568.106434461991739227
25533.831174035884032492
25478.415833128743543057
25400.942001450875977753
25309.006783427863410907
25213.873678519179520663
25129.640966190614562947
25065.159786301679559983
25014.798188532789936289
24980.369110431172885001
24964.446025245862983866
24962.481979900916485349
24971.078532953251851723
24988.277570188183744904
25013.466835846738831606
25042.944122172732022591
25074.308362433865113417
25091.809568461016169749
25084.660425484718871303
25078.060497870617837179
25059.215526245810906403
25021.569774736912222579
24965.536669592846010346
24896.439857373945415020
24819.295567689969175262
24735.370310033275018213
24640.291928582133550663
24531.016010365663532866
24405.403049755903339246
24259.121748923163977452
24095.155545084282493917
23924.884231971602275735
23757.901775333266414236
23600.229195228192111244
23454.870196806110470789
23320.978734406879084418
23195.167521634077274939
23074.832419327718525892
22964.116676435904082609
22863.447227711953019025
22774.443533908048266312
22699.098147728022013325
22640.464066931435809238
3429.654354594390952116
