2194.685583153872812545
2179.264838623096693482
2137.215637593009887496
2054.041212227408777835
1909.103645554186641675
1706.118028468824377342
1756.039539697513873762
1759.413212208685763471
1736.771828365996498178
1702.790665490884521205
1661.140326133466487590
1617.878492844050470012
1583.648246459285019228
1563.995147687362759825
1538.454484125730914457
1493.766961330287813325
1444.957385031317471658
1442.472008153726847013
1486.762523728012638458
1530.492394800494139417
1568.428761991681312793
1623.338954720275069121
1689.732952583280848557
1801.624578903531983087
1768.012289465049207138
1773.086739471288183267
1825.842064911093984847
1970.830805313216160357
2253.924156329289417044
2746.777027579078549024
3376.016015635954317986
4726.737748124520294368
6441.882032133626125869
7604.714620634160382906
8414.121974177478477941
9102.122661847051858786
9762.194822130733882659
10505.863788005821334082
12480.958518553659814643
15790.526346766659116838
18620.060612313332967460
20953.499170055496506393
22836.476017000000865664
24306.762923431215313030
25396.462007011123205302
26134.540838302440533880
26550.540585171838756651
26681.548487987496628193
26562.023573877882881789
26197.925706560155958869
25599.298294180935045006
24786.494583584804786369
23784.608692789985070704
22622.712800430388597306
21334.812821526516927406
19961.725346201437787386
18554.077740384167555021
17207.860201122693979414
16529.227946735940349754
14604.919272431074205087
13275.236482704031004687
12025.013209621080022771
10666.362487870794211631
9098.876592089940459118
6881.947676825850066962
4004.479400122987044597
1335.940959664918409544
196.894224117524117901
0.618487048494320013
0.000000000689536007
0.000000000000000000
0.000000000000000000
0.000000000000000000
0.000000000000000000
0.000000000000000000
0.000000000000000000
0.000000000000000000
234.224489830750769670
621.229505119252280565
69.748634084587962434
0.000000000000000000
0.000000000000000000
0.000000000000000000
0.000000000000000000
0.000000000000000000
0.000000000000000000
0.026970333977335070
889.945739710966222447
2012.276218390240046574
2844.020402512628152181
3472.030528981504176045
4083.760644208575286029
4695.396369258937738778
5326.142683902945464069
5971.986121522116263804
6633.015955475204464165
7354.999147322277167405
8068.959162694907718105
8637.674958573936237372
8979.842130567443746259
9132.542724099963379558
9157.418028590340327355
9119.991998039326063008
9065.656189188883217867
8944.786147377737506758
8736.143553524110757280
8423.426974137919387431
8048.931320537815736316
7709.083563110556497122
7469.771309085021130159
7327.763616947122500278
7245.577372070461024123
7155.671754224591495586
6907.199997999345214339
6684.542459639475055155
6487.561976833627340966
6298.832094804785810993
6145.825377085528998578
6036.935134881298836262
5960.863711833754678082
5889.899372135993871780
5817.326725482486835972
5725.558168872100395674
5702.548326937730962527
5801.104058124295079324
5799.214514415250050661
5776.429112114190502325
5769.330912698344945966
5766.028748447460202442
5721.677586224407605187
5598.187562223502027337
5390.303726661398286524
5140.176187879488679755
4883.436033551060972968
4652.788269618344202172
4502.122179774994037871
4431.704373235156708688
4378.150149315738417499
4292.161139254102636187
4151.251009467287076404
3954.587072596361394972
3728.999120399176717910
3518.603506964786902245
3359.039850356921760977
3231.352630696806954802
3144.192731001146512426
3094.704660752783183852
3072.685000586926435062
3051.987387327953001659
5031.997295633934299985
5036.560877173576955101
5016.160545146299227781
4981.012173180223726376
4933.753336299197144399
4864.340975299263845955
4943.657953299019936821
4990.382906212600573781
5009.896188185162827722
5010.892480670186159841
5003.508969577529569506
4996.576170162263224483
4997.514515554214085569
5013.818728123848813993
5054.738085187650540320
5122.755978562305244850
5208.885763498513369996
5295.939103474859621201
5378.428189780562206579
5464.527381221905670827
5559.952894815995023237
5668.367231058829929680
5799.353158045903001039
5724.037125156941328896
5711.136911418707313715
5734.690826960366393905
5798.698394723913224880
5909.808330023549387988
6085.857336902644419752
6347.910086144690467336
6734.368098548158741323
7158.034513555831836129
7644.259669611845311010
8291.048213612453764654
9025.420558556013929774
9774.434519699327211129
10492.816075550101231784
11139.464630907688842854
11515.754845265948461019
11606.330617831788913463
11714.854669849126366898
11854.760346435470637516
12027.303293222770662396
12233.228704527980880812
12472.829018960481334943
12745.935958999440117623
13051.918730819190386683
13389.686506117670433014
13757.693176851327734767
14153.942605967511553899
14575.993017797662105295
15020.959811860680929385
15485.516996957405353896
15965.898657649278902682
16457.903400240855262382
16956.905814211582764983
17457.797822047530644340
17949.830153720522503136
18342.807089559675659984
17787.008700863039848628
17167.192449709491484100
16584.002799895617499715
16088.982228747025146731
15722.371936356606966001
15580.492315664523630403
15697.108531947875235346
15959.777539491053175880
16199.003968459242969402
16408.896313174751412589
16589.404094400299072731
16741.266231621179031208
16865.376004623918561265
16962.598952324126003077
17033.645172395670670085
17078.975365410668018740
17098.750202267143322388
17092.824510426595224999
17060.782600543632725021
17002.007771570923068793
17065.687589674595074030
17101.083991342045919737
17107.451296286155411508
17084.249249975790007738
17031.267389026397722773
16948.766653796599712223
16837.933168612111330731
16703.560445940998761216
16606.585217044852470281
16667.082012512310029706
16925.169962017178477254
17331.362006682407809421
17816.638743978201091522
18331.936910576809168560
18832.532370187534979777
19285.640032244016765617
19668.465730938256456284
19962.474813140594051220
20172.731679899286973523
20319.278384904271661071
20418.217913380496611353
20471.898615915437403601
20480.527738849636079976
20444.815551981158932904
20369.036829442378802923
20270.401038668991532177
20162.803552862133074086
20059.583112565513147274
19966.472274630283209262
19881.929312198757543229
19807.454407022360101109
19751.823149687093973625
19726.069255346064892365
19742.674663825790048577
19726.339388502365181921
19749.443059315901336959
19809.488813756801391719
19904.042183289366221288
20023.225793823461572174
20158.385094575591210742
20302.780033304552489426
20451.798335733878047904
20598.697397792515403125
20739.080150531732215313
20856.235616007201315369
20939.432145738846884342
21014.737409839151951019
21070.689617771229677601
21102.329482098197331652
21111.701946833494730527
21105.583811346674337983
21090.129407402931974502
21067.372168783516826807
21033.335768344844836975
20985.043030033630202524
20920.202990715843043290
20834.262787704770744313
20730.041515314671414671
20618.859314157223707298
20510.280139550020976458
20410.182076272318226984
20321.195552016026340425
20241.839964218925160822
20167.919019006702001207
20096.057698967211763375
20029.954978327230492141
19970.145005537309771171
19918.971885004375508288
19879.536565775106282672
19855.804324008771800436
3746.026656497997464612
