8592.128577920000680024
8592.128577920000680024
8592.128577920000680024
8592.128577920000680024
8592.128577920000680024
8592.128577920000680024
8592.128577920000680024
8592.128577920000680024
8592.128577920000680024
8592.128577920000680024
8592.128577920000680024
8592.128577920000680024
8592.128577920000680024
8592.128577920000680024
8592.128577920000680024
8592.128577920000680024
8592.128577920000680024
8592.128577920000680024
8592.128577920000680024
8592.128577920000680024
8592.128577920000680024
8805.253463609895334230
9051.060454522350482875
9296.867445434805631521
9542.674436347260780167
9788.481427259717747802
10034.288418172171077458
10280.095409084628045093
10525.902399997083193739
10771.709390909538342385
11017.516381821993491030
11263.323372734448639676
11509.130363646905607311
11754.937354559360755957
12000.744345471815904602
12051.542169106016444857
12039.398932995038194349
12027.255696884059943841
12015.112460773081693333
12002.969224662103442824
11990.825988551125192316
11978.682752440146941808
11966.539516329168691300
11954.396280218190440792
11942.253044107212190283
11930.109807996233939775
11917.966571885257508256
11905.823335774279257748
11893.680099663301007240
11881.536863552322756732
11869.393627441344506224
11857.250391330366255715
11845.107155219388005207
11832.963919108409754699
11820.820682997431504191
11808.677446886453253683
11796.534210775475003175
11784.390974664496752666
11772.247738553518502158
11760.104502442540251650
11747.961266331563820131
11735.818030220585569623
11723.674794109607319115
11711.531557998629068607
11699.388321887650818098
11687.245085776672567590
11675.101849665694317082
11662.958613554716066574
11650.815377443737816066
11638.672141332759565557
11626.528905221781315049
11614.385669110803064541
11602.242432999826633022
11590.099196888848382514
11577.955960777870132006
11565.812724666891881498
11553.669488555913630989
11541.526252444935380481
11529.383016333957129973
11517.239780222978879465
11505.096544112000628957
11492.953308001022378448
11480.810071890044127940
11468.666835779065877432
11456.523599668089445913
11444.380363557111195405
11432.237127446132944897
11420.093891335154694389
11407.950655224176443880
11395.807419113198193372
11383.664183002219942864
11371.520946891241692356
11359.377710780263441848
11347.234474669285191339
11335.091238558306940831
11322.948002447328690323
11310.804766336350439815
11298.661530225374008296
11286.518294114395757788
11274.375058003417507280
11262.231821892439256771
11250.088585781461006263
11237.945349670482755755
11225.802113559504505247
11213.658877448526254739
11201.515641337548004230
11189.372405226569753722
11177.229169115591503214
11165.085933004613252706
11152.942696893635002198
11140.799460782658570679
11128.656224671680320171
11116.512988560702069663
11104.369752449723819154
11092.226516338745568646
11080.083280227767318138
11067.940044116789067630
11055.796808005810817122
11043.653571894832566613
11031.510335783854316105
11019.367099672876065597
11007.223863561897815089
10995.080627450919564581
10982.937391339943133062
10970.794155228964882554
10958.650919117986632045
10946.507683007008381537
10934.364446896030131029
10922.221210785051880521
10910.077974674073630013
10897.934738563095379504
10885.791502452117128996
10873.648266341138878488
10861.505030230160627980
10849.361794119182377472
10837.218558008204126963
10825.075321897227695445
10812.932085786249444936
10800.788849675271194428
10788.645613564292943920
10776.502377453314693412
10764.359141342336442904
10752.215905231358192395
10740.072669120379941887
10727.929433009401691379
10715.786196898423440871
10703.642960787445190363
10691.499724676466939854
10679.356488565488689346
