730.449815265071833892
641.214341580926884490
540.463773770328657520
471.970766581725229116
472.125228070736284280
640.128530133255935652
405.195350342299434487
336.838637282428862818
309.407531098274034775
282.205212521510588886
253.349233921047670037
226.844422974925578274
179.986382041257854780
9.219647227234089470
0.001193498593479882
0.000000000000000000
0.000000000000000000
0.000000000000000000
0.000000000000000000
177.281792001429693073
0.000000000000000000
321.744106879997957549
909.597307220343395784
389.585896923856864760
382.527770567191453210
496.532034593813534684
616.551568679519959915
762.537651350828582508
953.446242666682110212
1233.281990807167176172
1667.199730440008352161
2402.772865135512802226
3538.751900519590890326
5046.556925848746686825
6806.210062988176105137
7797.951310079546601628
7968.648993573398911394
9778.504119032291782787
11451.379136068062507547
12956.071490102269308409
14279.251585423864526092
15418.108039892929809866
16375.766068779919805820
17158.629377093900984619
17774.759303501123213209
18232.873208807763148798
18541.617081388147198595
18708.964777929257252254
18741.741659083312697476
18645.288918704824027373
18423.199429158841667231
18077.083486428735341178
17606.355772057111607864
17008.137280182927497663
16277.224125974818889517
15406.298550376033745124
14386.473401425420888700
13208.369246034448224236
11863.871143511047193897
10348.804617221334410715
8667.290612366612549522
6858.507961510582390474
6516.185783464673477283
4908.271113263836014085
3128.628061963439449755
1637.744327860325483925
618.898343736747165167
95.490196292432514724
0.000000000000005523
0.000000000000000000
0.000000000000000000
0.000000000000000000
0.000000000000000000
0.000000000000000000
0.000000000000000000
0.000000000000000000
0.000000000000000000
12.027664138131061833
527.576466296372927900
48.735631587597566750
0.000000001180166141
0.000000000000000000
0.000000000000000000
0.000000000000000000
0.000000000000101743
0.000020016168617025
14.020693151740202254
296.223016167627918094
914.171860760541335367
1866.889839661922906089
3071.395934112938903127
4308.726773732125366223
4408.458531479061093705
5271.037127197175323090
6332.799930065902117349
7196.123331010956462706
7854.429729009032598697
8314.826798495943876333
8592.824166523838357534
8709.043080702520455816
8686.716155818367042230
8549.655296947310489486
8320.840510853058731300
8021.461943774552310060
7670.466675994797697058
7284.739076028505223803
6879.977967270476256090
6472.491120099325598858
6163.303471745183742314
5993.637880257246251858
5895.223899099325535644
5822.906737005056129419
5710.525745959472260438
5555.958914600665593753
5466.442990212566655828
5420.188869420322589576
5328.810644212841907574
5189.596922529238327115
5045.365129371966759209
4913.188025289692632214
4778.395855172979281633
4642.280581248975067865
4497.953055352435512759
4451.706809160044940654
4565.164248757731002115
4650.253714195144311816
4715.498084287079109345
4727.394934848621232959
4671.761448373789789912
4548.395139941153502150
4360.644725993353858939
4117.103068035871729080
3853.964655646591381810
3604.183965508446817694
3395.185922630870663852
3274.028018487303143047
3236.309030849608006974
3215.369041928831393307
3159.950567386405509751
3046.834593130427947472
2875.210513809829080856
2672.196396201660263614
2482.011279606404968945
2340.030299435125016316
2226.827574243352046324
2150.350874925491098111
2106.811144472525938909
2084.200448579753356171
2051.804947337959674769
2458.590194292023170419
2491.672009407952828042
2526.733369941399814707
2563.801673729312824435
2603.045245468696066382
2646.441248045511201781
2690.197777859101734066
2737.436683579503551300
2788.146019093300310487
2842.171791637400474428
2899.698157137240286829
2960.902884089219242014
3025.941350150183097867
3094.939940439643578429
3167.990227808064446435
3245.144418521333136596
3326.412542048019076901
3411.761783543462570378
3501.118233212771428953
3594.371165867949912354
3691.379783694273100991
3791.982173771930320072
3896.006073538844248105
4003.276946647988552286
4095.919735959382251167
4196.695427921630653145
4310.780084057352723903
4432.471857489641479333
4557.801027830155362608
4682.663537774946235004
4810.641609419340966269
4941.977009180421191559
5076.987977727723773569
5216.065856809691467788
5359.668227030379057396
5649.584340269150743552
6078.379259673819433374
6238.852060881448778673
6406.155107392638456076
6580.894845873342092091
6763.646823103487804474
6954.942796742727296078
7155.255940481406469189
7364.988935249425594520
7584.465286474295680819
7813.923874014073589933
8053.516414819257079216
8303.307231426962971454
8563.274496489071680116
8833.311986816072021611
9113.230342571427172516
9402.756897389632285922
9701.533325297907140339
10009.110636474480998004
10324.941431892435502959
10648.369775406268672668
10978.619522842687729280
11314.782412107992058736
11655.807605451198469382
12000.494611417114356300
12347.491531192612455925
12692.370805602673499379
12786.871180470165199949
13082.532699772322303033
13422.612932499119779095
13756.499722081598520163
14083.049091532908278168
14400.605485246991520398
14707.577613590530745569
15002.469318819819818600
15283.905889331957951072
15550.655418812670177431
15801.645423043737537228
16035.975279837208290701
16252.925125744988690712
16451.961691102325858083
16632.741295297772012418
16795.109979813987592934
16939.100632857342134230
17089.022966721204284113
17221.150241854371415684
17336.014065009767364245
17434.296319916185893817
17516.816838774080679286
17584.521939384121651528
17638.474328564636380179
17679.843957436718483223
17709.898399807112582494
17729.990546549677674193
17741.541191199426975800
17746.014614026462368201
17756.487536822070978815
17908.900775757589144632
17948.066704860768368235
17938.583391167310765013
17928.772684357358230045
17919.579947053614887409
17911.747232965255534509
17905.806073349147482077
17902.081952157066552900
17900.708629660766746383
17901.649677767232788028
17904.724390474068059120
17909.635532390417210991
17915.997030019640078535
17923.360498996862588683
17931.240243719297723146
17939.102102912085683784
17935.838987540737434756
17918.467080705206171842
17898.484882780321640894
17884.692066512823657831
17888.522551721383933909
17912.827917109021655051
17945.701455941540189087
17990.496584985881781904
18057.632324323578359326
18145.210378155308717396
18244.271277458698023111
18348.127235358319012448
18453.579533368752890965
18555.407726398214435903
18650.074047346246516099
18720.691818240386055550
18757.682629040758911287
18785.072542720088677015
18802.710760185233084485
18816.270393107508425601
18828.842142208497534739
18841.233687953848857433
18853.087693181536451448
18862.639792760401178384
18864.053706497012171894
18851.800761957805661950
18821.541288656662800349
18767.470750144068006193
18691.762954131732840324
18605.799941555313125718
18519.653741380057908827
18439.819082636942766840
18369.412339319271268323
18307.177683229223475792
18248.879128792679694016
18190.934059453724330524
18136.818857739348459290
18087.016136699217895512
18044.124471656999958213
18011.903800805768696591
17995.441806506391003495
4814.125048864683776628
