2228.091587198312026885
2081.239787476275068911
1926.663817325792251722
1900.629878945702330384
1825.239135940480764475
1586.006269678322041727
1734.587572437994595020
1794.709919199878640939
1821.229657041906875747
1767.777627925751630755
1694.844847061184054837
1637.371589007415650485
1591.590563781259106690
1555.891289882845512693
1535.834518709220219534
1536.295274293796865095
1552.449039853843942183
1575.789267193487148688
1601.176067330232172026
1627.639567226647159259
1656.260342433050709587
1687.236947102056092263
1716.362979246208169570
1734.676346716680427562
1721.995829883044962116
1739.103274136084110069
1849.545786516403268251
1974.806263634893184644
2115.284519085043939413
2310.492242722082210094
2820.677743101366559131
3779.865224690719060163
5227.115336904892501479
7074.251636492100260512
9168.358797345643324661
9534.388327196767932037
10197.028158511599031044
12286.934335953330446500
14206.393722575838182820
15916.407512794339709217
17397.828336933820537524
18644.081076274345832644
19656.517609124759474071
20441.760377374499512371
21010.200976480093231658
21375.278205700422404334
21553.120733484971424332
21562.310966107743297471
21423.761805134563473985
21160.792681447815994034
20799.242493073310470209
20367.432664637821289944
19895.977338673397753155
19417.539856591210991610
18966.319487685639614938
18577.189341512930695899
18284.425359307198959868
18120.087172547999216476
18112.260886910844419617
14171.626597373311597039
10485.751078253344530822
9894.330444662824447732
7851.825574715686343552
5310.174917846280550293
3279.061245749534919014
1805.726146690549512641
939.252966505037193201
537.737896208081451732
390.405159320212135299
278.423621556725720438
0.000000000000000000
0.000000000000000000
0.000000000000000000
0.000000000000000000
0.000000000000000000
0.000000000000000000
0.000000000000000000
289.108085467433966187
710.284180484712578618
236.764451717503362715
0.000000000000000000
0.000000000000000000
0.000000000000000000
0.000000000000000000
0.000000000000000000
0.000000000000000000
23.750558497994905593
298.966576547026534172
922.966977069228391883
1907.604172806169344767
3174.617723032392859750
4488.584653848896778072
4669.300071072360879043
5207.378783261337048316
6394.992042740107535792
7379.937761317255535687
8151.156290369996895606
8712.492859737891194527
9076.717945814347331179
9262.159054584408295341
9290.509031036866872455
9185.319200489419017686
8971.284567125447210856
8674.093322665252344450
8320.825697928225054056
7941.489126679905893980
7586.284740175235128845
7333.268904718977864832
7167.426616361443848291
7102.191606019120627025
7126.494224711661445326
7206.479562147414071660
7283.898542078818536538
7095.772074440425967623
6926.650017547639436089
6767.413240196747210575
6600.505025651447795099
6457.151547314233539510
6350.524426122607110301
6273.668451623942928563
6202.995726041122907191
6135.698728124180888699
6057.402139422062646190
6053.543412369703219156
6169.420746512620098656
6183.502877198564419814
6170.206890154397115111
6166.638228202671598410
6164.030376628573321796
6119.989498672060108220
5997.334305432310429751
5790.705003508884146868
5541.582442965949667268
5285.171595634465120384
5054.687231629279267509
4905.380293822776366142
4838.603575034196182969
4790.325487603462534025
4709.647415250003177789
4573.069094160297026974
4379.884060910205334949
4157.559122052947714110
3950.555473633729434368
3794.558171547979782190
3670.625587616113989498
3587.316757757229879644
3541.108362754360769031
3520.008439725465905212
3493.730394429405350820
4257.280848260625134571
4314.694539194449134811
4368.004422799289386603
4390.854918874830218556
4401.795113647044672689
4406.600860157923307270
4500.679538223646886763
4577.148083673334440391
4642.858316710337930999
4718.413694795463015907
4800.870131533595667861
4885.871042985989333829
4973.089067365452137892
5062.358234757157333661
5153.508391887666221010
5246.366266429802635685
5340.758787099133769516
5436.516367392025131267
5533.476224822647054680
5631.485889894439424097
5730.407175453205127269
5830.120587347739274264
5930.530767318082325801
6070.025604373550777382
6210.121545395680186630
6339.181367172585851222
6449.129882705115960562
6559.971025516219015117
6682.985000909476184461
6827.621444114787664148
6974.011013107424332702
7122.652607274116235203
7274.147157827871524205
7429.193246642857047846
7588.576590391467107111
8045.290819828122948820
8460.466025044228445040
8638.321093693417424220
8824.253425117381993914
9019.145762298803674639
9223.783828646779511473
9438.816819680749176769
9664.720819835993097513
9901.766905416709050769
10149.995361584009515354
10409.197068839650455629
10678.902741805115510942
10958.380362390824302565
11246.640853009515922167
11542.451789564800492371
11844.358754418875832926
12150.713767253530022572
12459.710097591285375529
12769.422647216133555048
13077.852983858854713617
13382.978001846558981924
13682.801068168992060237
13975.404373365212450153
14259.001027782935125288
14531.985216735736685223
14792.673352847707064939
14599.993809885456357733
14685.290718900212596054
14905.613857928070501657
15111.777828762051285594
15303.901252452924381942
15483.572767014431519783
15651.367254022410634207
15808.026500516196392709
15954.403094258259443450
16091.400611854111048160
16219.915211189876572462
16340.783680907379675773
16454.742265873956057476
16562.399282885689899558
16664.222861324331461219
16760.543356216454412788
16851.568368774642294738
16937.407142802338057663
17038.809536908793234034
17135.069837149429076817
17226.184793338787130779
17312.173478044653165853
17393.102946490569593152
17469.110652371084142942
17540.423690608367905952
17607.374532734022068325
17670.412161421147175133
17730.106745805278478656
17787.145614840093912790
17842.318565877765649930
17909.555133764726633672
18124.549731025370419957
18283.975062939553026808
18340.602435566503118025
18399.689159714413108304
18461.840256556446547620
18527.464582135384262074
18596.756210160128830466
18669.683102295937715098
18745.987950192396965576
18825.199493492425972363
18906.652209383199078729
18989.512413050182658480
19072.809024904014222557
19155.404051327186607523
19233.995811817694630008
19302.351882033992296783
19366.863894196565524908
19430.808686207587015815
19500.718403289971320191
19585.577944280605152017
19696.455132735274673905
19713.514658263895398704
19757.365483645589847583
19828.660854133519023890
19927.251224905117851449
20045.063275349169998663
20174.950094370920851361
20311.444410432108270470
20450.892400129563611699
20587.206090529325592797
20716.444305077475291910
20822.852970821179042105
20897.084235131915193051
20965.358323585140169598
21016.943932434205635218
21046.751968652828509221
21056.261650784865196329
21051.716578051953547401
21038.924664052789012203
21019.717486963454575744
20990.012477623418817529
20946.712956394152570283
20887.291375130756932776
20806.834676330661750399
20707.816792538706067717
20601.430561817862326279
20497.263762116268480895
20401.211763880677608540
20315.877000936125114094
20239.795755528706649784
20168.912046706569526577
20100.051682369678019313
20037.047430572965822648
19980.422710805170936510
19932.386591107526328415
19895.902466203453514026
19875.131908909639605554
4211.952490156083513284
