190.697737136717591966
47.101276022417550848
24.487132455292904609
18.905667481418998221
17.675272909714713876
16.962004351194362783
16.619231752510572164
16.376023443470227647
16.190329948170770535
16.040543914537842340
15.917728470739890057
15.815824361767729656
15.727974054127704662
15.649930098276426449
15.579164439437420242
15.514127052669172357
15.453859645655990462
15.397762857031926487
15.345448082873950568
15.296641788382551397
15.251118507520928347
15.208635204216916392
15.168250833172413294
15.127508874296008656
15.086866266689170857
15.052405121180889580
15.022405544385044607
14.995243420969297077
14.970409231234137692
14.947656453695996603
14.926799007620527249
14.907659566872389689
14.890027740581588844
14.873029644221796630
14.854228378159209711
14.833777198781218587
14.827850851858363157
14.744667800038770977
14.736070140277107043
14.725022498271478355
14.704343424634407356
14.690055590888883685
14.688009128202621056
14.685713554369874245
14.681848702048336364
14.675428223620215817
14.661960555118978888
14.653932571503762716
14.639213648686197899
14.631366807192160095
14.630015929964205412
