68.031609863000653604
68.627595373035831017
69.472192732201932586
70.364232978701849675
71.070286703627033376
71.540755120177465187
71.582767583327907346
71.563514309456536466
71.797407726071156731
72.315056823264299624
72.984383307273361652
73.696822816000661760
74.398479518223439300
74.995802414066517372
75.132171546179222332
74.584815253380284616
73.568516690150133286
72.724634504579597660
72.127668401853156865
71.315508622853883480
70.208683515677449805
69.148952725794089247
68.052518853162681012
66.767033776408553081
65.449633252986444631
63.808106725388569203
61.195513375483187701
57.484133314110493984
52.424186066305225040
45.669198773430366600
36.463640685929064489
25.656348012048937335
14.711909597579165165
4.450942859740479207
-5.382203022931918213
-14.869809357657544524
-23.633529502120893540
-31.626934536701952538
-39.391435202615042499
-46.853710903705859891
-53.501089878777889908
-58.670177120779982261
-62.477647715491087865
-65.214926470107258183
-67.397483295850150853
-69.351950846967383768
-70.890958190964312280
-71.567741998740331155
-71.349191191062686812
-70.447977280675701195
-68.697397701867998876
-65.404348298719867216
-60.693639410539248047
-54.641871568672598869
-47.971246871049999072
-41.399970098693955833
-35.512958443644436102
-30.281773978722782203
-24.896395265191529234
-18.298087338196751261
-10.774668642452297718
-3.307545465477033986
2.909513966134909424
7.853686891487427602
12.546864698816136752
18.228097699121605046
24.972045549101835604
31.844151938887023334
37.653540801052713505
41.943180351263237071
44.859771150433630282
46.669209366727358201
47.629798905430163813
48.064957234973604727
48.456830565373678610
49.094502704630031076
49.764509160404401200
49.915485094918210507
49.072006715461355952
46.963869074262191816
43.871978773958858255
40.885437062023413546
38.782902955753428387
37.240264348547270856
35.546968910949289011
32.970282498763822332
29.016493866854062844
23.864051858367531622
18.330350667916889051
13.041998556360994144
8.078052651580890142
3.423192893189366259
-0.932975200102077906
-4.937290541020558976
-8.552875923429041904
-11.762233491708855126
-14.525287578694076274
-16.941493899155432246
-19.175061168829756753
-21.220065667170445067
-22.865408169786121562
-23.920598677990369652
-24.323525040991569313
-24.213375787131155903
-23.959833922750362944
-23.908931542768243617
-24.214749652617740594
-24.725269402450010148
-25.094337107511137219
-25.091934199089223512
-24.776799903998607988
-24.435719690189671383
-24.415316955823413991
-24.870575680879881020
-25.701439863867904023
-26.815347991885232659
-28.144857453578310924
-29.570645003114009342
-30.997583733063095224
-32.400894337143881785
-33.787323881123825231
-35.119690908055702039
-36.265121626942573130
-37.012291187151788563
-37.358028148381265510
-37.546387889971299501
-37.616484028965089692
-37.507923392279053587
-37.270860864577400662
-37.061404445187122292
-37.019363510860500810
-37.155143951117622692
-37.337676262209640754
-37.379709800498687855
-37.100779498724421046
-36.387286637464967498
-35.292776877808421432
-34.035648764755876527
-32.864305400317164185
-31.941399485410443049
-31.299899328545336630
-30.851505864583714356
-30.451649098108191538
-29.997736819166846090
-29.472891086786319192
-28.894390819217676381
-28.303110991683240627
-27.767371610721113484
-27.358610919885734347
