67.048412691880542980
68.085676242131782487
69.314294732930122223
70.158311984827093966
70.135038299954800323
69.640850977455031057
70.386900137194785998
70.998349141519923933
71.506330062005943660
72.163224141996323624
72.930585605401574867
73.770685534571398989
74.846736372045057806
76.282243825615523747
76.581107549527672518
75.922392479691581002
74.781174829390494097
73.933587088020942701
73.316722084925203262
72.072544673002184368
71.269530888093655108
68.708979928348767885
66.361277498183881107
66.405531405938347689
65.829168939954726625
64.192733684551257056
61.664536943484762332
58.409564311160750094
54.162247582446909178
48.211536170633564780
39.248894677527900399
27.985193737165559469
16.033223626096571479
4.526993645346806261
-6.457516543657419561
-16.808993287354923041
-26.110836667005941081
-34.359365685642075050
-42.153040632412285049
-49.474641816303687847
-55.871465237214124500
-60.740182377086568977
-64.248560266417939602
-66.724702701269990257
-68.705886436241684123
-70.527830709389547792
-72.002225177986389326
-72.673627060962616042
-72.494168088895577284
-71.656832710653674212
-69.971150228557434048
-66.716954537297539218
-61.989664827711095541
-55.835544469495033582
-48.947559777176365969
-42.018739859855656960
-35.616996985797754860
-29.710507567969585807
-23.506115757730640325
-15.988538320711711549
-7.517310839585121585
0.834323533686102792
7.771542948160799824
13.147924862974718963
17.795559030567062564
22.707827713441020023
27.874131460286463380
32.729485411659766214
36.739234681984896724
39.809361257548289359
42.060895064541455213
43.615122938964219657
44.607724109302068882
45.278501659413763036
46.057725669641826016
47.207407994924523109
48.488119214707467108
49.241674918226465252
48.850506110305218499
47.087055428510808497
44.324095116460028976
41.682784309289246494
39.941447251582417266
38.780301297840168218
37.518300759590260895
35.479673501504294109
32.198496786048991680
27.647225230015465058
22.198107149913965941
16.302948634740289435
10.270087836989432617
4.416542998447653190
-1.064745657661660516
-6.054955913826972846
-10.491441691586203433
-14.323296845179413594
-17.486059227955138340
-20.080993973679767350
-22.295977396276498439
-24.157357601879255071
-25.485343875125920476
-26.117368756639564253
-26.018258200527384361
-25.356563673959669813
-24.535338938271479492
-23.936798984886991093
-23.750644045355386424
-23.855423679181910757
-23.925919472271175437
-23.740423948840600588
-23.354126402439533194
-23.042796678854244874
-23.138820352558866489
-23.779862818321191753
-24.842187259240574804
-26.202062228722013515
-27.758906649556251978
-29.368038123013263885
-30.923877406520830391
-32.406894387283102787
-33.841061255777617589
-35.213182423495368312
-36.414720612614701167
-37.250130600630086519
-37.714412088410938395
-38.030279286111920101
-38.204684358111137499
-38.148011425621461967
-37.895130541682021885
-37.604526001816282132
-37.432748741976411111
-37.414834843289156652
-37.446157996484998876
-37.363067694321728140
-37.001892603684837013
-36.255139239958566577
-35.169531900540619063
-33.946319191189502362
-32.813768255842148847
-31.918986744444225678
-31.288055667989908670
-30.834352831452065402
-30.420059473645778780
-29.949388960329144993
-29.409002571078474375
-28.816315155547158611
-28.210261212077455184
-27.657101916394822183
-27.228307603734776876
