211.306365784598199298
59.694317327000966600
38.973999295501144502
36.821859500758748140
36.380062864026385228
35.702546653706505708
35.620252374482682001
35.565016865200121288
35.462810176128144235
35.212435523284533190
35.177932539480437413
35.151991213508011924
35.125103059971834796
35.064632626585797937
34.860963455507558706
34.813344993805053207
34.761880778398698055
34.705631535264053866
34.650012464798173539
34.397147726540900692
34.007192093061362925
33.844600873014897502
33.768513456855949073
33.735454749993685652
33.722271276334915058
33.717842864977576767
