60.693669740681436053
63.811472426976145300
66.812396393255411908
68.480680356376851137
68.834889472434014124
68.495314672579070248
68.904047068916412400
68.892253515614726211
68.803444414930481798
68.892196926652019329
69.099726919533608793
69.367461524965648323
69.687145398474015678
69.976883981710059857
69.845239540043621673
69.061787252305236962
67.927197256077960219
67.214884760596333990
67.011380453611110397
66.753392726758008280
66.296081791128159466
65.858994711130264932
65.143197456285008684
65.388021836339248694
65.033387176092219306
63.871120539141344352
61.460247966865935609
57.652174880546354530
52.118163590496891402
44.669951829485398775
34.905224636052338383
23.705840479149856037
12.406225263618125609
1.862210838815400393
-7.993746833455219303
-17.063898598472178492
-24.879719659528149123
-31.408121272802105750
-37.287912444961733627
-42.593484316482289387
-46.973570816783507098
-49.911613907075718544
-51.642420872889459815
-52.544651735245082591
-53.194088982071804139
-53.956144109200863568
-54.665135138187224584
-54.881791635173300392
-54.567863756785470741
-53.918952061433515155
-52.739648611384666310
-50.296802508575524371
-46.664453685562278906
-41.858915778269960128
-36.534571288583180149
-31.337122682015177588
-26.778028025264745793
-22.759102465385353753
-18.410369302272840741
-12.631867721906019142
-5.704006811570991431
1.337659213103052025
7.132700358045468647
11.305507377091430499
14.367400279632306592
17.342633640359679248
20.816850659817674796
24.630208086400983802
28.030739326604503958
30.547206025719930267
32.196878945407632955
33.155653394684549085
33.610047765281052534
33.818422123014926228
34.198235592636478941
34.966955825535904978
35.840334304845725910
36.275061307931565580
35.993200712853251844
34.951355084219756009
33.330780438322705095
31.884440091816827589
31.235219523534823338
31.061760010008526933
30.665988626082025803
29.323518320790270764
26.597197677835310969
22.647606900770455240
18.016711173516341660
13.158556910434128895
8.264427175311254814
3.544221933717494721
-0.826441140153235665
-4.690771409556759863
-7.981073722800090309
-10.701393450071520874
-12.866489127239447043
-14.646549430004313308
-16.276396984718473959
-17.808179821320152314
-19.069949136632601494
-19.891181848296469070
-20.214156037781208397
-20.171361368653265345
-20.117794630758851326
-20.377881238174779810
-21.077334760873043251
-22.030377511967458304
-22.855850886956545764
-23.293872606088370958
-23.384142900653955621
-23.406613027263063032
-23.709017732523022914
-24.448197452265162610
-25.521651523885395818
-26.830046565904012823
-28.298235058845762069
-29.802012375121762489
-31.246547884341111967
-32.612676325431152691
-33.915959262966623555
-35.128321242115418954
-36.125150729497022439
-36.704487693326370845
-36.876182015648566903
-36.900020541849698930
-36.829859688467422529
-36.617317290444077571
-36.322630011949399886
-36.109771434399135615
-36.121157997643251747
-36.360833872068326400
-36.681163280952944206
-36.870979004061268824
-36.725156200714422994
-36.113177435012630667
-35.085901997850839962
-33.873202963661810827
-32.741782503531226212
-31.869421414348323651
-31.293901348758481618
-30.919949635616433170
-30.588437415207067716
-30.181882351878527970
-29.674128893394652096
-29.081038482106407628
-28.449522527630392688
-27.859160104874092667
-27.393820657082017078
