862.861257706136029810
735.334415577230060990
687.488523206392187603
651.583302278782639405
616.516653155265885289
611.233356901010211004
488.288928499886878853
403.816786859099238427
347.259116718193979523
307.528592182317254355
268.299609795456717620
211.544647806353935948
123.277979393062366853
0.000000003294084335
0.000000000000692516
0.000000000000000000
0.000000000000000000
0.000000000000000000
0.000000000000000000
0.000000002437007215
0.000000000000000000
258.395017603954215701
569.276291060847938752
417.399626618422928459
391.261904131235894511
447.818179041233463522
538.159141243606882199
674.023044139534476926
863.935025543604979248
1139.936668521926776521
1485.052824208859419741
2757.777405259624629252
4741.311275531486899126
6189.774026605668950651
6807.581119098606905027
7245.279559912444710790
7671.551521068155125249
8157.344046171459922334
9737.763025119274971075
12130.171558670459489804
14146.276929605448458460
15816.969977199400091195
17182.889609824043873232
18278.262577510336996056
19131.579192809185769875
19766.286426748716621660
20201.206175598930713022
20450.721003355487482622
20524.861433848953311099
20429.344504772980144480
20165.527723420731490478
19730.281848990154685453
19115.738558353885309771
18308.934641681193170371
17291.261518467028508894
16037.877311281949005206
14517.095590424150941544
12689.929403750051278621
10516.279913341397332260
8372.173021465994679602
7715.806105973915691720
7305.302182477109454339
6709.671351956893886381
5883.258114860080240760
4715.703064992339022865
2808.930997250116888608
853.826830464977774682
1.543681711615333185
0.000000000000000000
0.000000000000000000
0.000000000000000000
0.000000000000000000
0.000000000000000000
0.000000000000000000
0.000000000000000000
0.000000000000000000
0.000000000000001420
22.435042706481805652
530.827289696766797533
46.838024683497586409
0.000000283372194718
0.000000000000000000
0.000000000000000000
0.000000000000000000
0.000000000000000000
0.000000000000000253
2.203558929630925700
705.890571832992236523
2095.168410309373484779
3297.215936170275654149
3850.166069093638270715
4250.545953325570735615
4613.857330551694758469
4979.600609669450022921
5406.631714300843668752
6170.777010272836378135
7447.951940058404943557
8621.944632744949558401
9397.896095352673000889
9767.191927979734828114
9780.208506897515690071
9502.144813920669548679
9026.289468753440814908
8518.863773225957629620
8135.107309525856180699
7841.721376903992677398
7524.125493057710627909
7171.549263606827480544
6860.037794716322423483
6645.829748176612156385
6519.476051899448975746
6439.474943751146383875
6336.422783010521015967
6174.774882207721020677
6023.398829876842683007
5882.484138283829452121
5735.272358566095135757
5610.315754264483075531
5517.898886146404038300
5449.199958135450287955
5379.141222889602431678
5303.481078305355367775
5206.743438401270395843
5178.402044526686040626
5271.968290422988502542
5266.300173854880995350
5240.847908087063842686
5231.997415291739343957
5227.966385136626740859
5184.301919962417741772
5063.234427716621212312
4859.543968384328763932
4615.138340854337911878
4365.381994649852458679
4142.685839853303150448
4000.622599363069639367
3939.226213306146746618
3894.957660202690476581
3818.421936113080391806
3687.047692033954263024
3499.865639546462261933
3283.489709523300462024
3081.742953460960961820
2929.928891816060968267
2808.792767915120293765
2726.786831779365002149
2681.038864687986460922
2661.516481998959989141
2642.324252133032132406
2876.298937921729248046
2882.590920279393685632
2865.535373768419049156
2855.291463570278665429
2868.473769329016249685
2909.542296344286569365
2883.676570571338288573
2874.672938609242464736
2870.850340079322904785
2867.272622312947532919
2865.738749722270767961
2868.708419211014188477
2876.998617552950690879
2900.370097569684276095
2935.991422291534036049
2974.830306148519412091
3016.351477750767571706
3058.675700916413461528
3100.013505910946605582
3143.898777529621838767
3195.006795032093577902
3334.492850958542021544
3506.801371411170293868
3469.481539241750851943
3491.222162876863421843
3553.697049543310185982
3646.681532978522682242
3758.817169817599278758
3886.543653627793901251
4034.423370495170274808
4235.340621021195147478
4399.122032741865950811
4576.753633701150647539
4933.389692908608594735
5478.525811392643845465
6075.153904127439091098
6663.998595609175936261
7206.097506886028895678
7516.497367949598810810
7638.211293008659595216
7770.405256064274908567
7916.598405965632082371
8077.560691137025969510
8253.910700293325135135
8446.120153433917948860
8654.520429747924936237
8879.313777087219932582
9120.587073843445978127
9378.325752151960841729
9652.425424319988451316
9942.698893113692975021
10248.876571611530380324
10570.598881803784024669
10907.399938751843365026
11258.682727751318452647
11623.687016791396672488
12001.452337407619779697
12390.773919877188745886
12789.131962407491300837
13126.027119705448058085
13160.820939276392891770
13104.942217741860076785
13050.881842483149739564
13036.089860154699636041
13113.022983037632002379
13382.729193209868753911
13765.594743216202914482
14137.446732044147211127
14495.207477362931967946
14836.695372200760175474
15159.969477461079804925
15463.331609131329969387
15745.333121638575903489
16004.770254368824680569
16240.672050905252035591
16452.284739177826850209
16639.055932221614057198
16800.621205936680780724
16936.794831090024672449
17067.050195490097394213
17172.045028563446976477
17252.107674093411333160
17307.769536746189260157
17339.789996618044824572
17349.198941111135354731
17337.603052841204771539
17308.034371275723970030
17276.408280715531873284
17277.078896408333093859
17403.280320247471536277
17682.038827021668112138
18016.975222184049926000
18358.022916166868526489
18667.405335213949001627
18912.214639739871927304
19042.011760137640521862
19032.066349993889161851
18970.225580782564065885
18904.943093074001808418
18846.659224138369609136
18797.026220095896860585
18755.024558671000704635
18715.691527765022328822
18664.657084085771202808
18588.927896105105901370
18499.333793751648045145
18416.540947719880932709
18347.422486478004429955
18287.352226619408611441
18233.803210762409435119
18192.018069427416776307
18170.460473318747972371
18180.068640581543149892
18226.241084844303259160
18299.709718093428818975
18398.482459972856304375
18521.271741548971476732
18659.736196076497435570
18806.885854190564714372
18957.595800375580438413
19108.712379917156795273
19254.744389821444201516
19392.341622252970410045
19505.683322524939285358
19584.826779177838034229
19656.419013085716869682
19709.565066165665484732
19739.746390494310617214
19749.257675455308344681
19744.930381620521075092
19732.830669400911574485
19714.804256997489574132
19686.610091908827598672
19644.935276919462921796
19587.146663494600943523
19508.415779427134111756
19411.396633988093526568
19307.361924676573835313
19205.895541586261970224
19112.893640820209839148
19030.945803990714921383
18958.439709779311669990
18890.962992664179182611
18824.888861352330422960
18763.703078149992506951
18707.827643010419706115
18659.628894260935339844
18622.343943560950719984
18600.090439310562942410
4725.843752706597115321
