2913.267906671986565925
2913.267906671986565925
459.286717201938017752
369.200295576106327644
297.326283858331066767
209.245698277951561295
194.951738586470128212
191.945345936015485222
191.647849615999518846
191.436439443741420519
191.274614807928287519
191.187161380459002658
191.065291185401406437
190.979400856152182087
190.923535698674356809
190.894105487776499785
190.834930378991714406
190.806261344934114277
190.800762413996181976
190.778974723203361918
190.764325292006901691
190.755556156848967930
190.742007496661415189
190.737862592411801188
190.726559647181261425
190.724769307997775059
190.718223005858703800
190.715161093595042985
190.711052887779629827
190.700328729434517072
190.697737136717591966
