63.695396782997136143
65.931984553282930506
68.032705110677639482
69.238883609812376108
69.431210769430052210
69.083811281610408628
69.603173598453963677
69.831516884049207761
69.947270671243046536
70.208299713391980390
70.575263874121318963
70.995390423149174808
71.459100120330319328
71.881005878174534018
71.866526220260908531
71.179522677841390532
70.109141221413892708
69.406645728201965539
69.105291983271797562
68.456282604430867877
66.599455472354662788
62.983682394387493275
60.374159021972992889
61.513238939998338140
63.406478279859079805
63.614260212949233164
61.696622529296163862
57.915255021278767344
52.209972584845431243
44.565547031806900691
34.678596669554977439
23.486181882660631004
12.310251611330727428
1.963959530615738913
-7.657177669015169386
-16.478677982152987624
-24.045957635602945857
-30.334773775412770647
-35.990135856484783972
-41.091162108817997023
-45.290428692223912321
-48.074650605807420334
-49.681504877704384171
-50.492201068351704407
-51.084802462913103227
-51.826784664572016936
-52.554372166403652500
-52.830091640012426524
-52.617384286753889455
-52.113352245173786059
-51.123687733701871139
-48.915563385049438239
-45.562010376410682966
-41.076282086498082435
-36.106840836188894173
-31.289865346404980073
-27.123241602691507524
-23.491281262744934111
-19.503423693859502919
-14.037559544503579900
-7.352171610122468337
-0.462551255516814308
5.288763316255511882
9.540638158010636971
12.806933765872344111
16.065760153544204059
19.789971056766546553
23.720551977047790615
27.102585505417636114
29.545716238590813418
31.117820878634034898
32.005422165089726150
32.402776166345631736
32.585116790835570555
33.002098490237671058
33.925074142016768519
35.117292968588060376
35.921138815742693851
35.735452376577995892
34.341561189154589329
32.070751130734294065
30.036087192735493545
29.024816493554567387
28.713331217680490681
28.411694382175937790
27.431441377905287027
25.287452926621341476
21.937199443999674031
17.747922528367382711
13.129999097998165780
8.306519939892041293
3.532579839945071853
-0.979792899117114757
-5.046930398654524197
-8.580370940009174774
-11.566582474531571734
-14.004262214568086620
-16.048357416739349901
-17.919189411858610583
-19.655138687205521819
-21.070788461210042897
-21.981625908001603875
-22.314824800931717164
-22.187083756109700516
-21.938898521785063167
-21.884973580554628825
-22.150417329988385973
-22.562084605413929239
-22.767615525687631362
-22.553252667084166205
-22.020789956451380931
-21.521780977662785972
-21.469415851723852029
-22.057125758533231874
-23.175944834284337048
-24.684984190827378825
-26.454166348710032253
-28.308843134771336736
-30.115681481850458567
-31.829684629971097820
-33.452161578176117018
-34.951013377497304191
-36.204834999715615140
-37.016323289922354434
-37.395686848705736338
-37.598033283147515249
-37.670902877614082627
-37.559434304658850579
-37.315939961309709361
-37.095741052449795916
-37.036779549734035299
-37.148997388844975376
-37.304010681058855425
-37.320518224511147309
-37.025480071802917337
-36.310646968991363792
-35.229077992370946504
-33.991964581766183073
-32.836999264006294652
-31.917570484729026248
-31.262580290372284253
-30.786019565564117784
-30.350162290915875474
-29.860102310684624172
-29.304848561548340058
-28.705780468190084775
-28.106942752030249721
-27.579542140412172557
-27.197752619827042508
