66.812928480932242792
67.793419825934250866
69.010054629962979789
70.268819599062311454
71.439081786830413989
72.211740417404882919
71.723288727387853214
71.202162577329133342
71.323678474622511203
71.980412473741466783
72.868926366814889661
73.791739925128354116
74.672605122114248388
75.389428788309601259
75.517289115156529533
74.806610277976872680
73.564828731202510426
72.592480127953635360
72.014853537010182549
71.322845928763328516
70.450440038940868703
69.769312468477323819
69.010550081007721701
67.688508007301081193
66.082630970291518224
64.256239378910265714
61.736130156429965155
58.422747622385557520
53.965174307014294186
47.769949808475502095
38.808083799460476371
27.784633650213294231
16.107341578329936738
4.728482364433688190
-6.329336066840653530
-16.879875159925461503
-26.371939307794150409
-34.698235243303940933
-42.431819472955908168
-49.588758990437810326
-55.766095492923199117
-60.401848860045191714
-63.691523740314778479
-65.980465540252481560
-67.816992551870896477
-69.544822207232073197
-70.982364687606121834
-71.680300745851752708
-71.596211757280315169
-70.927239849579365227
-69.484738722342086703
-66.546643213074929690
-62.201102705680654026
-56.480000716052671805
-50.053261623388664248
-43.581242630764648993
-37.589629221601910558
-31.996383158295941485
-25.953802038547536313
-18.395102153759268049
-9.646565489555086970
-0.793632592666853043
6.781767602574831244
12.773773750913818503
17.845366110509445434
22.916194906209057081
28.075477114726112404
32.974475615778203519
37.192169904190080842
40.529868489116068986
42.975696055644505122
44.621746517390818099
45.635114511779505619
46.285703118860709537
47.010727401337476294
48.067274270202432263
49.236933193629880634
49.925880088415226510
49.499188096073851284
47.633102219203095729
44.787483689730436254
42.129809591259260060
40.385990111483522469
39.192088567175375147
37.838421214417252258
35.644777687248279108
32.212276844780518559
27.625061125951731356
22.271744109262726852
16.495382089663053193
10.474590338191717365
4.482422334658565433
-1.215987147088185338
-6.381055773856928681
-10.879645556968341680
-14.667041198763740795
-17.722357254558289696
-20.190266684743335190
-22.288632126240997877
-24.060977765380414439
-25.335847331905824831
-25.953454055396719014
-25.877694216426903040
-25.273025783307957681
-24.534814530489882145
-24.033104571959825080
-23.940607741375345086
-24.115804166596433333
-24.215000220740535042
-24.005375778021800670
-23.541103385880717269
-23.105134772494750450
-23.042641709978340714
-23.510879588883369706
-24.415322052614271797
-25.668306420757119213
-27.201320510841014766
-28.885133753907382470
-30.606877309815786248
-32.319144397423656301
-34.003683613525709006
-35.597874786124293678
-36.946182214090129037
-37.822817763562625260
-38.222961083715347286
-38.401126677290847056
-38.413990356098906886
-38.221985283866388272
-37.897710049275644906
-37.618215965027104630
-37.536689802325497567
-37.663266214631619277
-37.851123441070626541
-37.886461745384167443
-37.561968047188088349
-36.749829649516982499
-35.511250668827074151
-34.093204717792218617
-32.781529081641451739
-31.768571108239143541
-31.096646777940975426
-30.663100557986751937
-30.291931125053508822
-29.844792347502391294
-29.276770688826786682
-28.591555869493163300
-27.832309623277865285
-27.082419191487758781
-26.434173535755007833
