68.018608557448473562
68.634801133383732008
69.489632968437092586
70.381829961968549014
71.083679265387161195
71.549963609378011142
71.587537469667807954
71.561629809379780909
71.784028458451786037
72.285695990486772189
72.939220213887807631
73.645495249747909838
74.362195579022227321
74.999065251896368522
75.181467241754319275
74.655360582592678043
73.619905124382299277
72.722115092205427800
72.048745518992745929
71.166930513291248417
70.077112314181988495
69.213642885572809860
68.455628437300035216
67.485535824864925303
66.150969696637986317
64.360025137307317777
61.741694131858423589
58.254945953304627437
53.551752448701591902
46.980585949659896983
37.446019289138760655
25.878039769843539375
14.172087995934617766
3.394182119487794580
-6.701966857113603737
-16.267370287765800185
-24.995109567208572798
-32.886515980752989208
-40.507885539905629457
-47.799133866378241464
-54.259006852939194232
-59.237174882464643133
-62.863766237646672153
-65.441815356813094695
-67.495402588119418397
-69.356743957693765879
-70.841494699245373567
-71.503843951492086717
-71.309850886659461366
-70.469638429925197443
-68.812109005907103665
-65.637669296891260728
-61.062280932689020574
-55.151198814072898813
-48.612961263824956859
-42.150467364121510627
-36.332899690217061561
-31.117099502586228255
-25.680250603117031005
-18.952242543829527222
-11.208998379148368940
-3.418472261547094604
3.234670712573176843
8.709287153746402055
13.932698325439645259
19.932654645880433009
26.547018689765764066
32.868701647120531106
38.082292549245522650
41.992893063261448106
44.719511092774212102
46.449772392149156985
47.401238626631368334
47.871717515295472367
48.322158244849163111
49.020722581469044599
49.736701328304093295
49.930659717066475878
49.172392271454071988
47.227716885627330612
44.375491530545701835
41.625032382682007892
39.709583675348596898
38.311978229441535859
36.737741973023616993
34.266916574555722264
30.382673582638176413
25.128837662548477283
19.215177104486457438
13.454644023153605303
8.148532176819344386
3.327928759922485824
-1.079798356289131789
-5.101123147144789982
-8.753954579532489788
-12.040641586544722941
-14.910600117217086336
-17.435309195250454195
-19.749214549589510170
-21.826714717145648592
-23.451748829307575761
-24.441912109891575255
-24.751142759211461453
-24.536912075868883676
-24.184941111387672663
-24.052659072266862950
-24.300379833739214064
-24.777707189442139679
-25.136370831677993465
-25.141352182119874215
-24.844433784415627997
-24.524714515534526527
-24.521976226424158085
-24.986736342371841602
-25.817577051632383700
-26.923191717109546062
-28.238766541360632800
-29.647814289784548691
-31.057584259524446679
-32.444974326778094564
-33.817673003239860918
-35.138750455680451523
-36.275048897673173087
-37.014735743864889628
-37.354246220780453314
-37.537451918848944388
-37.603374971428650042
-37.491610701806848738
-37.252499947058652197
-37.042522222271429655
-37.001800986319267395
-37.140678019121196485
-37.327461908551299530
-37.373801306079144524
-37.097994243004336568
-36.385605922265767731
-35.290234610417201111
-34.031273454314884930
-32.858571282580214756
-31.935979896567971537
-31.296912555121139121
-30.852630726557663365
-30.457511202642990611
-30.007803873400803241
-29.485759339178002847
-28.908161316459768386
-28.315725056751034572
-27.776876492313022027
-27.363308143188874055
