2475.001337747469278838
2404.963166250624908571
2344.920547240672476619
2268.541392620828446525
2075.670430689966451610
1617.840704104371070571
2039.696264502704252664
2176.772176876216690289
2162.326204716574920894
2097.401875730226947780
2031.942342905177838475
1978.792131116922064393
1936.481776639772533599
1904.877763132610652974
1889.325514744365364095
1894.329180052708579751
1916.501557398687964451
1949.379662199794665867
1988.163534758396735924
2026.392340009402687429
2047.769460079528471397
2021.016500514164135893
1907.729982683164507762
2071.398902030023236875
2148.966215131417357043
2180.808416918940565665
2205.813240290314297454
2259.493307074425501924
2387.681876046857723850
2664.560967659815560182
3192.177840860755622998
4059.122809777315069368
5283.249758642130473163
6803.097779720916150836
8515.480503687878808705
10313.344685319971176796
12105.847712028509704396
13823.917210457731925999
15418.602651287661501556
16857.353272124379145680
18120.240574248018674552
19196.714961603061965434
20083.048625100229401141
20780.626284351666981820
21294.827913578592415433
21634.398868987023888621
21811.061853081537265098
21839.201373260617401684
21735.629038478709844640
21519.519658614783111261
21212.383933008452004287
20837.910642777700559236
20421.673970661657222081
19990.812560662456235150
19573.495289045484241797
19198.139839493607723853
18892.369865763204870746
18681.824001205841341289
18589.039939222937391605
15474.373255669415812008
12540.451382819934224244
9834.965737155956958304
7406.571422466986405198
5302.957042884559086815
3568.912858739498005889
2237.981580441947699001
1366.500779571611701613
886.646317139806455998
677.912205066172532497
618.468192877831825172
620.315524283623858537
633.283677738156029591
634.425746629500395102
617.238920072389646521
587.072354824247895522
562.704587134830148898
579.866281250481392817
688.205647329589851324
932.346397618791456807
663.441973621306146924
524.149586184991221671
465.296124684242840885
436.047026928726040751
405.460054454543580960
373.981514606730229389
379.218709934445826093
494.146517182712898375
807.392775052412275727
1381.528038192195708689
2214.419844634928722371
3238.296152360212545318
4353.664182483778859023
5465.996671952068936662
6503.456048733784882643
7419.093454072173699387
8186.467509190426426358
8794.311485579173677252
9241.928860418358453899
9536.064903083226454328
9688.804514106019269093
9715.933118232465858455
9635.594554224344392424
9467.411459114728131681
9231.890614939613442402
8950.042259959105649614
8643.163871138052854803
8332.615032135103319888
8039.506301535928287194
7784.163271178689683438
7585.291615777010520105
7458.775090587040722312
7416.173691921638237545
7463.335405457221895631
7117.961483849832802662
6858.599323699227170437
6676.364907513770958758
6558.305726008942656335
6489.542499155676523515
6455.311740981685943552
6442.401105223952072265
6439.896211346068412240
6439.359085090914049943
6434.612220553297447623
6421.336937949902676337
6396.583821573965906282
6358.379508224339588196
6305.573645213073177729
6237.650267068976063456
6154.664478796516050352
6057.264527067956805695
5946.746220816741697490
5825.077715612315842009
5694.848291174513178703
5559.124415609556308482
5421.235802645256626420
5284.511240232291129360
5152.000743718715057184
5026.215067143838496122
4908.901595428154905676
4800.912207666371614323
4702.211263394266097748
4612.036810484540183097
4529.193298144805339689
4452.421456744843453635
4380.777936034492995532
4313.951660014338813198
4252.401064275044518581
4197.168296175906107237
4149.289503797774159466
3843.292157799929555040
3904.305729737234742061
3968.547507293056696653
4036.100874601418126986
4107.030684357503560022
4181.380916559806792066
4259.173012601753725903
4340.405045824280932720
4425.051818435315908573
4513.065887497741641710
4604.379432234310115746
4698.906799257273632975
4796.547510868115750782
4897.189505498011385498
5000.712396190794606810
5106.990582031488884240
5215.896116520127179683
5327.301320803127964609
5441.081215242684265831
5557.115923591061800835
5675.293269679489640112
5795.511830442006612429
5917.684720894235397282
6054.505003109416065854
6193.168959895528132620
6333.665649916132679209
6476.024576268601776974
6620.324857593808701495
6766.704750635342861642
6915.370798492890571652
7066.605694310210310505
7220.773829987621866167
7378.323474912912388390
7539.784621916440300993
7705.761754343915526988
7876.921115831463794166
8053.972471349500665383
8237.645787020375792054
8428.663675180912832730
8627.710801434721361147
8835.401696100099798059
9052.248539924226861331
9278.630499829216205399
9514.766094536022137618
9760.689893738692262559
10016.234624042645009467
10281.019495346125040669
10554.445289610974214156
10835.696481927936474676
11123.750400630900912802
11417.393180316228608717
11715.242021817595741595
12015.773051552074321080
12317.353872500842044246
12618.279728787250860478
12916.812076705025901902
13211.218273773305554641
13499.811071770533089875
13780.986625761839604820
14053.259798188955755904
14315.295623001002240926
14565.935877224492287496
14804.219774686778691830
15029.397858401356643299
15240.938271062135754619
15438.524795439301669830
15623.277123368610773468
15795.263808407295073266
15954.700183792656389414
16101.920744752476821304
16237.349205273059851606
16361.468740735503160977
16474.794826792971434770
16577.852625862476998009
16671.160153558943420649
16755.217623355445539346
16830.502576394588686526
16897.469793566662701778
16956.554659746070683468
17067.182646300258056726
17170.756564681214513257
17267.683185462159599410
17358.376752769814629573
17443.267438533508538967
17522.811058130657329457
17597.499988993906299584
17667.874510654830373824
17734.532929464588960400
17798.138165970831323648
17859.418266963904898148
17919.158736281351593789
17978.185645660545560531
18037.339972241636132821
18097.445156321260583354
18159.271099874782521510
18223.498454797900194535
18290.686974455060408218
18361.251006236085231649
18435.444102270001167199
18513.353490010227687890
18594.904018684967013542
18679.870349799413816072
18767.895665538500907132
18858.515014994216471678
18951.181529361565480940
19045.294000999834679533
19140.224626099283341318
19235.345958665398939047
19330.056264531947817886
19423.802491087466478348
19516.100028910324908793
19606.548405824079964077
19694.842105864074255805
19729.506586635146959452
19761.714519129709515255
19791.462134401906951098
19818.826865623377671000
19843.952430327251931885
19867.032145868928637356
19888.291958453166444087
19907.974475053051719442
19926.324955364601919428
19943.579830043127003592
19959.957936902657820610
19975.654368403724220116
19990.836630082489136839
20005.642722887620038819
20020.180762258747563465
20034.529799549258314073
20048.741588244520244189
20062.843105325904616620
20076.839682658261153847
20090.718615305169805652
20104.453100011724018259
20118.006326388822344597
20131.335511036177194910
20144.395649119116569636
20157.142766908582416363
20169.536497511839115759
20181.541872476693242788
20193.130310833999828901
20204.279881973157898756
20214.975003989751712652
20225.205792714539711596
20234.967289713669742923
20244.258763369867665460
20253.083202168956631795
20261.447021751861029770
20269.359920814058568794
4788.020607600846233254
