66.909521754372889291
67.851716635449662363
69.032127763243281038
70.220826411752256035
71.283697661767291720
71.994318999764487899
71.569492721444532890
71.154012472446055426
71.343355014462957797
72.021769084591596766
72.903129957646541470
73.811000086506538764
74.682091245022874659
75.396848283456790796
75.526722505984068334
74.820319787548868362
73.590036744519096601
72.640691523711723221
72.085284461268201994
71.370862656321918394
70.360462712724142875
69.399099601617763255
68.437062774583438340
67.307832026030027350
65.962371950782099361
64.252525902966070248
61.742429869790413477
58.421353445906049728
54.002772015792714910
47.894013091651856939
39.013177918529564181
28.046084448030754288
16.399541373172439762
5.023108402702376907
-6.062490749932464951
-16.669896623622747711
-26.244497353733208911
-34.674133002990004115
-42.526195307747371999
-49.810716245282037562
-56.118571175093791226
-60.881562122540515247
-64.288854224117926606
-66.679165396479959327
-68.593744577540405771
-70.368770854164125694
-71.814819972254298364
-72.474843471385753446
-72.299436289057183558
-71.480376916569412060
-69.826402859553212465
-66.616924528242662973
-61.947132375378259894
-55.862916569360947960
-49.056141454578693128
-42.217050476808111625
-35.907607620972811446
-30.084815091498001038
-23.936938731726485230
-16.422527749488409654
-7.874337621791084985
0.641992615322692473
7.795227395698162809
13.359002535148277957
18.086901403468971239
22.957173632578957267
28.036849406119785044
32.875917485646738214
36.958280357076063183
40.099297116136284558
42.376901409712559143
43.922821421570120037
44.886588474155814765
45.516349710411276419
46.246941987826602372
47.342693088217259856
48.566221103704606321
49.266651480864510404
48.835454080711855340
47.040115010572634446
44.246708929036174140
41.578705505638595241
39.819069997015901663
38.652322496259387208
37.403321911973563374
35.406135473553518977
32.211049804002954033
27.801759174295568755
22.519697746453800846
16.730562223977329950
10.655482122640250964
4.599327470291825648
-1.156542643874217902
-6.367038757715931752
-10.898998050315128694
-14.709868360305563328
-17.781452467477890877
-20.260924813181020454
-22.368182122604878259
-24.148168336947094303
-25.430085173810141441
-26.053855245787815420
-25.981930273561204103
-25.376018725925348463
-24.627464647153260557
-24.101421457692538297
-23.965835176146583763
-24.076300793909865661
-24.090579357162141605
-23.784209311708536916
-23.227807844205301535
-22.726383967463164026
-22.645214052696530871
-23.149697435818950453
-24.136237138622675502
-25.495193708765100382
-27.133362347218962896
-28.902800929997169987
-30.681472796719504004
-32.421537315331875106
-34.110112342979618916
-35.692525148805884783
-37.021218542630947468
-37.876849346188066647
-38.258848607071627157
-38.423793660282683504
-38.428638567212033195
-38.232887995564340144
-37.907596047492972957
-37.628159270696130534
-37.546372173380689219
-37.671466181182836408
-37.856294015716741796
-37.887279777831679439
-37.557764732613748038
-36.740839372994116729
-35.498642448243060699
-34.078888543986067816
-32.767762196907199268
-31.757429365428777146
-31.089470944615868575
-30.660067328515538065
-30.291919054121876798
-29.845696172916518663
-29.276346032691208165
-28.588740907263797908
-27.828774768727157607
-27.083796972041795925
-26.449868350417546026
