67.394708753297081216
68.163469717985577745
69.048491279882256322
69.705452329632706210
69.907776214903179834
69.929953925837892825
70.393604958164232244
70.939729404265278845
71.563881902204030894
72.346315130206036770
73.355141142707978474
74.671766296015022135
75.310644602862012675
75.694693509272894971
75.581981322720125149
74.764769864632455665
73.546823933023503628
72.696976804921064286
72.287513847268840550
71.710460334436120888
70.595826342332998138
68.621374158311255087
66.803268130973123107
66.122884865337965721
65.311889597838018062
63.837004206511871018
61.341451097269413140
57.804015600961946575
52.952756197890124668
46.331727534493126086
37.064308951170460205
26.001174938840421191
14.830627927171136093
4.490912667408963443
-5.301484527545227365
-14.701105226758954814
-23.395954399253042766
-31.389709238175925066
-39.251427244793092086
-46.908132127901325248
-53.824852599331080683
-59.306450060170561756
-63.440350459418993978
-66.495738586583229335
-68.971598436824109513
-71.180784129173730435
-72.922281947580415817
-73.734269569707890923
-73.566498970831645465
-72.612468207917345353
-70.684963983476762905
-67.070518471439669383
-61.876280289538442503
-55.167910089282116815
-47.669229371727425359
-40.120195062545263909
-33.155631130706666454
-26.830219291530312375
-20.447116209561158939
-13.076048773490384747
-5.126619526503390034
2.321710501791898196
8.006906247918038844
11.880035342745657090
15.033387492076940362
18.961875476675089658
24.168548961151941512
30.019519745061018057
35.246816173890607615
39.211600902889216513
41.978550512613395540
43.782771003534946885
44.859150671396037069
45.509022258964961338
46.196122977966780354
47.197235178943486744
48.290599439496986633
48.899584845808192313
48.480117344442646754
46.694320635473985703
43.835987305355160970
41.053549042289091631
39.134439605339821355
37.720088315101861554
36.053646291054093354
33.380388471738029921
29.323915746641432634
24.250299009372838555
18.916493384985443527
13.809805083247454149
8.966607949929027654
4.376295220811982745
0.026838518950967227
-4.043915386538003531
-7.815641127602816596
-11.274143257925913986
-14.360643155399316129
-17.135254834078807562
-19.712891725097335893
-22.042255301012176005
-23.881444277640127893
-25.028362952340842185
-25.427370428080507736
-25.236971279894248710
-24.851931294805581274
-24.642719260722515173
-24.783318642115943931
-25.136110663714646307
-25.364866263612839248
-25.246694968112421975
-24.845971920900751684
-24.453944618628554508
-24.419588954138646386
-24.896450377798032605
-25.778369992191130677
-26.963186670139350554
-28.372925935969703914
-29.879123414680236692
-31.380100281965553677
-32.847324067942111014
-34.286266535087236207
-35.660392874055901302
-36.838686229536733663
-37.612054334692061275
-37.979216135248179853
-38.185547961530573957
-38.271104050582437139
-38.176180875621241739
-37.951345374653385534
-37.752914133615263381
-37.720944538986543648
-37.866359842179974748
-38.058909914846594802
-38.112276026401218587
-37.846734067326110562
-37.148956901883138926
-36.072193551394661881
-34.834169998791878697
-33.682613181159638316
-32.779768438471876379
-32.158478611508257927
-31.730407736404913521
-31.350784319812646572
-30.916475410857401585
-30.409699796577058351
-29.846590243005380216
-29.266851919109910796
-28.737887636685456982
-28.330754698597900187
