190.697737136717591966
54.929648921738419176
32.562217341150294203
29.660564723917339336
29.128334089261439743
28.731698348825755573
28.394712106713715372
28.099104135197098486
27.315102829935099749
26.384762825900487826
25.819779010737612168
25.570229698913312433
25.388676213023369854
25.246380829429700299
25.127855031502672745
25.022312317437837237
24.987573090794480635
24.813999774357561989
24.732242865728011338
24.657095095276002183
24.587399224012091992
24.522645331402316060
24.461195314178162619
24.403494647187010003
24.325308824337444236
24.275879177428109301
24.231505094846774284
24.191228934399184425
24.154637802109245825
24.121268908976560397
24.089235440602362104
24.047336299202960674
24.009288324096061729
23.984706005707934651
23.963340594369245906
23.944353114605277710
23.927386249164722898
23.912178362077892046
23.898495195419521053
23.886102554041013235
23.874058168787449574
23.853615409593729169
23.832971294721577493
23.800933673428474435
23.775580466570932714
23.772892582305907183
23.770186064656954272
23.767553299516382737
23.763551591782718475
23.754013411891669705
23.745763878646723555
