2176.887597683635704016
2157.761998024466720381
2117.529711924992625427
2038.238395590142999936
1897.678960409344199434
1698.276879933180453008
1750.211011020669502614
1756.449820740937866503
1737.927557668204144647
1709.303773458728073820
1673.663655057602682064
1635.407833030198844426
1602.124332803433389927
1576.267175428770087819
1540.381153128479809311
1491.529681596875889227
1447.156458538548349679
1453.060752565078928455
1510.703718159371874208
1574.955639300742632258
1635.506553823462809305
1647.171026976108805684
1659.170532398305113020
1609.690119269854676531
1650.008286228956421837
1719.891283658887005004
1784.404930885725661938
1881.402183121486586970
2044.871492939189920435
2327.551835786959600227
2787.039787339691429224
4371.163601662518885860
6607.444669973200689128
8100.638419152314781968
8717.543395629640144762
9199.311478451518269139
9697.706116665418448974
10481.470212352453017957
13243.536072347458684817
15828.345061555255597341
18038.824119726905337302
19890.333348185879003722
21401.402667823225783650
22591.271768383085145615
23479.164573376692715101
24084.260105306286277482
24425.825800130125571741
24523.280634397571702721
24396.322931173232063884
24065.449537931363011012
23552.779327438634936698
22882.871142813746700995
22083.453680599275685381
21186.460003307031001896
20229.152646580179862212
19255.460668020063167205
18317.217425574042863445
17475.000471279628982302
16824.118803777997527504
13898.872500372850481654
12689.892716696638672147
11614.686624679417946027
10425.019177910819053068
8871.180327135878542322
5616.036186553504194308
2545.908994518264989892
820.152149349297587833
195.231776411052919684
75.255947737371130302
0.000000001031833508
0.000000000000000000
0.000000000000000000
0.000000000000000000
0.000000000000000000
0.000000000000000000
0.000000000000000000
0.000000000000000000
306.781712525916930190
701.998831194658237109
195.765102934369849663
0.000000000000000000
0.000000000000000000
0.000000000000000000
0.000000000000000000
0.000000000000000000
0.000000000000000000
0.001035095622036711
442.368918741742049860
1948.015522306096272587
3327.055283228695770958
3943.977810202890395885
4432.636920968528102094
4910.409689457456806849
5410.723274976173343020
5952.396229874861091957
6607.776903045196377207
7483.523128485991037451
8404.907710091525586904
9091.001036471181578236
9415.179766580939030973
9437.475149713840437471
9299.641265824431684450
9134.667362789998151129
9005.482476751180001884
8852.306685227142224903
8638.268569711250165710
8336.772084422693296801
7984.091504938367506838
7673.213395166904774669
7468.036047051725290657
7364.150978268278777250
7323.402144704884449311
7277.924621912788097688
7018.146844603923454997
6786.928780863375322951
6584.004080265661286830
6391.723701155716298672
6237.295222488780382264
6128.844234075814711105
6054.794754886919690762
5987.156823097011510981
5918.940433510204456979
5832.287299064054423070
5814.819478165151849680
5919.012870725588982168
5922.721753116710715403
5905.265769123025165754
5903.095068210041063139
5904.265140822413741262
5863.917840300880925497
5743.963845595546445111
5539.160463410858938005
5291.684267106210427301
5037.220094266459454957
4808.554494315634656232
4659.669247622255170427
4590.903318865635810653
4538.869535637314584164
4454.208730652584563359
4314.398703136553194781
4118.642776793943085067
3893.862904282054842042
3684.291331268269459542
3525.687014930813347746
3399.195066587227302080
3313.512390900745685940
3265.736153770167675248
3245.517427412580218515
3226.534449334945293231
4841.873290941319282865
4850.078749239502030832
4832.924912856262380956
4801.100718068267269700
4757.372668550242451602
4691.818314223276502162
4772.986908605447752052
4822.192343489029553893
4845.408507810780974978
4852.088468874839236378
4853.226586534334273892
4858.476953995302210387
4875.753812199430285546
4912.186858588047471130
4974.917044812895255745
5063.082080432277507498
5166.455794813063221227
5269.230909686185441387
5367.716055577268889465
5471.864536106422747253
5588.445004160349526501
5727.613797021057507663
5879.929836543443343544
5969.024775999792836956
6045.856448724452093302
6118.868425200119418150
6198.611752039068051090
6289.834282510790217202
6405.110719824312582205
6563.760638601833306893
6792.673780684924167872
6972.033623731498664711
7168.225286205888551194
7565.590552870186002110
8153.104243366619812150
8785.663179476308869198
9412.935874874177898164
9968.769857890492858132
10165.228619399107628851
10345.515487937384023098
10543.811215878939037793
10761.476313881748865242
10999.551055924574029632
11258.761622814805377857
11539.486707810498046456
11841.732474885566261946
12165.115350062527795671
12508.851788293259232887
12871.754033298111608019
13252.230962268926305114
13648.293385032977312221
14057.563641309108788846
14477.290000705495913280
14904.367186961577317561
15335.365261522016226081
15766.569993850571336225
16194.038506498138303868
16613.655794102425716119
17016.983614449145534309
16736.095544226740457816
16219.658744108812243212
15737.000012652370060096
15344.736851591178492527
15099.897338878285154351
15234.115961140742001589
15482.321546568784469855
15712.058172095952613745
15918.877647278906806605
16103.546440237332717516
16267.158366781399308820
16410.987057510970771546
16536.353193346603802638
16644.503229008107155096
16736.510586084754322655
16813.206788802373921499
16875.145700676213891711
16922.600117483121721307
16955.586988096423738170
16973.915724111971940147
17070.979391412867698818
17152.600189818367653061
17218.321992342363955686
17267.769834501374134561
17300.736982233429444022
17317.269980035773187410
17317.747910488964407705
17302.975671280961250886
17275.290583028625405859
17259.335555692814523354
17388.886415835044317646
17710.931460821935615968
18111.361468800798320444
18538.484896509820828214
18952.490277662382140988
19321.433471157932217466
19615.259688409489172045
19809.389334752639115322
19924.862678175060864305
20002.147539951372891665
20063.709063895115832565
20108.214149837946024491
20124.111828541463182773
20101.864843693867442198
20042.096054786677996162
19962.088230826273502316
19876.630983538929285714
19799.350237612572527723
19735.798771558460430242
19684.023718587610346731
19645.056917785626865225
19627.251062962564901682
19641.288060086859331932
19699.348642445460427552
19678.025931683667295147
19697.593591811673832126
19755.586461658404004993
19849.545618369291332783
19969.497101084856694797
20106.621608618846948957
20253.971045753445650917
20406.708778239382809261
20557.874616913533827756
20702.874732515218056506
20824.836486727977899136
20912.895199338468955830
20992.990063027940777829
21053.565398576698498800
21089.579034448717720807
21103.009522598840703722
21100.591609080609487137
21088.465620899034547620
21068.677417683982639574
21037.285362980081117712
20991.360443098321411526
20928.660152381289663026
20844.666862747002596734
20742.214158543818484759
20632.623008011647470994
20525.455622204815881560
20426.594484764606022509
20338.692191828202339821
20260.319636670486943331
20187.362129885954345809
20116.539712716174108209
20051.630731946690502809
19993.206177567470149370
19943.589595672365248902
19905.812064375280897366
19883.759919729891407769
3903.487011488863117847
