66.873159372898868469
68.070268895798392350
69.431156465021047097
70.481886546611292488
71.176431322349486663
71.624479136061196982
71.448629448689104038
71.215204912939853443
71.368094225447407553
71.995956701149481205
72.878870033552800578
73.802310198716327250
74.682016474476114354
75.398694529261007347
75.527450177083949256
74.818797296923349904
73.585189221535699744
72.630171854005965315
72.066654080425848861
71.348164503467927489
70.355827206786102579
69.455409919096538829
68.571929861473094547
67.482197016914952314
66.189938217350558602
64.472985389263925526
61.837402036695621632
58.387077579940282135
53.909649286993925443
47.724448896932628372
38.607996513830428853
27.321127755468310738
15.469800770420448544
4.124959827526254230
-6.702651853661734549
-16.924452270495720541
-26.106001465656476057
-34.218977636786178209
-41.857512850635060886
-49.017188180799138308
-55.259821258448113213
-59.991115340783238707
-63.383305830945630532
-65.767324255843305991
-67.683770706514565063
-69.473189196825472891
-70.953757914463864154
-71.677794176235636314
-71.605687390871906928
-70.938090403467981560
-69.490225389131268230
-66.543975723689840152
-62.191303627663245379
-56.467670816440062254
-50.046481918429435609
-43.591993417631670127
-37.635120638933898363
-32.101205757759544213
-26.151302134198090243
-18.723913103830682303
-10.136992001925676732
-1.443183663073767775
6.032547753060100604
12.043397205952629747
17.272301975290105247
22.583281253249850806
27.957487149227205236
32.994343939682721611
37.356519624762938747
40.967563431920581252
43.769899213365562218
45.660013784119286129
46.737088295458107723
47.310963311894767003
47.861577570460980269
48.664122175138800230
49.486735474320539652
49.780307411911195459
49.108840743715262533
47.260913799880171382
44.536262573762599004
41.930282992916460216
40.170306634521864453
38.957205752883339755
37.631438232055074877
35.527062676399822294
32.182893081742150798
27.573227053808807341
22.067367477809369802
16.123058272009984648
10.065158401410599254
4.224228259475182767
-1.206922426051448838
-6.126793296656614984
-10.498020694715194168
-14.284000780623955507
-17.417822001346848992
-19.990896612986205128
-22.182614317997320086
-24.015375941979812069
-25.310211312198532596
-25.909632086604233336
-25.787161116950414907
-25.122668170348902095
-24.331255183818143450
-23.804685209763761122
-23.735493345778422736
-23.995023692561971984
-24.240962983587337476
-24.228636262422014624
-23.989265976042304374
-23.776812324193485892
-23.906762766661529440
-24.509595441223382295
-25.469443277078767096
-26.685990733441030898
-28.090122942672451245
-29.565000703691339368
-31.020655988469002295
-32.438794191497379416
-33.832481252072682310
-35.169227614270710092
-36.318372959372936748
-37.068610669544341363
-37.415732554785506636
-37.602669542126193392
-37.667769689875910899
-37.550710690865457764
-37.302977279574292879
-37.082979759397176167
-37.032780193374037481
-37.163896723578602632
-37.344735323661268467
-37.386190970384177490
-37.105556140404246435
-36.387865587402359324
-35.287176974415274344
-34.024250465524062292
-32.850526612454586939
-31.930845195865799724
-31.298446866485676310
-30.863140365562969691
-30.476942390483941381
-30.033556061619378852
-29.513132452490424384
-28.931120678692252568
-28.327914926478399593
-27.772876709446052246
-27.339737440865519602
