2340.171996014005344477
2258.145798210934572126
2181.519944810414472158
2097.780649149407054210
1922.427283370167515386
1521.187040242869215945
1858.055734240967922233
1948.141772407983580706
1911.704799254959425525
1836.877379410255343828
1763.740893118457734090
1700.424230919030833320
1644.721734863386473080
1597.475391408509040048
1565.312691505643670098
1553.233071926282946151
1556.181334928894557379
1565.041226687447533550
1573.847133394607453738
1581.537571127201317722
1592.218319922760201734
1615.586142046301574737
1664.256522292829231446
1643.459108010086993090
1650.436781220823831973
1678.212457917716847078
1727.822969761459717120
1812.519119290144317347
1962.701376073631763575
2236.752736289914992085
2722.500683971796206606
3502.169772593148081796
4595.535958154307081713
5948.664606379272299819
7469.401334683669119840
9063.280977022335719084
10651.740769941645339713
12176.406276912595785689
13596.900639046829383005
14887.043395739927291288
16031.175441990691979299
17021.088292386462853756
17853.642401556338882074
18529.138479004239343340
19050.175339688041276531
19420.871589276477607200
19646.260013415081630228
19731.752370669499214273
19682.686533037918707123
19504.001975921673874836
19199.981088299718976486
18773.993333155700383941
18228.235213186337205116
17563.595581748799304478
16779.575145761118619703
15874.417943742017087061
14845.516645698131469544
13690.256634244597080396
12407.407105857650094549
10999.189139206095205736
9474.399000725223231711
7853.799163087372107839
6178.116051007656096772
4517.231294791861728299
2974.075131950386094104
1669.790682656204126033
744.216742644533724160
207.203497480278940657
0.009523724383491111
0.000000000000000000
0.000000000000000000
0.000000000000000000
0.000000000000000000
0.000000000000000000
0.000000000000000000
0.000000000000000000
0.000000000000000000
25.815015769019662883
531.624508221109408623
45.042745279730830532
0.000000000000000000
0.000000000000000000
0.000000000000000000
0.000000000000000000
0.000000000000000000
0.000000000000000000
21.643519935967169943
296.556516049275501246
846.260063542325724484
1649.020370627331885771
2631.511974389990882628
3694.343472289579040080
4744.725189517778744630
5712.951788090737863968
6554.273878453900579188
7244.498131159852164274
7774.708313113423173490
8146.666290046277026704
8369.672617338039344759
8458.354296317564148922
8430.791798386000664323
8306.867324688477310701
8107.023597526137564273
7851.271220652567535581
7558.408429764134780271
7245.420437872518959921
6927.035932483302531182
6615.461558521733422822
6320.271540393777286226
6048.403474905552684504
5804.180620853997425002
5589.392598573115719773
5403.579651409429970954
5244.578696396979466954
5109.276771029154588177
4994.353474824380100472
4896.742551446322977426
4813.795217669566227414
4743.202345350460745976
4682.781456213892852247
4630.252129368504938611
4583.087450776842160849
4538.485732527574327833
4493.457827589570115379
4444.988365861405327450
4390.219229831296615885
4326.697070861323481950
4252.560761284315958619
4166.684431338567264902
4068.781380973564864689
3959.459012707531201158
3840.196655207638741558
3713.228741292410632013
3581.341407425462875835
3447.619862454910162342
3315.169376954499512067
3186.840399967800749437
3064.977819703592103906
2951.201976765075869480
2846.266034410395150189
2750.033253812342081801
2661.596220444449500064
2579.541345057957187237
2502.340709036281623412
2428.840023755282800266
2358.788833136304219806
2293.243422355915754451
2234.504597903650847002
2185.156063579566307453
4010.931099229751907842
4060.617435477314757009
4112.793177702219509229
4167.521723507569731737
4224.837025552802515449
4284.748678894118711469
4347.243163923648353375
4412.284197818881693820
4479.813314123967757041
4549.751064265517015883
4621.998922112979016674
4696.441822032790696539
4772.951189872246686718
4851.388302223693244741
4931.607820373030335759
5013.461379688390479714
5096.801164057797905116
5181.483448275024784380
5267.372140900940394204
5354.342400046403781744
5442.284421404719068960
5531.107507556243035651
5620.744521071219423902
5711.156797000161532196
5802.339543965431403194
5894.327694042893199367
5987.202071175962373673
6081.095639394716272363
6176.199472398769103165
6272.767971968556594220
6371.122772317025919619
6471.654724446428190276
6574.823380455337428430
6681.153503996350991656
6791.228321256215167523
6905.679479717363392410
7025.173969417622174660
7150.398545698664747761
7282.042431234174728161
7420.779236835006486217
7567.249103237641065789
7722.042025317970910692
7885.683184275261737639
8058.620902640094755043
8241.217576651324634440
8433.743660100086344755
8636.374499539875614573
8849.189576533020954230
9072.173519949381443439
9305.218125199611677090
9548.124571428808849305
9800.605068320332065923
10062.283295872321104980
10332.693217113263017382
10611.276135610491110128
10897.376213485171319917
11190.235030771667879890
11488.986110986297717318
11792.650609214970245375
12100.135504628971830243
12410.235607152249940555
12721.640443260443134932
13032.946623060584897758
13342.675640833776924410
13649.296303985074700904
13951.250220285877730930
14247.537259164661008981
14536.764631993395596510
14817.590593648923459114
15088.743970098190402496
15349.040605304742712178
15597.396830487921761232
15832.840582419305064832
16054.520978446704248199
16261.716992721931092092
16453.845420448993536411
16630.467626461359031964
16791.293644778357702307
16936.180842005687736673
17083.378359970603924012
17214.879859001022850862
17331.068284070421213983
17432.467602542394160992
17519.740859961195383221
17593.682984929149824893
17655.210838896739005577
17705.351490516462945379
17745.228577888508880278
17776.045886223979323404
17799.067015981454460416
17815.590315837824164191
17826.919043894620699575
17834.327791831117792754
17839.027258351521595614
17842.130190140724153025
17844.621519499029091094
17847.335372143093991326
17850.940804112415207783
17855.937057518323854310
17862.658034846157534048
17871.284773371797200525
17881.864077449256001273
17894.331173296977794962
17908.534262803899764549
17924.259092788528505480
17941.252036965612205677
17959.240619324595172657
17977.950824745363206603
17997.120900716483447468
18016.511638059499091469
18035.913329237329890020
18055.149752224118856248
18074.079627196566434577
18092.596049727861100109
18110.624419104624394095
18128.119356289196730359
18145.061042525267112069
18161.451319588919432135
18177.309788225546071772
18192.670041986544674728
18207.576092536433861824
18222.078992098187882220
18236.233639534810208715
18250.095765069650951773
18263.719114171988621820
18277.152882706403033808
18290.439483225130970823
18303.612736384609888773
18316.696579910701984772
18329.704367926795384847
18342.638799144133372465
18355.492467839758319315
18368.248981699667638168
18380.884543024400045397
18393.369851185721927322
18405.672157658813375747
18417.757298123389773536
18429.591537242620688630
18441.143092807276843814
18452.383250376511568902
18463.287032916992757237
18473.833438184134138282
18484.005284791903250152
18493.788689909404638456
18503.172092596367292572
18512.144458767081232509
18520.691681169126241002
18528.788851264020195231
18536.383184397971490398
4663.116350813358621963
