66.751526086714036978
68.062230450841269658
69.385092634794034439
70.212030090970017682
70.525178018888709630
70.636202239881370701
70.763136329318243156
71.000298297590177299
71.463561837770782859
72.162471465531780268
72.980027315947168631
73.833911408511966101
74.694016899955883559
75.445191717478280680
75.616929691548904202
74.869883679712629032
73.592152674941303303
72.621395953661817657
72.060829973681208571
71.352796738488706296
70.370652963438971028
69.467769225842303626
68.546963193617060028
67.364847762209834059
65.958677967996507618
64.233250560071553537
61.735198978126746283
58.439735879597591861
54.130792543273656747
48.318984365908079326
39.950328107349321272
29.370171970375054116
17.727640822562904077
6.049367921868764597
-5.479351044586309172
-16.554837145071729765
-26.552500806048414006
-35.327919160078323557
-43.438565825449757085
-50.894483565252500057
-57.290759985081223249
-62.065777091811071386
-65.417410009607721122
-67.695520403685435440
-69.455246030749236752
-71.049349668866625507
-72.307049159510796699
-72.790750554774348302
-72.469638199183606275
-71.551409062541836192
-69.856424614551826835
-66.670191669813107183
-62.087679176252862590
-56.147808474773938769
-49.528523196020387331
-42.899117394608452969
-36.793641550883933178
-31.134601466026083472
-25.070300385971165724
-17.516596739818680817
-8.767061452400326971
0.134950191796605168
7.837699739739122151
14.012875439269265598
19.210972610642585323
24.192259176356088801
29.005245877452978220
33.460530580001204726
37.320830500006451302
40.452000959360418619
42.817707522997523029
44.453454380090931863
45.476427721356856182
46.138567611816711178
46.896770542131605453
48.051578376804968684
49.412393876582598295
50.332512668512350729
50.017245563947540177
48.030505077536787439
44.933626751965846324
42.051470895267129890
40.178786362822563660
38.964355822864234824
37.713969944722094851
35.771087259018742088
32.714686838669251756
28.507183747202475388
23.356459875691371053
17.480742630392683168
11.072877821003146437
4.552199064190290301
-1.648169551009573297
-7.183695148881213299
-11.885884571049359693
-15.722441929796502791
-18.709799750132674490
-21.037161128890261352
-22.962883988032047000
-24.561803387200995985
-25.683572119970733638
-26.179735090000235687
-26.016145392699968397
-25.350555911922867836
-24.565021205389996339
-24.013643095081704359
-23.856018351722241277
-23.945631336092276342
-23.944643549425279616
-23.635551073063538752
-23.092585045086877926
-22.617691573144441008
-22.568064396993747778
-23.100525546354958806
-24.106089638995115365
-25.474059321326990357
-27.113582502850988476
-28.880694154024126874
-30.657270187897950109
-32.398224882707722827
-34.091879402573397329
-35.683370725610188856
-37.024014525175630297
-37.892915642415573529
-38.287931024963597793
-38.464270559542057981
-38.477802211441257896
-38.287215653416978967
-37.963003719212338183
-37.680284413035678881
-37.590941720766750223
-37.704768587867647511
-37.875702742424607550
-37.891703659448751296
-37.547871914752761313
-36.718948200389604608
-35.468288709036301043
-34.044210513501241167
-32.732916395119673325
-31.726208506281409427
-31.065150236787360427
-30.645323096816753150
-30.288531596275333868
-29.853733909930269874
-29.292659259714412201
-28.604865769631430794
-27.828748886807886720
-27.042971499095699528
-26.336594507243489716
