829.144184920936027083
748.070091202770640848
682.275608768040115137
628.379656068853591933
583.596608954930047730
575.714524909021520216
442.751897724504544840
348.813018495872370295
279.625958823306916656
223.609762613617789384
155.706341848640704484
0.000669059007629472
0.000000000000000888
0.000000000000000386
0.000000000000000023
0.000000000000000000
0.000000000000000000
0.000000000000000000
0.000000000000000000
0.000000000009044442
0.000000000000000000
219.498904560292544375
519.444592891534057344
385.458705137576941979
367.581384942648867309
434.435536400111629973
545.069601614368252740
727.718625815773634713
1019.890727253258546625
1489.383489915620202737
2027.518823708076070034
3118.830975785496320896
4627.211709835607507557
5780.973534976204973646
6607.145426467264769599
7286.399076523049188836
7906.742393832100788131
8505.246504058435675688
9380.952817865771066863
11907.484324143000776530
14522.166303176045403234
16679.642940684479981428
18437.462683419973473065
19848.750876405723829521
20952.990370025410811650
21779.746711993568169419
22350.979135808476712555
22682.416403021437872667
22784.395081488364667166
22662.351142190818791278
22316.996969670159160160
21744.187396540812187595
20934.393929357374872779
19871.829229610004404094
18532.977842293585126754
16884.554976592196908314
14880.925647036625377950
12475.887632400008442346
9954.505806680321256863
8700.084199134002119536
8125.024483514192979783
7554.412753494191747450
6770.698895096555133932
5756.995530884498293744
4549.340696005770951160
4789.792831729047975386
1953.173315051156350819
215.483579317436380052
0.000000000000000000
0.000000000000000000
0.000000000000000000
0.000000000000000000
0.000000000000000000
0.000000000000000000
0.000000000000000000
0.000000000000000000
0.000000000000302959
199.674843215369520522
484.970096875816750526
0.070209135912835272
0.000000000001281255
0.000000000000000000
0.000000000000000000
0.000000000000000000
0.000000000000000000
0.020944365271749504
360.729059778833970995
1132.109913494667125633
2120.238658995632249571
2990.053098800330644735
3649.414988615671063599
4246.455731114388072456
4803.432788169772720721
5347.535201870175114891
5894.723033777915588871
6508.746267417353919882
7343.075531743800638651
8336.902790729582193308
9211.006831460168541525
9750.894382812602998456
9915.910024749626245466
9778.374495764735911507
9491.874264859015966067
9209.076003395866791834
8934.542712694106739946
8632.961774247345601907
8263.501030316492688144
7851.040568338342382049
7481.752608068439258204
7214.966365361007774482
7042.602167669657319493
6923.674709072473888227
6788.618639120855732472
6601.204147234949232370
6429.459433799010184885
6272.998271251729420328
6114.665288342998792359
5982.502683461804735998
5886.120454793657700066
5815.984335738421577844
5746.418300096004713851
5672.625638241901469883
5578.735448865680154995
5553.537836421068277559
5650.181033508837572299
5648.191785623045689135
5626.710679391667326854
5621.917101866578377667
5621.846244994299013342
5581.920943965997139458
5464.333078680492690182
5263.889506210608487891
5022.447802774662704905
4775.366617861447593896
4555.003227133803193283
4414.561672345395891170
4353.970681238204633701
4310.095650213954286301
4233.849937253672578663
4102.818490690496219031
3916.168185039088257327
3700.588660015990171814
3499.899106118014969979
3349.419505052670501755
3230.402870445479038608
3151.197954314844082546
3108.585915120970184944
3091.964185723410537321
3075.054093012683097186
3210.640100298006018420
3176.742130986187021335
3136.199180624264954531
3111.153323044730768743
3115.440160511244812369
3151.862723793103214120
3114.931721708092482004
3095.277511724477335520
3076.927375495252817927
3048.987312458676115057
3005.199171304613628308
2938.477839381102967309
2924.623010804871682922
2904.855601226886847144
2888.365648875802435214
2880.282326081255632744
2881.138440455055388156
2879.209906183851217065
2872.036677460370810877
2878.572144463983931928
2905.826361023440313147
3039.854891658142150845
3217.162997033803094382
3172.529917397816461744
3191.751915910529078246
3254.250690060523993452
3353.293310235691478738
3487.061666326660088089
3668.138999701925968111
3918.010078246517423395
4289.272615838733145210
4725.067098549367983651
5226.719494245961868728
5866.729780558045604266
6591.440307765903526160
7328.440441215524515428
8027.733412389294244349
8657.389621510052165831
9154.401118734220290207
9296.954261953513196204
9354.015180862608758616
9430.563500816724626929
9530.044389667174982606
9653.162244547185764532
9800.385363222514570225
9971.991875264468035311
10168.098692320312693482
10388.690896298958250554
10633.648241547944053309
10902.765380628517959849
11195.762718823725663242
11512.285314649367137463
11851.887983225948119070
12214.005724229831685079
12597.909767235181789147
13002.649603363486676244
13426.917056813563249307
13866.365057932638592320
14259.364204972605875810
14366.074571251174347708
14278.874726379834100953
14122.257071640919093625
13959.782823537854710594
13833.899111521086524590
13789.267111976210799185
13621.175960638987817219
13965.426181516815631767
14349.140852162543524173
14720.746390120923024369
15071.120886313576193061
15397.405927883768526954
15697.357262414561773767
15969.096912577817420242
16211.090424329961024341
16422.113372177016572095
16601.218588219831872266
16747.708323212744289776
16861.116082092019496486
16941.200920608502201503
17016.246102484528819332
17058.139462732444371795
17067.360419412707415177
17044.808518368001386989
16992.185341159278323175
16913.565994284952466842
16820.272348457903717645
16780.661488454708887730
16838.467531789712666068
17018.760684818265872309
17337.827447011561162071
17767.328797420756018255
18243.771562972771789646
18720.486873642093996750
19156.459977370213891845
19521.827306162016611779
19791.513231220018496970
19939.832306078213150613
19978.809359195223805727
19954.790117092328728177
19907.083640282591659343
19851.562594997321866686
19788.388963583631266374
19706.873001422034576535
19596.721008797489048447
19466.947371602193015860
19331.603900080361199798
19205.043385703847889090
19092.654005102354858536
18991.271780598573968746
18900.119711279585317243
18825.612830220259638736
18776.715075220894505037
18764.317188658304075943
18793.422012134004035033
18854.159287986345589161
18943.759102282132516848
19060.131709294895699713
19194.253557579293556046
19338.617370108022441855
19487.748467022523982450
19638.277730977573810378
19784.614159730979736196
19923.347794442284794059
20038.692930175311630592
20120.669849726880784146
20195.556278751977515640
20252.306864592796046054
20286.201841419988340931
20299.318682765031553572
20298.298120099356310675
20289.097993112351105083
20273.576238617071794579
20247.641862876836967189
20208.175608545407158090
20152.727019410016509937
20076.605167507754231337
19982.408854017659905367
19881.166570953926566290
19782.208077287836204050
19691.264958515854232246
19610.909280751373444218
19539.691195311599585693
19473.502656128155649640
19409.051444847951643169
19350.013677565650141332
19296.826774254172050860
19251.583340210039750673
19217.007491009058867348
19196.683786749654245796
4432.828596872295747744
