190.697737136717591966
62.310550394443296796
40.973099975122948990
38.704248438642927965
38.285285156846605048
37.987135823671785317
37.747379812799245258
37.542396763919789748
37.361859758805046283
36.982786628464751288
36.377533505302722006
35.728032703956330352
35.519852433377749890
35.363072409881695535
35.235352501395517777
35.123613614511405956
35.110828278082863108
35.100250312323709068
35.089141548763144840
35.077444746026174016
35.065176928321037053
35.058422003245311771
34.855427362733685470
34.770905833154330367
34.692381480287387774
34.619059508894714838
34.550618614255732552
34.486366948196454985
34.424037109349868047
34.355168122561579480
34.294915265659966508
34.247307081633678649
34.204117457509184419
34.164823202037553074
34.129101720014119792
34.096650810848778690
34.067197304884864195
34.040297693031924098
34.014377001149327384
33.988868427598042388
