67.365081830193219048
68.336607251216761938
69.237933609804628077
69.841125389793887734
70.011758138899338633
70.029170228248318608
70.453667122536671741
70.945958203371517925
71.490574533661288115
72.149209054820033771
72.919956814915664722
73.849004905855423431
74.992607855879754197
76.140375214560990003
76.233966574696182761
75.462329565183409841
74.247054267145244921
73.375188502221561748
72.922139419043205066
72.274949108725422775
71.028706659520707944
68.795213355647064191
66.844796901434193614
66.118170720676090468
65.295190933469768879
63.857717505106350586
61.512333912056583074
58.318109119802073792
54.004979397146612996
47.830139507211995920
38.340847076940278271
26.346020380389433058
14.260146436465873876
3.375374050465353548
-6.623915144372546138
-16.027781648661402869
-24.639194098081020456
-32.521207898013472004
-40.254838636931111751
-47.758359117122552107
-54.492401310368194345
-59.770578104910555339
-63.697166281437688440
-66.558809783564356621
-68.868575918956736359
-70.949238579361292523
-72.606143605193722124
-73.381106631730574463
-73.225421129812929166
-72.332342296533596482
-70.512639064436569925
-67.048775726706253408
-62.041225976723382018
-55.545549860244705087
-48.271102268569165972
-40.938407888158621972
-34.158642332279981702
-27.962022706807857730
-21.632318251971611289
-14.228881677915126147
-6.154538794956607717
1.529973850258926404
7.605245232912210440
12.070952851395645666
15.995890922970318115
20.660440221937562910
26.164022158150686437
31.651972983888612134
36.180545393402383070
39.568920895408041360
42.006963825272748636
43.666888015236878573
44.715417098554013364
45.411569710908992192
46.197073965857072153
47.340283468169843673
48.605557692516782708
49.340769489980800699
48.934328711818636748
47.152692444450963194
44.358740243325456731
41.665613213291777583
39.838317600490626091
38.531372481852912415
37.018634415391659331
34.556272070965604826
30.631444275668513910
25.375313186271711174
19.598613017390391633
14.054534005066983582
8.936135333038009776
4.217273308464484671
-0.204320457882772644
-4.374835646227495545
-8.314691405563849003
-11.997754292183799407
-15.313367591085068398
-18.259683637381158405
-20.907880761155240634
-23.191748394997659943
-24.878377373514979354
-25.789424832474367122
-25.900847205716900135
-25.405643234363822103
-24.730930414061731426
-24.272286800737958856
-24.218455886122569609
-24.436386959792343987
-24.586590126313581095
-24.437754023509228318
-24.042852886479977315
-23.680738152550986797
-23.688979437469299683
-24.212238010344492523
-25.138498619110180243
-26.362327971377794711
-27.804302541380195635
-29.335657918498725394
-30.855015632443041795
-32.334414413886463535
-33.780182769071245730
-35.157127018038693222
-36.335972061939742161
-37.109047638901358823
-37.475314576749497064
-37.679317393841756711
-37.760100053039650447
-37.657079063799869800
-37.419692632629164564
-37.202849858050797138
-37.145632598352563036
-37.259354573679217992
-37.415987042955293873
-37.432934255979034788
-37.134594266621320457
-36.410480423226545099
-35.313875246896770932
-34.059589447538257900
-32.891053558086127850
-31.966986809308991724
-31.318973215727453407
-30.860022516401556913
-30.448471575801193012
-29.984536120314487562
-29.452892596464778308
-28.871014364928896612
-28.278921530922389138
-27.743447125994691760
-27.334583330234124787
