3710.960412322647698602
3687.729020568275700498
3671.389371251928423590
3661.577488527229434112
3657.065919130559450423
3656.210847264959738823
3657.280620750942489394
3658.640179424157395260
3658.855403929355816217
3656.802212356783002178
3651.857406985569923563
3644.224011006675482349
3635.404790331062486075
3628.780394513974442816
3630.167637477055450290
3648.128777252608870185
3693.698819700250624010
3779.178333957576796820
3915.864849124990087148
4111.202639641819587268
4366.610868447614848264
4677.431889313279498310
5035.375776182437220996
5294.767111703651607968
5587.791676369607557717
5913.318368711484254163
6274.111792261966911610
6675.012185408650111640
7120.378381129966328444
7611.766899401439331996
8146.600061151545560278
8718.109055099313991377
9316.336030136511908495
9929.678854554120334797
10036.115577093125466490
9707.255619927924271906
9360.148238801517436514
9169.517863518745798501
9547.406823272433030070
9884.195469574740855023
10179.203171475830458803
10434.194252312401658855
10652.945358396744268248
10840.786741514148161514
11004.124385064311354654
11149.947602202935740934
11285.332549533253768459
11416.962082061960245483
11550.692043256258330075
11691.198957204751422978
11841.740919270487211179
12004.051592649322628858
12178.369176913180126576
12363.582987749728999916
12557.465287641574832378
12756.948872297451089253
12958.412297496310202405
13157.942506168008549139
13351.555604675693757599
13535.367431931908868137
13705.714233823087852215
13932.691890046016851556
14166.325691489291784819
14377.621481707532439032
14564.417993868424673565
14724.915960315796837676
14857.651902711546426872
14961.471176839142572135
15035.502057413965303567
15079.131616992988710990
15091.983409826139904908
15073.896450251806527376
15024.904613457101731910
14945.215343328050948912
14835.186408796917021391
14695.299394487965400913
14526.128653688190752291
14328.304611105764706735
14102.470594581334808026
14195.417467489158298122
14262.098143708337374846
14303.442330011950616608
14320.151416041257107281
14312.690737309305404779
14281.296340893863089150
14225.998594579490600154
14146.664959531161002815
14043.064196517589152791
13914.954184009193340898
13762.195326066328561865
13584.891098312336907838
13383.556398576756691909
13159.312698979321794468
12914.106054752210184233
12650.939198649364698213
12374.101617330170483910
12089.371307108580367640
11804.149295533326949226
11527.475129448481311556
11269.863149227563553723
11042.903299301380684483
13601.389959013446059544
13042.831960772382444702
12521.194552280574498582
12043.002608395030620159
11613.700438130210386589
11237.057582444271247368
10914.696778891540816403
10645.838279547882848419
10427.315644135800539516
10253.861805941634884221
10118.610062980027578305
10013.720086418325081468
9931.031349681850770139
9862.661488183997789747
9801.494395901128882542
9741.531493513663008343
9678.102495674736928777
9607.946711632235746947
9529.183356558705781936
9441.192033955374427023
9344.425065211282344535
9240.173505086562727229
9130.309169885060327942
9017.025426039033845882
8902.598783664010625216
8789.190396878646424739
8678.700877642357227160
8572.683878560699668014
8472.315155497351952363
8378.406236022243319894
8291.447122346247851965
8211.661536381938276463
8139.060854611978356843
8073.487897945524309762
8014.647451588800322497
7962.125187852695489710
7915.399531543263947242
7873.851725628253916511
7836.778410302247721120
7803.409261745383446396
7772.930446443676373747
7744.513326402145139582
7717.347099975226228707
7690.673661335635188152
7663.822522497319368995
7636.242757511753552535
7607.527515983318153303
7577.425383676514684339
4686.116694239360185748
4662.582669531595456647
4640.266186980274142115
4619.018857482700695982
4598.431449513195730106
4577.968795511935240938
4557.069015043224680994
4535.199381198496666912
4511.888138438719579426
4486.757849894253922685
4459.583489533286410733
4430.391175228614883963
4399.601661291671007348
4368.205438912031240761
4337.931894510856182023
4311.343423414447897812
4291.754100749411918514
4282.866634919835632900
4288.089341975826755515
4309.677776156491745496
4348.080807603480025136
4401.925735475020701415
4468.755783399440588255
4504.720372928455617512
4549.725657623561346554
4603.511126834887363657
4667.002786066149383259
4741.764450383128860267
4829.226692222054225567
4929.986753964836680098
5043.406341007067567261
5167.593435592712921789
5299.702987004327042087
5436.400784326669054281
5697.886603353580539988
6061.142408180314305355
6419.439211942628389806
6724.872003639678951004
6873.114537066080629302
7010.004433637048350647
7135.477871684061938140
7250.193646074490061437
7355.402090128680356429
7452.807202748877898557
7544.424042100612496142
7632.432659626112581464
7719.031528889871879073
7806.296388796262363030
7896.053320237391744740
7989.776353060165092757
8088.518970309920405271
8192.885326736251954571
8303.041596629465857404
8418.762105455911296303
8539.500411943246945157
8664.473389973019948229
8792.746809600499545923
8923.313326018547741114
9055.157133056798556936
9187.302854646575724473
9318.848887210519023938
9431.201458032841401291
9535.055663591680058744
9636.248155951463559177
9734.320374643295508577
9828.911768062162082060
9919.748796364325244213
10006.634087334630748956
10089.436335951913861209
10168.081207821438511019
10242.543264879566777381
10312.838757922325385152
10379.019005430063771200
10441.163988606840575812
10499.375733263472284307
10553.771015880438426393
10604.472927908325800672
10651.600866204998965259
10695.258593809676312958
10875.295251669045683229
11052.176714861654545530
11226.063211831540684216
11397.028303775830863742
11565.056221232527605025
11730.042988892037101323
11891.801975393313114182
12050.074545265553751960
12204.546536230873243767
12354.871332384993365849
12500.700329260151193012
12641.721548617108055623
12777.706983035404846305
12908.568819442105450435
13034.423846397497982252
13155.663891756950761192
13273.027864485760801472
13387.667772329430590617
13501.197095684698069817
13615.705780091238921159
13733.723337895677104825
13858.112519370357404114
13327.835509646960417740
13223.637531566886536893
13132.588023129465000238
13057.465033698454135447
13000.613452230800248799
12963.660332161862243083
12947.286364025530929212
12951.099196659546578303
12973.635445533434904064
13012.491012443217186956
13064.553200905178528046
13126.291478284187178360
13194.060134595167255611
13264.373529563647025498
13334.127943910414614948
13400.757969195939949714
13462.326433089643614949
13517.553864734039962059
13565.796911062758226763
13606.986159389505701256
13641.533799130991610582
13670.221387951543874806
13694.078037980374574545
13714.259437366332349484
13731.937762429566646460
13748.211164838225158746
13764.038866876251631766
13780.204179820790159283
13797.303660559358831961
13815.757066231934004463
13835.830581154395986232
13857.665401494874458876
13881.305067934183171019
13906.717369885687730857
13933.809398254588813870
13962.436629924552107695
13992.408299023130894057
14023.491646826019859873
14055.417179590454907157
14087.886208070642169332
14120.581078619739855640
14153.177870561292365892
14185.360975068833795376
14216.838778605120751308
14247.359462812508354546
14276.725503376046617632
14304.804762682580985711
14331.535448024014840485
5236.427837714494671673
