46.586349354658366906
47.330634623899982216
47.849388675090338552
48.173913513475895343
48.380865125995853759
48.522493296203037971
48.632448445322580710
48.727201335248579994
48.812190285828677361
48.887447227571470876
48.951119625836270188
49.001014320939731306
49.034123720122224199
49.043335312179564767
49.010160688262217832
48.893193251783202413
48.615458343721755341
48.062085288443583408
47.111622797739343582
45.719013713671614596
44.009428106186263108
42.275311833504161996
40.820686823361128859
39.738950010811805669
38.860399986944941020
37.955751208308015521
36.895104465200915911
35.650584827347117312
34.250669089407381307
32.741099074970193783
31.153670912443558905
29.465168169668174869
27.488906430553669225
24.369256711514935887
18.063673427822067197
9.433371421367411358
1.000742081757010737
-5.546805317721577921
-9.634119216081444392
-12.484910076107183841
-14.876639009370933309
-17.047715925296671458
-19.082699026035271572
-21.017437953154853858
-22.869933274030046277
-24.650796149723817052
-26.367076405524727534
-28.023719566693614524
-29.624152435752790780
-31.170557650629660884
-32.664043665847827924
-34.104773521187127017
-35.492053649284002859
-36.824351305304134030
-38.099179365647728446
-39.312734308022953655
-40.459045537912658119
-41.528047987650268169
-42.500981213788179502
-43.338798256220513849
-43.960631235276878215
-44.283973434817312409
-44.349756769845527060
-44.248819005227773005
-44.038081531707177874
-43.743773889462289617
-43.378459264233924841
-42.948708238177260910
-42.458221786705706791
-41.909245517078971943
-41.303295574049315064
-40.641573913143730579
-39.925220163435056975
-39.155454436956887321
-38.333623989168984281
-37.461149813459257985
-36.539369935721026650
-35.569292242086959277
-34.551295952964125036
-33.484845239262909899
-32.368285191678694446
-31.198770353571802616
-29.972336200304994236
-28.684084181786772660
-27.328430207884622405
-25.899370870628445118
-24.390744489896775349
-22.796494252637927502
-21.110970667071143225
-19.329338314903651508
-17.448179075123732673
-15.466412458147686948
-13.386681039934330784
-11.217360976360339464
-8.975310814713282070
-6.689255153220699412
-4.403058642005646561
-2.176588150671392441
-0.078820570740646190
1.835540155668184070
3.569539638728798536
5.220222431586023504
6.949099674591593612
8.889734152283494950
11.083723980142650589
13.485933490575291671
16.001640570796411112
18.521619787587951578
20.946653880670311310
23.202546442792765902
25.247070470963649313
27.069792429580701310
28.686355155689511776
30.129708180750554902
31.440911447629702025
32.661397686300773557
33.827520951970882379
34.967390099545667681
36.099576041617297051
37.233201967973315050
38.369005673455944816
39.501068691489678031
40.618968912918916203
41.710117103163668162
42.762006910284213745
43.764088261892595710
44.709010905276301173
45.593097597071164273
46.416072544865841110
47.180234803146234412
47.889370343064058488
48.547708879140131444
49.159156041430833284
49.726895751111271693
50.253297265495916690
50.739911897332660828
51.187241822542844716
51.593947170630542587
51.955278570651714176
52.260869401031385451
52.492784651106205729
52.626252136420646366
52.637868550618236441
52.524684170817735662
52.315442938588432753
52.050494878077230965
51.763633293713908756
51.486676533937497879
51.268918353339628879
