1353.183534039765845591
1359.524249586640962661
1369.201097506427231565
1380.218075061155104777
1391.311225964942423161
1402.058051979118545205
1412.511277676169129336
1422.894764417289707126
1433.459288392639109588
1444.409272127742042358
1455.760890497695527301
1467.027415232160592495
1476.764793695071830371
1482.285689249144070345
1480.233899561583939430
1469.006959192491876820
1453.795430259596059841
1453.504456555354408920
1504.668820317940344466
1650.328068616211112385
1903.324081264789811030
2210.790607047916637384
2473.275602849601909838
3164.538488790344217705
3688.231734525915271661
4059.705330539908572973
4320.245113319256233808
4523.733179837247007526
4724.264717380481670261
4963.612060237303012400
5261.666671571443657740
5614.413810266790278547
6000.296067646166193299
6390.544506908047878824
6757.959018273518267961
7082.229992670210776851
7351.780298253705041134
7561.924808770455456397
7712.631517944428196643
7806.439876395088504069
7848.553621488388671423
7846.259006577266518434
7808.632000570792115468
7746.410523695308256720
7671.854026900397002464
7598.391315534572640900
7539.892830796901762369
7509.516097469159831235
7518.253363931247804430
7573.498119198192398471
7678.041461253491434036
7829.828573607211183116
8022.561465506383683532
8246.947064611958921887
8492.209975719804788241
8747.488088202449944220
9002.863640526122253505
9249.952948553387614083
9482.106949113764130743
9694.337046002163333469
9883.089559012783865910
10045.971783365293958923
10181.457980842382312403
10288.735871974007750396
10367.628939706337405369
10418.593231728740647668
10442.795365798825514503
10442.252554130911448738
10420.007995198551725480
10380.308860926192210172
10328.748472255405431497
10272.329148359529426671
10219.399290867811942007
10179.421306842798003345
10162.541517621566526941
10178.964395559722106555
10238.181658725305169355
10348.162252703632475459
10514.650643265889812028
9947.102091086244399776
9444.545983924122992903
9009.565569206992222462
8641.475423941186818411
8336.369508287929420476
8087.661688981567749579
7886.967566040345445799
7725.086337186974560609
7592.849896117660136952
7481.694007948543912789
7383.922107761439292517
7292.728379904747271212
7202.098555206703167642
7106.712113580910227029
7001.939643485818123736
6883.980163840515160700
6750.130345093559299130
6599.131255560319914366
6431.503498428975944989
6249.760191253576522286
6058.382715339598689752
5863.466003866189566907
5672.001840210245063645
5495.542684284574534104
5342.441153042898804415
5217.899699878222236293
5123.297403816608493798
5056.363473631535271124
5012.031440316289263137
4983.592587662440564600
4963.763481777651577431
4945.437555590038755327
4922.083243379176565213
4887.890432067030815233
4837.824127890751697123
4767.731408392301091226
4674.590391260950127617
4556.911772220752027351
4415.221863352996479080
4252.482956823784661538
4074.254086642445599864
3888.383988605553440721
3704.094350086300892144
3530.489367816349840723
3374.797204480466007226
3240.883491054351452476
3128.585841774978234753
3034.121441308896464761
2951.381066952893434063
2873.624535744883814914
2795.068598040624237910
2712.018346031422879605
2623.378668994076633680
2530.518482398453670612
2436.568004797781668458
2345.347739857186752488
2260.242517046063767339
2183.367027627918560029
2115.252431342838463024
2055.052728783268776169
2001.062383075822708633
1951.273852767979406053
1903.790558134039429206
1857.060761791219192673
1810.017358699636133679
1762.245198788813013380
1714.235781620639272660
1667.632153780087719497
1625.146230661316167243
1589.714362036630063812
3269.830170130338046874
3284.369082069695195969
3299.606311310918954405
3315.583948050666094787
3332.347182207285641198
3349.944488824922245840
3368.427814678958839067
3387.852762680393880146
3408.278767425571913918
3429.769251567992796481
3452.391747484892675857
3476.217962899196209037
3501.323762846906447521
3527.789034950982568262
3555.697400827178626059
3585.135736891810211091
3616.193472894379283389
3648.961649358398972254
3683.531735650082282518
3719.994237751418495463
3758.437156881370356132
3798.944390777246098878
3841.594192620575086039
3886.457811543895331852
3933.598426961261338874
3983.070455183180456515
4034.919253199886497896
4089.181178370353791252
4145.883896549572455115
4205.046777763557656726
4266.681190948618677794
4330.790514949449971027
4397.369724879534260253
4466.404484191974916030
4537.869763644731392560
4611.728103150029710378
4687.927715556450493750
4766.400690169018162123
4847.061579932965287298
4929.806646540432666370
5014.513994478038512170
5101.044755590621207375
5189.245396274262930092
5278.951121307049106690
5369.990248376005183673
5462.189334303611758514
5555.378755520987397176
5649.398385985699860612
5744.102983948949258775
5839.366896575395912805
5935.087722758838026493
6031.188637264498538570
6127.619170295033654838
6224.354346949129649147
6321.392209320244546689
6418.749857779729609319
6516.458245239326970477
6614.556028374836387229
6713.082818833885539789
6812.072183880935881461
6911.544725105713041557
7011.501524629042251036
7111.918199945010201191
7212.739761582992287003
7313.876430842455192760
7415.200551294681645231
7516.544717584092722973
7617.701243702596912044
7718.423093177281771204
7818.426385049187047116
7917.394562826153560309
8014.984262420181039488
8110.832833979729002749
8204.567366409473834210
8295.814937063785691862
8384.213678535414146609
8469.424136036908748792
8551.140301587442081654
8629.099673834218265256
8701.873236550747606088
8770.529233424447738798
8834.979506474672234617
8895.198958782069894369
8951.223815198774900637
9003.147366158080330933
9051.113576923391519813
9095.309062381629701122
9135.953988269960973412
9173.292462882865947904
9207.582941302529434324
9239.089091801763061085
9268.071489600133645581
9294.780418445019677165
9319.449984247688917094
9342.293678946047293721
9363.501471651379688410
9383.238443952654051827
9401.644919375576137099
9418.837963001824391540
9434.914048501472279895
9449.952614716257812688
9464.020172953836663510
9477.360854407965234714
9490.017891382536618039
9502.033703757942930679
9513.452107816670832108
9524.319742583207698772
9534.686662071033424581
9544.606125923985018744
9554.133693915580806788
9563.325784619453770574
9572.237891539076372283
9580.922663275074228295
9589.428047588715344318
9597.795678702435907326
9606.059653164043993456
9614.245797922778365319
9622.371484179608160048
9630.445988528235830017
9638.471349158398879808
9646.443618187660831609
9654.354373623687934014
9662.192333782670175424
9669.944915892543576774
9677.599599593077073223
9685.144992880907011568
9692.571545901555509772
9699.871909542958746897
9707.040981269134135800
9714.075714139544288628
9720.974780510452546878
9727.738181207283560070
9734.366874466018998646
9740.862473782446613768
9747.227035931980935857
9753.462935050172745832
9759.572801590054950793
9765.559497134207049385
9771.426096970155413146
9777.175860534025559900
9782.812181051103834761
9788.338517420748758013
9793.758320274357174640
9799.074967946162360022
9804.291728322654307703
9809.411757290219611605
9814.438136999768175883
9819.373949041942978511
9824.222370783581936848
3926.977704835115218884
