29.881634222453996586
30.124224966663859959
30.350527371809860711
30.544100593405019595
30.718737409594979226
30.887131037653972498
31.055431753682967155
31.225016845132728349
31.394845889394233041
31.562910462831737846
31.726899826016989437
31.884427610603609082
32.032841356385929998
32.167999128115155827
32.280502461894997168
32.347016967002048204
32.314673165125171295
32.081684101212928795
31.494426289291936882
30.405926424505253181
28.805784467333822363
26.890610382735260941
24.954110791594743546
23.184373710792897327
21.572448453457127471
20.046312595764092634
18.539313522890367381
16.990563973053141922
15.354859968303429696
13.612046834669072837
11.759957117274154825
9.775593897837708823
7.495535027095499458
4.094292650079310647
-2.448579788452917683
-11.265602525051349403
-19.841110826407941659
-26.497317893749197992
-30.662548370813965448
-33.556410415132376102
-35.950189044501485114
-38.080075896657689327
-40.034685948425192237
-41.859443972550707258
-43.585609511841681751
-45.238887827410763975
-46.841643269380654147
-48.412969314453789593
-49.968119961664399398
-51.517922498083407845
-53.068452946891426336
-54.621078059276698013
-56.172841548777853404
-57.717075354729303172
-59.244046463273406289
-60.741389735787862492
-62.193970651019583329
-63.582512827001977485
-64.879359372848199428
-66.037060982288636524
-66.966888880193153000
-67.579012382056163233
-67.907598774042213563
-68.037370587315507464
-68.019928317983072930
-67.877129447326041145
-67.618236871164157265
-67.247668743279660930
-66.768158954398643345
-66.182187956276266050
-65.492718914756920867
-64.703621049503226459
-63.819917241716183298
-62.847882846785751099
-61.794962552027186575
-60.669442415371321431
-59.479824483132404112
-58.233921372337078992
-56.937817256432538215
-55.594971721879460347
-54.205766225123454660
-52.767645165210694813
-51.275760644134521726
-49.723857675704465464
-48.105129184562656519
-46.412882015899242560
-44.640983667930385081
-42.784141412800323678
-40.838094613214764195
-38.799797469295469909
-36.667652350378318715
-34.441832282543771271
-32.124704215973764576
-29.721323897744412079
-27.239904315052825723
-24.692048200033013927
-22.092385085931937283
-19.457136635912178235
-16.801267425733129812
-14.134621718497612619
-11.458905089862838622
-8.768493408313133841
-6.056659958767312446
-3.324617703121134582
-0.587844548050298954
2.123896548671751816
4.772021979556967608
7.316825986435731011
9.724499407313885513
11.971909013520132703
14.048700751901208150
15.956974244137143160
17.709155696157637294
19.324853361463851797
20.827442434210524880
22.240947512235891281
23.587556227120614949
24.885886914671743853
26.149988943015785026
27.388980133668979988
28.607202018582825076
29.804775272314088852
30.978444573627484715
32.122603856363781460
33.230388505034625268
34.294716902783022761
35.309169414421063493
36.268616050306661691
37.169545684442169886
38.010102453370336661
38.789885538117090391
39.509603293992569206
40.170683420816402531
40.774927442747355144
41.324267315506830300
41.820645177155910233
42.266004418284438771
42.662358478672388173
43.011895926787389044
43.317085420145048147
43.580758871926576603
43.806172375594883306
43.997072054107604799
44.157833326918904504
44.293820272285330475
44.412282353981652250
44.524454417033695108
44.649730726228455069
44.818294868904388295
