21.992936362468611833
22.187398538643392953
22.393634332393077102
22.609930315743369533
22.834845209427328427
23.067416470197628087
23.307022051251081507
23.553243338372837457
23.805777827214569697
24.064387085956070678
24.328864789272031999
24.599015443925907221
24.874638437900102872
25.155514195435074498
25.441390310659770080
25.731965973253139168
26.026873061400493725
26.325652031579565460
26.627720172958945000
26.932328783260146565
27.238504206982867117
27.544964923319938066
27.850002292651325320
28.151304524063618828
28.445688829290787680
28.728678892190032457
28.993808559825950510
29.231410963519977031
29.426365319921799824
29.553519536942019386
29.567221623208922665
29.372966596642299919
28.727930530268650955
26.742107584745085092
21.362913974830661346
13.460819763160131401
5.572139147798878867
-0.616855096837696237
-4.554537027215332046
-7.477470281280091058
-10.123310471025433799
-12.660388681133156297
-15.111521554534562028
-17.466839955957283337
-19.707249943869499020
-21.808415035333723608
-23.742969676571334503
-25.486850601381689785
-27.030260741670019797
-28.384672940887071491
-29.577372176556053773
-30.639531632249799031
-31.598134570872900895
-32.473666360990023350
-33.280613442364142429
-34.028364445988870557
-34.721437962921100961
-35.358317245510079374
-35.927358840272802354
-36.395540017515912723
-36.687150970308124442
-36.724127730625497179
-36.551226120344040282
-36.262545086010874229
-35.917731189978098882
-35.545209834234469781
-35.159204833601108930
-34.767398247732785421
-34.374033359714616154
-33.981303188455342479
-33.590045964152096758
-33.200129357595926649
-32.810680036881933574
-32.420228588811937698
-32.026803553206065089
-31.627991899849178026
-31.220975342221095161
-30.802547801902278479
-30.369117107129710575
-29.916692678883180179
-29.440860100834697732
-28.936742835118906214
-28.398950830149345848
-27.821515305031965681
-27.197808525010259473
-26.520446921401543250
-25.781175426250882765
-24.970730436100268435
-24.078678483637503405
-23.093227758303669361
-22.001010682872220059
-20.786839301679151504
-19.433444606085799933
-17.921233935256850600
-16.228155448667678229
-14.329887816276254853
-12.200872605585232122
-9.817368854127010991
-7.164968279037111643
-4.254299584374905407
-1.145158901886617286
2.039303842979450110
5.143547574902186170
8.043562444883548324
10.678315886999342865
13.036005991112034508
15.130083817956688108
16.983531223232887442
18.621285683026343349
20.067132242430147926
21.342632502609660605
22.466908612095409126
23.456761031724937538
24.326899076990486037
25.090193386933265174
25.757915033455589082
26.339949476936283190
26.844983261486731863
27.280665093166305724
27.653744182648466676
27.970188916376912402
28.235288702459939714
28.453741503364710752
28.629729211956004065
28.766982705641055418
28.868838144343186514
28.938285837534891698
28.978012818044248888
28.990440104471019822
28.977755507279880476
28.941942747203313502
28.884807577934282108
28.808001586924717685
28.713044347917474397
28.601344656829667201
28.474221725222548685
28.332927465119098542
28.178671461973550549
28.012651095975769522
27.836090803902777679
27.650297436819926133
27.456744513680149566
27.257210384340964993
27.054022390879737259
26.850522446844905744
26.652022481118052610
26.467858950257152628
26.315434310463871270
26.222918176969528758
