30.041372758016350986
30.221641158167926733
30.393580666880353647
30.561355746656815313
30.728836614286464624
30.898044204995514406
31.069135762964322112
31.240973853402536520
31.411723064072049283
31.579364871676105508
31.742189544325086104
31.899145467122650643
32.049445454115016219
32.190220260897163485
32.310674741528586651
32.381858886023849209
32.344056840794166874
32.100757196080024869
31.537598185431392039
30.577695537130267667
29.234498871158805855
27.588663769263320091
25.719218125140812958
23.733132272560482079
21.803953740883983414
20.038183389540890289
18.431776378074559375
16.925660889353494554
15.446563286892327937
13.925259453286301436
12.295972303043996021
10.468333973957058447
8.222590933503951760
4.704619218551542303
-2.093366413396324788
-11.249084356355467662
-20.168284435570996038
-27.100781145129928973
-31.432933015596773885
-34.378523869065475083
-36.727960428334682774
-38.745876393327222331
-40.548317751287669353
-42.203239675432769218
-43.759251745075317785
-45.255113889280380590
-46.722827374351481922
-48.188223456098313591
-49.670582940978192710
-51.182081169592436254
-52.727536131021224719
-54.304702914284689541
-55.905132202743374137
-57.515417653922099817
-59.118533751342596361
-60.694908901925202827
-62.222815709473593415
-63.677404898374817321
-65.026778960760196924
-66.220827102293498001
-67.169917870523732972
-67.785147980521401223
-68.103351953482814451
-68.213391072743064569
-68.172073480756750996
-68.007073345040680579
-67.733621834576410947
-67.361815136320956299
-66.899322149051926090
-66.352310738824712644
-65.725599517226044100
-65.022425667403496163
-64.244034869598920068
-63.389273402568079518
-62.454400590515433578
-61.433384953504344139
-60.318928831603500385
-59.104296218698721077
-57.785656740638984274
-56.364230959959655820
-54.847345872728340055
-53.247843140937334283
-51.581981788071061601
-49.866561280538348910
-48.116122778829861772
-46.340832792297931064
-44.545284150432109982
-42.728160941364109249
-40.882562535035305018
-38.996744211470740993
-37.055066674380952918
-35.039017668049581289
-32.928251292281629503
-30.701673166354964906
-28.338684644344255048
-25.820799263666543766
-23.133968850208560752
-20.272069538474312367
-17.241912016243503558
-14.069365828234452920
-10.804147090830383604
-7.518403427010383666
-4.295504899092861706
-1.212764900000536272
1.672497551907298430
4.328003585212684357
6.744420273548684008
8.930301208749455100
10.906736874712407825
12.702678322792991139
14.351112295606611724
15.886038742877957475
17.340140989742991451
18.743009793986743716
20.119775040962821322
21.490023235238226107
22.866935140119608150
24.256656444991051558
25.658001372186333811
27.062665388609786987
28.456158495886114679
29.819622368807699786
31.132522781927264077
32.375914701671661078
33.535649901671035877
34.604711678291437238
35.583985944710917693
36.481226398596731997
37.308548633278320494
38.079215628474571531
38.804591130268903498
39.491967784765364513
40.143662270097934197
40.757432303802943352
41.327969140640647083
41.848984815113652758
42.315293480086609179
42.724336588493684985
43.076827487711852882
43.376505007819247339
43.629246256270647564
43.841895974157750970
44.021131479601933734
44.172598770481357633
44.300553099609714991
44.408417982316819916
44.501101931099356079
44.590263828331615059
44.699567196803457136
