48.031134137727320876
48.147630337322425476
48.264083079968827406
48.379738304258182779
48.493647024453167660
48.604613682268805519
48.711127662157238660
48.811271274995419844
48.902594336956923371
48.981940576109693097
49.045203379190837722
49.086976067772695842
49.100042150851052725
49.074619616417351153
48.997225890157409367
48.848969419169350203
48.603045246065548213
48.221442091995058377
47.652219863574856618
46.833474768857755066
45.718771048570033599
44.328642108587899884
42.773146766885048464
41.196575183664378983
39.707785399080606226
38.350995467301046915
37.109751964703093563
35.927123208212833561
34.728272931507518706
33.436658925338065274
31.980142714393764436
30.274024885389167139
28.121246604417990511
24.698458907645317595
18.019984418564831685
9.010463183089740369
0.247980517138358891
-6.542007443442116710
-10.767831249580041231
-13.654855449264744038
-15.992188199746777855
-18.032262638505841323
-19.872988994898435067
-21.564254224647442015
-23.141497779885241926
-24.637305808465100654
-26.083787846933120136
-27.510842225525806271
-28.943287727871705783
-30.398420289370335468
-31.884476080120521146
-33.400080489594728306
-34.934853075036585324
-36.471314086133929777
-37.987779296704957233
-39.461341855299394865
-40.869774207997068061
-42.191173869758614501
-43.399666477824752064
-44.453127643877650144
-45.270402115374452023
-45.770097437668255225
-45.994447209670738630
-46.034930856763537577
-45.948047934881657284
-45.758557382376181977
-45.476823008929784464
-45.106946874837291261
-44.650329101415678679
-44.107392141648858797
-43.478470152259120596
-42.764290713955460888
-41.966272877391531892
-41.086754105076522592
-40.129168032541628008
-39.098122204043278316
-37.999288396152763880
-36.839036610996117815
-35.623820142704261116
-34.359427702836626395
-33.050307457255229338
-31.699182205371585042
-30.307092026966444109
-28.873848534860456994
-27.398726621296049188
-25.881118000333799500
-24.320862873088600509
-22.718068311656566038
-21.072393475529992202
-19.381984723331441955
-17.642405848291474513
-15.845954661623039783
-13.981660374507072220
-12.036082012666440733
-9.994893422126125415
-7.845204413107410346
-5.578565916543169578
-3.194488345930238893
-0.703932618295198154
1.868348699735634000
4.484149900921323706
7.095912118387104783
9.654038932144544560
12.114962334650385856
14.446972043627994253
16.632264991439626556
18.665724578551504464
20.552013455095305972
22.302419138740873450
23.932231402761743766
25.458860240075125603
26.900597075683919002
28.275810757674435081
29.602348404242832203
30.896917218969520036
32.174247442171576949
33.445913542786087191
34.718873142058839676
35.994073194002652372
37.265741506344255640
38.521996876901710039
39.747032412619404340
40.924465379165724244
42.040822583132950285
43.087948640367216058
44.063636054625760607
44.970674858398894003
45.815091208290596114
46.604270289216003675
47.345277288547265471
48.043455688582128005
48.701434160392636841
49.318827621118629168
49.892867508717927194
50.419819774486171582
50.896599471602314679
51.321881714625106952
51.696371404007180672
52.022408475281650908
52.303334103488765550
52.542955342332845703
52.745245912263214905
52.914297016308438515
53.054519739954116631
53.171176956388620738
53.271499082541595271
53.366973676347583933
53.477569412414538874
53.634170047915660007
