110.678995854076106298
1.626989737221570254
1.378688464908211841
26.801332399983181176
71.399964308322680040
126.107470655812079485
185.754454249604009419
248.285440262302330439
313.385900596078556646
381.359044716718472046
452.478403136821782482
526.586359889594177730
602.826957828583999799
679.668965857259649965
755.675067191948869549
831.685577147153594524
914.988172498526864729
1025.260524906992486649
1200.016851545847430316
1493.852158201107158675
1964.511158145178342238
2648.472882429301080265
3545.819835120678817475
3386.160199397267660970
3399.884368446908410988
3561.610662552776375378
3845.696418027140680351
4233.846603340334695531
4715.124569821238765144
5281.679529518285562517
5924.346063831943865807
6630.481865250868395378
7384.315898643622858799
8168.799390812884666957
8395.356051712129556108
8142.039342410006611317
7874.902750652515351248
7789.034209050688332354
8346.794730338317094720
8866.146493268428457668
9348.258025586650546757
9796.911649068091719528
10217.713210964668178349
10617.339002067252295092
11002.830764743990584975
11380.952469502979511162
11757.630759697964094812
12137.507118189510947559
12523.628969248842622619
12917.297410238530574134
13318.072876110998549848
13723.921296302054543048
14131.467491746116138529
14536.313634031297624460
14933.379846126335905865
15317.230151548286812613
15682.357134313990172814
16023.409837618732126430
16335.359360105379892047
16613.604140707640908659
16854.021832527352671605
17135.370103638815635350
17402.021094437783176545
17622.003491583047434688
17793.439483954163733870
17914.801694149173272308
17984.837296577308734413
18002.500792319733591285
17966.899381715913477819
17877.253796015647822060
17732.876537705884402385
17533.168660224826453486
17277.635434051084303064
16965.920447740489180433
16597.856826184481178643
16173.533274802759478916
15693.371526772518336657
15158.210426298195670824
14569.390309982325561577
14342.349227939152115141
14068.198742126720389933
13751.563756743893463863
13397.026116106884728651
13009.057114955901852227
12591.918542214181798045
12149.535178309868570068
11685.346246666525985347
11202.148819807198378840
10701.952450486087400350
10185.871047050157358171
9654.084933823654864682
9105.912953539502268541
8540.041501254436298041
7954.965198307113496412
7349.703491483755897207
6724.868769788439749391
6084.169809759109739389
5436.420892866720350867
4798.041781057711887115
4195.770833955643865920
3668.713582435557327699
9459.587439236733189318
8453.221762511364431703
7521.584027857417822815
6682.377769691794128448
5950.936344279351033038
5337.030499268896164722
4842.252626530529596494
4459.093012691622789134
4172.148943909246554540
3960.943142930460453499
3803.270641576109483140
3678.099454099623926595
3567.532991489170399291
3457.800341946426215145
3339.485271901645774051
3207.255868860802820564
3059.307665936218199931
2896.660227892032708041
2722.388750858712683112
2540.839428415460133692
2356.868148825907610444
2175.148617952454969782
1999.606678004653304015
1833.039109649594365692
1676.957390586518840792
1531.659385279540174452
1396.486656362175381219
1270.189749665075169105
1151.310802741241559488
1038.502871449315989594
930.730724012126415801
827.329927688544785269
727.934752975871674607
632.317894644834836981
540.212496658252462112
451.204447414488697632
364.787231892311638148
280.663557244810476732
199.358241334104462794
123.166433542585807004
57.372719920059779497
11.499485452890400694
0.052499109347331978
0.000000000011606115
0.000000000000006880
0.000000000000000008
0.000000005742452448
26.858586633354253337
59.879227189343950499
7.320628619832199035
0.474517923148874643
0.237302639914740349
2.715237666416819184
9.730517421449844662
19.197335641972827602
29.645733935063525166
40.723824362612511152
52.474549905629842783
64.975020725736925442
78.147293586053734771
91.642605091094822001
104.847210816102403896
117.187453731514949595
128.998959627849274057
143.187118636700063234
167.594279264192948631
217.170746974338527480
313.674822816015534954
480.121333526374598932
731.054753457405126937
1066.523374558941213763
980.566146777343533358
963.259220248584597357
1004.527210890887545247
1094.193297428910909730
1225.009762094757661544
1392.662372540386058972
1594.068781822349592403
1825.625925087164432625
2082.348841125486160308
2358.009326884566235094
2645.873097882618822041
3078.120219462678051059
3626.734585978503218939
4170.021565004513831809
4652.620278260712439078
4956.546232779284764547
5245.553199382466118550
5520.176554681704146788
5781.993102129317776416
6033.306159216363084852
6276.845608925535998424
6515.487261555537770619
6751.996964666418534762
6988.808162312395324989
7227.844047889551802655
7470.395114670493967424
7717.059113262272148859
7967.743893595056761114
8221.726141167691821465
8477.752717428096730146
8734.167758201743708923
8989.048389616535132518
9240.334366183178644860
9485.940989149527013069
9723.849123015987061081
9952.170099388011294650
10169.186314901700825430
10373.370303105273706024
10543.438384333041540231
10691.107917826499033254
10822.740196192740768311
10937.677129649453490856
11035.389541485092195217
11115.445242497431536322
11177.480777700111502782
11221.178465188619156834
11246.249906080191067304
11252.426769425959719229
11239.459317044058479951
11207.122807813151666778
11155.231589620532759000
11083.660328850281075574
10992.371426851559590432
10881.447210572672702256
10751.124939476556392037
10601.832038386861313484
10596.925639424163819058
10575.433149877488176571
10539.080232330683429609
10489.570241023116977885
10428.558644524793635355
10357.614726067557057831
10278.171704890793989762
10191.468263299671889399
10098.486671489497894072
9999.895215315953464597
9896.005334152239811374
9786.756643823395279469
9671.745781889670979581
9550.317816260083418456
9421.742068959760217695
9285.498009689456011984
9141.701355887897079811
8991.703756638165941695
8838.894030453073355602
8689.694959215972630773
8554.644880758029103163
8449.214329632082808530
6894.567711815268012288
6286.197031642673209717
5730.682392821764551627
5240.638870024224161170
4826.993097154591850995
4496.696641432145042927
4250.852483621142710035
4084.053014871537925501
3985.245097425080984976
3939.747360305160327698
3931.645887620169105503
3945.870513669725824002
3969.599396716826504417
3992.967565715040109353
4009.230368327371706982
4014.569345985388281406
4007.692951883306704985
3989.332376944831139554
3961.690914093694573239
3927.881794240568979149
3891.382830861207366979
3855.540867834130040137
3823.166655772120520851
3796.261862471542372077
3775.907170319094348088
3762.313573980115506856
3755.006580709300123999
3753.087724031562174787
3755.508498007571688504
3761.299011811346645118
3769.711815250472682237
3780.264307155722690368
3792.687261897789994691
3806.810255077287365566
3822.434445260008942569
3839.255679665431671310
3856.903982339299091109
3875.159703263499068271
3894.392480526142662711
3916.240226584200627258
3944.481975361596596485
3985.931483630424736475
4050.964496227988547616
4123.119370207453357580
4194.259032041961290815
4264.360355365829491348
4333.433009470288197917
4420.714106144022480294
7464.106682206366713217
