3171.554448356490865990
3164.013994429473314085
3156.473540502455762180
3148.933086575438210275
3141.392632648420658370
3133.852178721403106465
3126.311724794385554560
3118.771270867368002655
3111.230816940350450750
3103.690363013332898845
3096.149909086315346940
3088.609455159297795035
3081.069001232280243130
3073.528547305261781730
3065.988093378244229825
3058.447639451226677920
3050.907185524209126015
3043.366731597191574110
3035.826277670174022205
3028.285823743156470300
3020.745369816138918395
3013.204915889121366490
3005.664461962103814585
2998.124008035086262680
2990.583554108068710775
2983.043100181051158870
2975.502646254033606965
2967.962192327015145565
2960.421738399997593660
2952.881284472980041755
2945.340830545962489850
2937.800376618944937945
2930.259922691927386040
2922.719468764909834135
2915.179014837892282230
2907.638560910874730325
2900.098106983857178420
2892.557653056839626515
2885.017199129822074610
3069.053429795151714643
3317.637060929072504223
3566.220692062993293803
3814.804323196914083383
4063.387954330836691952
4311.971585464757481532
4560.555216598678271112
4809.138847732601789176
5057.722478866522578755
5116.296395540189223539
5106.675044831828927272
5097.053694123469540500
5087.432343415109244233
5077.810992706748947967
5068.189641998388651700
5058.568291290028355434
5048.946940581668968662
5039.325589873308672395
5029.704239164948376128
5020.082888456588079862
5010.461537748228693090
5000.840187039868396823
4991.218836331508100557
4981.597485623147804290
4971.976134914787508023
4962.354784206428121252
4952.733433498067824985
4943.112082789707528718
4933.490732081347232452
4923.869381372987845680
4914.248030664627549413
4904.626679956267253147
4895.005329247906956880
4885.383978539546660613
4875.762627831187273841
4866.141277122826977575
4856.519926414466681308
4846.898575706106385041
4837.277224997746998270
4827.655874289386702003
4818.034523581026405736
4808.413172872666109470
4798.791822164305813203
4789.170471455946426431
4779.549120747586130165
4769.927770039225833898
4760.306419330865537631
4750.685068622506150859
4741.063717914145854593
4731.442367205785558326
4721.821016497425262060
4712.199665789065875288
4702.578315080705579021
4692.956964372345282754
4683.335613663984986488
4673.714262955624690221
4664.092912247265303449
4654.471561538905007183
4644.850210830544710916
4635.228860122184414649
4625.607509413825027877
4615.986158705464731611
4606.364807997104435344
4596.743457288744139078
4587.122106580383842811
4577.500755872024456039
4567.879405163664159772
4558.258054455303863506
4548.636703746943567239
4539.015353038583270973
4529.394002330223884201
4519.772651621863587934
4510.151300913503291667
4500.529950205142995401
4490.908599496783608629
4481.287248788423312362
4471.665898080063016096
4462.044547371702719829
4452.423196663343333057
4442.801845954983036791
4433.180495246622740524
4423.559144538262444257
4413.937793829902147991
4404.316443121542761219
4394.695092413182464952
4385.073741704822168685
4375.452390996461872419
4365.831040288102485647
4356.209689579742189380
4346.588338871381893114
4336.966988163021596847
4327.345637454662210075
4317.724286746301913809
4308.102936037941617542
4298.481585329581321275
4288.860234621221025009
4279.238883912861638237
4269.617533204501341970
4259.996182496141045704
4250.374831787780749437
4240.753481079420453170
4231.132130371061066398
4221.510779662700770132
4211.889428954340473865
4202.268078245980177599
4192.646727537619881332
4183.025376829260494560
4173.404026120900198293
4163.782675412539902027
4154.161324704180515255
