37128.177243910846300423
37116.133463332538667601
37104.089682754238310736
37092.045902175930677913
37080.002121597623045091
37067.958341019322688226
37055.914560441015055403
37043.870779862714698538
37031.826999284407065716
37019.783218706106708851
37007.739438127799076028
36995.695657549491443206
36983.651876971191086341
36971.608096392883453518
36959.564315814583096653
36947.520535236275463831
36935.476754657975106966
36923.432974079667474143
36911.389193501359841321
36899.345412923059484456
36887.301632344751851633
36875.257851766451494768
36863.214071188143861946
36851.170290609843505081
36839.126510031535872258
36827.082729453228239436
36815.038948874927882571
36802.995168296620249748
36790.951387718319892883
36778.907607140012260061
36766.863826561711903196
36754.820045983404270373
36742.776265405096637551
36730.732484826796280686
36718.688704248488647863
36706.644923670188290998
36694.601143091880658176
36682.557362513580301311
36670.513581935272668488
36658.469801356965035666
36646.426020778664678801
36634.382240200357045978
36622.338459622056689113
36610.294679043749056291
36598.250898465448699426
36586.207117887141066603
36574.163337308833433781
36562.119556730533076916
36550.075776152225444093
36538.031995573925087228
36525.988214995617454406
36513.944434417317097541
36215.231212508013413753
35858.070822947905980982
35500.910433387798548210
35143.750043827691115439
34786.589654267590958625
34429.429264707483525854
34072.268875147376093082
33715.108485587268660311
33399.597605970564472955
33392.575469497896847315
33385.553333025236497633
33378.531196552576147951
33371.509060079915798269
33364.486923607255448587
33357.464787134587822948
33350.442650661927473266
33343.420514189267123584
33336.398377716606773902
33329.376241243946424220
33322.354104771286074538
33315.331968298618448898
33308.309831825958099216
33301.287695353297749534
33294.265558880637399852
33287.243422407977050170
33280.221285935309424531
33273.199149462649074849
33266.177012989988725167
33259.154876517328375485
33252.132740044668025803
33245.110603572000400163
33238.088467099340050481
33231.066330626679700799
33224.044194154019351117
33217.022057681359001435
33209.999921208698651753
33202.977784736031026114
33195.955648263370676432
33188.933511790710326750
33181.911375318049977068
33174.889238845389627386
33167.867102372722001746
33160.844965900061652064
33153.822829427401302382
33146.800692954740952700
33139.778556482080603018
33132.756420009412977379
33125.734283536752627697
33118.712147064092278015
33111.690010591431928333
33104.667874118771578651
33097.645737646111228969
33090.623601173443603329
33083.601464700783253647
33076.579328228122903965
33069.557191755462554283
33062.535055282802204601
33055.512918810134578962
33048.490782337474229280
33041.468645864813879598
33034.446509392153529916
33027.424372919493180234
33020.402236446825554594
33013.380099974165204912
33006.357963501504855230
32999.335827028844505548
32992.313690556184155867
32985.291554083523806185
32978.269417610856180545
32971.247281138195830863
32964.225144665535481181
32957.203008192875131499
32950.180871720214781817
32943.158735247547156177
32936.136598774886806495
32929.114462302226456814
32922.092325829566107132
32915.070189356905757450
32908.048052884238131810
32901.025916411577782128
32894.003779938917432446
32886.981643466257082764
32879.959506993596733082
32872.937370520936383400
32865.915234048268757761
32858.893097575608408079
32851.870961102948058397
32844.848824630287708715
32837.826688157627359033
32830.804551684959733393
32823.782415212299383711
32816.760278739639034029
32809.738142266978684347
32802.716005794318334665
32795.693869321650709026
32788.671732848990359344
32781.649596376330009662
