4952.550226370000018505
4952.550226370000018505
4952.550226370000018505
4952.550226370000018505
4952.550226370000018505
4952.550226370000018505
4952.550226370000018505
4952.550226370000018505
4952.550226370000018505
4952.550226370000018505
4952.550226370000018505
4952.550226370000018505
4952.550226370000018505
4952.550226370000018505
4952.550226370000018505
4952.550226370000018505
4952.550226370000018505
4952.550226370000018505
4952.550226370000018505
4952.550226370000018505
4952.550226370000018505
5482.994269618468933913
6169.940080195268819807
6856.885890772068705701
7543.831701348864953616
7651.997367532453608874
7671.327011553511511011
7690.656655574569413147
7709.986299595627315284
7729.315943616685217421
7748.645587637743119558
8286.134398787944519427
9233.286955795936592040
10180.439512803928664653
11127.592069811922556255
11191.886108593444077997
11213.250451985140898614
11234.614795376837719232
11255.979138768534539849
11277.343482160231360467
11459.859297473280093982
12136.396838192242285004
12812.934378911204476026
12902.411924621101206867
12496.489400188256695401
12090.566875755412183935
11927.434033275845649769
11972.536535991675918922
12017.639038707506188075
12062.741541423336457228
12107.844044139166726382
12236.803329561595091945
12921.797589539637556300
13606.791849517680020654
14291.786109495729760965
14976.780369473772225319
15472.367987820995040238
15573.848618928812356899
15675.329250036627854570
15776.809881144445171230
15878.290512252262487891
15979.771143360077985562
16081.251774467895302223
16221.959431054019660223
16664.784003160886641126
17107.608575267753622029
17550.433147374620602932
17657.044763976809917949
17685.039420834909833502
17713.034077693009749055
17741.028734551109664608
17769.023391409209580161
17797.018048267309495714
17825.012705125405773288
17853.007361983505688841
17828.881073497239412973
17329.284120350246666931
16829.687167203253920889
16330.090214056255717878
15927.189445390000400948
15927.189445390000400948
15927.189445390000400948
15927.189445390000400948
15927.189445390000400948
15927.189445390000400948
15627.964802253995003412
15247.412435599995660596
14866.860068946003593737
14486.307702292004250921
14105.755335638006727095
14110.135593815613901825
14122.436276373473447165
14134.736958931332992506
14147.037641489190718858
14159.338324047050264198
14171.639006604909809539
14183.939689162767535890
14196.240371720627081231
14208.541054278486626572
14134.501361172297038138
12849.080033805850689532
11906.983971380561342812
11921.481204396362954867
11935.978437412164566922
11950.475670427967997966
11964.972903443769610021
11979.470136459571222076
11993.967369475372834131
12008.464602491176265175
12022.961835506977877230
12037.459068522779489285
12051.956301538581101340
12066.453534554382713395
12080.950767570186144440
12095.448000585987756494
12109.945233601789368549
12124.442466617590980604
12138.939699633394411649
12039.499203331499302294
11795.945688670562958578
11552.392174009622976882
11308.838659348682995187
11065.285144687748470460
11049.572014710000075866
11049.572014710000075866
11049.572014710000075866
11049.572014710000075866
11049.572014710000075866
11049.572014710000075866
11049.572014710000075866
11049.572014710000075866
10991.540568768637967878
10880.834425741923041642
10770.128282715206296416
10680.109697274856443983
10663.541430971763475100
10646.973164668670506217
10630.404898365577537334
10613.836632062482749461
10597.268365759389780578
10580.700099456294992706
10564.131833153202023823
10547.563566850109054940
10530.995300547016086057
10514.427034243921298184
10497.858767940826510312
10481.290501637733541429
10464.722235334640572546
10448.153969031547603663
