321.087456174846806789
321.087456174846806789
50.830530312255248759
5.581694975121457070
3.327552877164787759
2.789654398145607228
2.458105202265539635
2.218763837902774760
2.034451731892050752
1.887095311289479493
1.766204953299952640
1.665101548400436116
1.579288401497233485
1.505612522841942136
1.441787079750304512
1.386103403575718040
1.337250433244710601
1.328939858181763967
1.028113820315505578
0.956253596475687528
0.928432433891742348
0.915153941462727993
0.907580634141582743
0.902743885346371178
0.899451157398534762
0.897127404336420353
0.895452406410825352
0.893329521755907963
