-82.935524173129209657
-76.688612097776712062
-68.302465107093610186
-63.343635300858416315
-66.208591909233817319
-72.650472828698113403
-78.964552961609868476
-83.610621269257961785
-84.297835660141529956
-80.777211327733255075
-75.305267751197135340
-69.265466751065545736
-62.792898555475488820
-57.305785834460003514
-60.521799736440222262
-77.132587063482731082
-101.670956570430263355
-118.320173724591569453
-125.001598207512259364
-133.293060969045882302
-145.391534211273778965
-152.920089812926647710
-157.234677339534925977
-162.486449880473912799
-165.971925301093364169
-166.940250980613001275
-171.204837124454485320
-172.968266348015959011
-169.905613300357089201
-161.332738624296297303
-155.242782816793578604
-153.880102694540056518
-153.680554842807197247
-150.438299997889203041
-152.757988650634302985
-160.728751436565403310
-164.640764840558858850
-163.326637443778849956
-170.348385509011194472
-187.435592023140571882
-209.023204130647428656
-224.200652684475699061
-234.424895168414138880
-242.635593752851036697
-257.921614911112840218
-286.388834384287520152
-323.549986331799743766
-358.585232161175042620
-390.288964445926637836
-424.012579526648949013
-456.635315585713669861
-469.245511744957639166
-465.848628191053194314
-445.436678908689884793
-424.239562480216193308
-416.291830888031881841
-433.908705515850840584
-477.526707791111221013
-530.592361006698865822
-565.659568356026966285
-590.341547205127994857
-627.317883786738093477
-709.210080649824249122
-842.793092718246271033
-1011.203163160064150361
-1176.682916839648669338
-1320.703150967500278057
-1436.349762125986444516
-1528.905401175982206041
-1605.281037341063438362
-1673.203045548641966889
-1739.050174006305041985
-1805.710284075830031725
-1873.640847108118350661
-1926.870500852762233990
-1951.639023436929846866
-1953.870087903715329958
-1955.865557399338968025
-1985.261448847215433489
-2068.241057918743535993
-2195.342258212430351705
-2304.479242938165043597
-2348.018255877606407012
-2361.347861621144147648
-2365.094922474067971052
-2377.259773527410288807
-2407.321913131094333949
-2442.968488277815140464
-2466.882678557483359327
-2474.400001980932302104
-2486.852372701786862308
-2499.421071908107023773
-2515.053238117316141143
-2527.662003979482051363
-2536.215007134937877709
-2544.728242748552020203
-2544.784200857667656237
-2543.284244466056861711
-2553.284702463823578000
-2577.060951535376261745
-2599.996627946598891867
-2614.793766073963070085
-2617.070981792816382949
-2605.415161562684716046
-2599.579987634844655986
-2609.628309112281385751
-2643.409089547220446548
-2693.517844639108261617
-2738.666038831431706058
-2765.085528787014027330
-2776.094186328370142292
-2783.081520830611680140
-2804.355873731660722115
-2849.375750767570025346
-2900.582502850219043466
-2957.226393897206889960
-3022.313452333338773315
-3086.986108251331643260
-3146.883410321168412338
-3202.462799191223439266
-3258.349302499967961921
-3314.001994296116208716
-3371.903116864122239349
-3408.097770171832507913
-3407.963698570701126300
-3427.073588314598055149
-3444.840152924246012844
-3451.891384760250275576
-3451.399791129839286441
-3455.048839605652119644
-3472.877427694093512400
-3506.621594687418109970
-3546.016356641037418740
-3582.501990668482903857
-3608.361852052308677230
-3610.652843060326631530
-3590.177819252361587132
-3563.960681312692486244
-3545.451077847078067862
-3541.232778918030817294
-3552.275785616507619125
-3572.375586825542086444
-3590.792269747807949898
-3598.851167491236992646
-3601.739528169748155051
-3597.754999382049845735
-3588.203890970511565683
-3576.189796286854743812
-3568.507170527449488873
