4422.040777783958219516
4411.246843296499719145
4398.864486170542477339
4385.174191342795893434
4370.544141312711872160
4355.305121027177847282
4339.706791500358121993
4323.946450407090196677
4308.235505891098000575
4292.865609274340386037
4278.238380377629255236
4264.825590897072288499
4253.032337142197320645
4242.948688075618520088
4234.000794882652371598
4224.553646937297344266
4211.571879568996337184
4190.500757169013013481
4155.567468829235622252
4100.703670200609849417
4021.243207060969325539
3916.450438522745116643
3792.760529356967253989
3784.095329558964294847
3804.813459837305799738
3896.715297672932138084
4104.765731130340100208
4464.454032522910893022
4989.476105208369517641
5667.710791890231121215
6467.574969200776649814
7348.909631646381058090
8271.934671063630958088
9202.101274052249209490
10111.698297453302075155
10979.967496225175636937
11792.665403772063655197
12540.583413757889502449
13218.100603811408291222
13821.686303057820623508
14349.941184870396682527
14803.122533885134544107
15182.780214386642910540
15491.477897862700046971
15732.577417558919478324
15910.068075022341872682
16028.426469365907905740
16092.495702608926876565
16107.375648186727630673
16078.318451483504759381
16010.625660991696349811
15909.545437492122800904
15780.170177610016253311
15627.336589864740744815
15455.531709639360997244
15268.809447964929859154
15070.722952251126116607
14864.278259362698008772
14651.914424991227861028
14435.514554981915352982
14216.451006592618796276
13995.666562516727935872
13773.792477419450733578
13551.288015204134353553
13328.619644926124237827
13106.468403927665349329
12885.954688856894790661
12668.867823044383840170
12457.883054984840782708
12256.743047932748595485
12070.374990224416251294
11904.909661590443647583
11767.567816751910868334
11666.385912942352661048
11609.771376538528784295
11605.908818751833678107
11662.078870407836802769
11783.989108132871479029
11975.235189054377769935
11444.212641808962871437
10987.582227781236724695
10606.689197312982287258
10300.004188465529296082
10063.138216516186730587
9889.205612916453901562
9769.452137470447269152
9694.016437865397165297
9652.691023500648952904
9635.582847198804302025
9633.621085783113812795
9638.901532270645475364
9644.883955526473073405
9646.470621335149189690
9639.995220257842447609
9623.146776644860437955
9594.846619004132662667
9555.090555652117473073
9504.764191014035532135
9445.437223512659329572
9379.142498907733170199
9308.147102938168245601
9234.725159473329767934
9160.681147463632441941
9088.483910162352913176
9019.807909800014385837
8955.391946963418376981
8894.983963465327178710
8837.375236047992075328
8780.518792887949530268
8721.719583253972814418
8657.878749638002773281
8585.771481624848092906
8502.336926240734101157
8404.958711158749792958
8291.715043003410755773
8161.577623173981010041
8014.538895034626875713
7851.648281073097678018
7674.941790475387279002
7487.257906516143521003
7291.947792220994415402
7092.509330181980658381
6892.198230022649113380
6693.687060385101176507
6498.844551545646027080
6308.686691301156315603
6123.511161345370965137
5943.180428583363209327
5767.482369981701594952
5596.480602113397253561
5430.769371370872249827
5271.563824669126915978
5120.582502556081635703
4979.718281456113800232
4850.549775507893173199
4733.807412995316553861
4628.949528345707221888
4533.993705967745881935
4445.680576770180778112
4359.949455417057833984
4272.622309721912642999
4180.154730356378422584
4080.319780551620169717
3972.720475184310089389
3859.051452513661843113
3743.030423381687796791
3629.895104112722947320
3525.358166061332212848
3434.074777270435333776
5745.079001377214808599
5750.636209326850803336
5756.300509557397163007
5762.067567194645562267
5767.932174278141246759
5773.888228343065748049
5779.928722906809525739
5786.045753935703942261
5792.230548424187873024
5798.473525974420226703
5804.764409831181183108
5811.092412057048932184
5817.446526317901771108
5823.815973119762020360
5830.190852583994455927
5836.563069681594242866
5842.927602499031308980
5849.284183546691565425
5855.639454191633376468
5862.009630414110688434
5868.423682001362067240
5874.926978012937070162
5881.585289968326833332
5888.488976946323418815
5895.757109632588253589
5903.541234928440644580
5912.028446348681427480
5921.443418631375607220
5932.049092112842117785
5944.145755257665769022
5958.068367179302185832
5974.182078247853496578
5992.876032844822475454
6014.555660225883002568
6039.633765660008066334
6068.520812500155443558
6101.614832547810692631
6139.291414112090933486
6181.894197863699446316
6229.726264662027460872
6283.042734154272693559
6342.044816340763645712
6406.875476098426588578
6477.616789487945425208
6554.288994731577986386
6636.851172261218380299
6725.203429485248307174
6819.190416872013884131
6918.605963722414344375
7023.198592667416960467
7132.677653299884696025
7246.719805292780620221
7364.975580289397839806
7487.075760287641969626
7612.637326799656875664
7741.268760405694592919
7872.574504818509012694
8006.158450856287345232
8141.626346035860478878
8278.587091123581558350
8416.652946979898842983
8555.438739990275280434
8694.560221049954634509
8833.631798156753575313
8972.263922047080995981
9110.060454776823462453
9246.616386375275396858
9381.516280263975204434
9514.333818824130503344
9644.632781026952216052
9771.969712303649430396
9895.898442378402251052
10015.976472436970652780
10131.773096599785276339
10242.878955263779062079
10348.916556271793524502
10449.551161234800019884
10544.501337881110885064
10633.548439968017191859
10724.222638538552928367
10808.770463712024138658
10887.196208901679710834
10959.581993939897074597
11026.084177868104234221
11086.926887538818846224
11142.393080330053635407
11192.813719662537550903
11238.555741883401424275
11280.009528986038276344
11317.576578663620239240
11351.657988576826028293
11382.644260640545326169
11410.906798746493223007
11436.791331706075652619
11460.613355770468842820
11482.655565609451514320
11503.167134154064115137
11522.364615914393652929
11540.434183467406910495
11557.534866168683947762
11573.802441278308833716
11589.353629965027721482
11604.413061327511968557
11619.053966304829373257
11633.343392816930645495
11647.344303733874767204
11661.117019503080882714
11674.719981137955983286
11688.209864995185853331
11701.641130263633385766
11715.065121050422021654
11728.528873484117866610
11742.073793828045381815
11755.734373203355062287
11769.537090369689394720
11783.499625931230184506
11797.630473405983138946
11811.928987522733223159
11826.385864377911275369
11840.984004745376296341
11855.699678394470538478
11870.503885210551743512
11885.363801601159138954
11900.244207870173340780
11915.108811133741255617
11929.921405478902670438
11944.646840828891072306
11959.251798639308617567
11973.705392504465635284
11987.979621738897549221
12002.049705345298207249
12015.894315509449370438
12029.495715452461809036
12042.839793550901958952
12055.915975841118779499
12068.716997801981051452
12081.238524031481574639
12093.478620959362160647
12105.437109706395858666
12117.114848601146150031
12128.513013381878408836
12139.632452028872648953
12150.473188112262505456
12161.034130410766010755
12171.313020575575137627
12181.306617138558067381
12191.011081146338256076
12200.422501989598458749
12209.537485384629690088
4636.620260767828767712
