48.122100955222592233
48.222608159396060046
48.325871199594160998
48.430292928835754651
48.534217120137455481
48.636092247569706615
48.734413376175766075
48.827622734632427637
48.914017922637697211
48.991668112099858945
49.058329720186392819
49.111352879240413927
49.147570356987628770
49.163159781229751388
49.153467876101387901
49.112781580545316729
49.034024794225459232
48.908349974490050727
48.724578979147125324
48.468424356880973392
48.121386095304572450
47.659163476205193888
47.049343933018917596
46.248052005679738841
45.195302629267857242
43.809624261683623558
41.986229471418624826
39.613495840412468851
36.630354359415235876
33.099095419999315482
29.182349913909689576
25.001003421100790547
20.463797120588480993
14.774401180450439597
5.940667635111708478
-5.120906538141497322
-15.829292520204518269
-24.445500397317601937
-30.360137593665285749
-34.783526188200767137
-38.496676101511951629
-41.751283355078271597
-44.648754926888699401
-47.241819295404724244
-49.564028070033998574
-51.640050440719306835
-53.489806063936498504
-55.130314733405384686
-56.576598261302450510
-57.842144160402142461
-58.939143207430532811
-59.878597731019453931
-60.670345729626177445
-61.323010822240689777
-61.843847063307578082
-62.238379586978822999
-62.509599368303355504
-62.656111425851719332
-62.667616947216259859
-62.513382138078924299
-62.120706475911447342
-61.415019919307127338
-60.444774347496604605
-59.307639620704151184
-58.066376801133202434
-56.751804961245170489
-55.379704537818213339
-53.958576744524037849
-52.493095380773155512
-50.986080659755373290
-49.439952756977874060
-47.857931767908723941
-46.244978652563133892
-44.608353952760580796
-42.957639832528315083
-41.304122085524198837
-39.659566812139786407
-38.034625971251898591
-36.437288218104669113
-34.871846284807872962
-33.338709440397536810
-31.835084176615509932
-30.356213928907294530
-28.896670467354368839
-27.451218030196599784
-26.014998575322579200
-24.583089757624208005
-23.149726491260537387
-21.707563250054732862
-20.247276764302483798
-18.757631140848360474
-17.225954916751703649
-15.638897513400678463
-13.983357798791075766
-12.247562454636522489
-10.422345132765201470
-8.502677239929539610
-6.489388369802071566
-4.390785070055017059
-2.223599840431205621
-0.012560516245656572
2.211892740483420994
4.417521813293575406
6.574794561760057832
8.660590263992901328
10.660150131617740499
12.567179850206201763
14.382680500697460957
16.113254144810895241
17.769433041790051675
19.364287877745283595
20.912344150850685764
22.428708394951286209
23.928252092334332701
25.424700733970951205
26.929534557123247396
28.450744213115712000
29.991685241431241593
31.550451194230163310
33.120199754881099352
34.690642739808055239
36.250501031943855423
37.790256341416807118
39.304183376058460908
40.790710880796922311
42.250874257760614228
43.685746564772671263
45.094472491264895098
46.474067673218911523
47.820537373486786237
49.129540088921402230
50.395403876052370151
51.609492899156180101
52.760370049335250542
53.836958939093449317
54.832960682967268440
55.749508506537949870
56.594803790207691918
57.381733879640677287
58.124952906334755198
58.838191006356282742
59.532032014953756516
60.212440175830693079
60.880448311631141678
61.533216576521226671
62.166402543966569283
62.778050488885241975
63.374679563779466207
63.975879649701965945
