35899.947394629627524409
35895.990862788879894651
35892.034330948139540851
35888.077799107399187051
35884.121267266644281335
35880.164735425903927535
35876.208203585163573734
35872.251671744415943976
35868.295139903668314219
35864.338608062927960418
35860.382076222180330660
35856.425544381432700902
35852.469012540692347102
35848.512480699944717344
35844.555948859197087586
35840.599417018456733786
35836.642885177716379985
35832.686353336968750227
35828.729821496221120469
35824.773289655480766669
35820.816757814733136911
35816.860225973985507153
35812.903694133245153353
35808.947162292497523595
35804.990630451749893837
35801.034098611009540036
35797.077566770269186236
35793.121034929514280520
35789.164503088773926720
35785.207971248033572920
35781.251439407285943162
35777.294907566538313404
35773.338375725797959603
35769.381843885050329845
35676.812437897649942897
35509.933177852974040434
35343.053917808298137970
35176.174657763622235507
35009.295397718946333043
34842.416137674270430580
34675.536877629594528116
34508.657617584918625653
34341.778357540242723189
34174.899097495566820726
34008.019837450890918262
33841.140577406215015799
33674.261317361539113335
33507.382057316863210872
33340.502797272187308408
33174.601087896415265277
33009.225244609391666017
32843.849401322368066758
32678.473558035344467498
32513.097714748320868239
32347.721871461297268979
32182.346028174277307699
32016.970184887253708439
31851.594341600230109179
31686.218498313210147899
31520.842655026186548639
31355.466811739162949380
31190.090968452139350120
31024.715125165115750860
30859.339281878095789580
30693.963438591072190320
30528.587595304048591061
30363.211752017028629780
30263.320643025210301857
30182.136138138772366801
30100.951633252330793766
30019.767128365889220731
29938.582623479451285675
29857.398118593013350619
29776.213613706571777584
29695.029108820133842528
29613.844603933692269493
29532.660099047254334437
29451.475594160812761402
29370.291089274371188367
29289.106584387933253311
29207.922079501491680276
29176.518849272804800421
29165.295185002840298694
29154.071520732875796966
29142.847856462911295239
29131.624192192946793512
29120.400527922982291784
29109.176863653014152078
29097.953199383049650351
29086.729535113085148623
29075.505870843120646896
29064.282206573156145168
29053.058542303191643441
29041.834878033223503735
29030.611213763259002008
29019.387549493294500280
29008.163885223329998553
28996.940220953365496825
28985.716556683400995098
28974.492892413432855392
28963.269228143468353665
28952.045563873503851937
28940.821899603539350210
28929.598235333574848482
28918.374571063606708776
28907.150906793642207049
28895.927242523677705321
28884.703578253713203594
28873.479913983748701867
28862.256249713784200139
28851.032585443816060433
28839.808921173851558706
28828.585256903887056978
28817.361592633922555251
28806.137928363958053524
28794.914264093989913817
28783.690599824025412090
28642.068669932566990610
28468.101873747618810739
28294.135077562670630869
28120.168281377718813019
27946.201485192770633148
27772.234689007822453277
27598.267892822870635428
27424.301096637922455557
27250.334300452974275686
27076.367504268022457836
26961.988346018937590998
26946.634718577126477612
26931.281091135315364227
26915.927463693504250841
26900.573836251693137456
26885.220208809882024070
26869.866581368070910685
26854.512953926259797299
26839.159326484448683914
26823.805699042637570528
26808.452071600826457143
26793.098444159015343757
26777.744816717204230372
26762.391189275393116986
26747.037561833582003601
26731.683934391770890215
26716.330306949959776830
26700.976679508148663444
26685.623052066337550059
26670.269424624526436673
26654.915797182715323288
26639.562169740907847881
