1858.094505489797256814
1793.634233660104655428
1747.100597185751894358
1715.552594253384313561
1694.125526087624166394
1678.418714726318285102
1665.446099220753922054
1653.656669113871657828
1642.538616841326756912
1632.123155792329725955
1622.531400338491721413
1613.612734895172025062
1604.704253554394426828
1594.583718262058027904
1581.773372609797888799
1565.449219725338025455
1547.270237684952007839
1534.370466987946429072
1543.353090440535197558
1604.001476375456377355
1759.279815525051162695
2056.638242879359950166
2530.779566807194441935
2119.230972244352415146
1907.379041615834012191
1889.122378964323388573
2055.266038632357322058
2405.391209103086112009
2943.380912484024975129
3665.808991076853089908
4555.705252895366356825
5584.175433680273272330
6715.901223488867799460
7914.773271327435395506
8637.555909974529640749
8939.939279805857950123
9226.757924939640361117
9662.779905353718277183
10651.759350824126158841
11576.768904219010437373
12430.800206941694341367
13209.769595419254983426
13911.798417058244012878
14536.647402063366826042
15085.280858097195959999
15559.535414346097240923
15961.870990513793003629
16295.185585220413486240
16562.679158686336450046
16767.754950360402290244
16913.948998972242407035
17004.880519091424503131
17044.217254890470940154
17035.651084368171723327
16982.880079492348158965
16889.594006315892329440
16759.460937307412677910
16596.113288047956302762
16403.132200485546491109
16184.029796286624332424
15942.229407728456862969
15754.506957524210520205
15577.033883181260534911
15386.365123781644797418
15185.306977874635776971
14976.464677642881724751
14762.244564881872065598
14544.862597903718778980
14326.358509975270862924
14108.613782962300319923
13893.370419216140362551
13682.246511467266827822
13476.744058416410553036
13278.244591052263785969
13087.989111459573905449
12907.040631650128489127
12736.230073988146614283
12576.089110675857227761
12426.776170354069108726
12451.819232914107487886
12486.344190060954133514
12528.801083845142784412
12577.163029923407520982
12628.978165060225364869
12681.450642894991688081
12731.547184084533000714
12776.124466660286998376
12812.072069922203809256
12836.465619474609411554
12846.725045212820987217
12840.773240306456500548
12817.190654407801048364
12775.361181858852432924
12715.603831896340125240
12639.282876086735996068
12548.886424447309764219
12448.059993601835230947
12341.578395556627583574
12235.237608325218388927
12135.650138941164186690
12049.934835373043824802
14356.559353247683247901
13926.139930060420738300
13516.163396561794797890
13130.488660954813894932
12772.416664724729344016
12444.386242655105888844
12147.722066983733384404
11882.473045991257095011
11647.367413862531975610
11439.892368229819112457
11256.486235456228314433
11092.814870924557908438
10944.094852017848097603
10805.424893277699084138
10672.092330880692315986
10539.830722012939077104
10405.014773858332773671
10264.787916304994723760
10117.124852738748813863
9960.836209537046670448
9795.525282514185164473
9621.508294787739941967
9439.709856319126629387
9251.544591097637749044
9058.794226538884686306
8863.486937387797297561
8667.782749616939327097
8473.865901146516989684
8283.842891534899536055
8099.644108405912447779
7922.927784744820201013
7754.987763581660146883
7596.670911919281934388
7448.315128543916216586
7309.722886753024795325
7180.185724020963789371
7058.570208527863542258
6943.465772341369302012
6833.381783155791708850
6726.968943927244254155
6623.231687536404933780
6521.695170424301977619
6422.492703001790687267
6326.346454019907469046
6234.426518494520678360
6148.093713170459523099
6068.564421395779390878
5996.581558487861911999
4215.294954209377465304
4163.999412197724268481
4116.461901979337199009
4071.722631438040934881
4028.240873970989014197
3984.614882753733581922
3939.868784775917447405
3893.459252760304025287
3845.156850001337716094
3794.897296836045825330
3742.645907181914481043
3688.289822011236537946
3631.566983307897771738
3572.053703863974078558
3509.258258040932105359
3442.897208056193449011
3373.449177819278702373
3303.059156484839604673
3236.744620693597880745
3183.515873799825840251
3156.377309176670223678
3169.707046343504316610
3234.062807327763493959
3029.359144844611364533
2882.904498384416910994
2793.078587215833522350
2757.351641611876857496
2775.862784627179735253
2850.072317761703743599
2979.262960536845184834
3158.661616135266740457
3379.928711532635588810
3632.816766909362286242
3906.868280878236873832
4316.174834433923933830
4833.232052795062372752
5347.971849365689195110
5809.859481019811937585
6112.463960616499207390
6399.814651513013814110
6670.339006930124014616
6923.327095956055927672
7158.704884408572070242
7376.854631156977120554
7578.475482408802236023
7764.476942229880478408
7935.898686235671448230
8093.851267415469919797
8239.473281329741439549
8373.901404024158182438
8498.250385352095690905
8613.600603313165265718
8720.991198379890192882
8821.417141458203332149
8915.828872227246392868
9005.133391822935664095
9090.195919301024332526
9171.841435027808984159
9250.855639146218891256
9327.985057625281115179
9403.936228252769069513
9461.588433316612281487
9512.944284710485590040
9564.972528591586524271
9618.183129170314714429
9673.032292005496856291
9729.925533247282146476
9789.222276190610500635
9851.241822367544955341
9916.270197798097797204
9984.567016553488429054
10056.371200430445242091
10131.904216160037321970
10211.369512736613614834
10294.947107195805074298
10382.782787564146929071
10474.972129954838237609
10571.540359233875278733
10672.419867796099424595
10849.893108420814314741
11031.095069738528763992
11215.495162989476739313
11402.434981521824738593
11591.141521159241165151
11780.748388850894116331
11970.323912121055400348
12158.904739593364865868
12345.533409939769626362
12529.298418135100291693
12709.375468064999950002
12885.068795428482189891
13055.851593711782697937
13221.404580466523839277
13381.651505019552132580
13536.789844843529863283
13687.314049675351270707
13834.027559326052141842
13978.038689523908033152
14120.734789460719184717
14263.729433874725145870
14408.779475447612639982
13983.462761881128244568
13926.914675471787631977
13876.896218987418251345
13835.013380078378759208
13802.661823286176513648
13780.884355547173981904
13770.250892451336767408
13770.779539476210629800
13781.911642761202529073
13802.544853823768789880
13831.118699465616373345
13865.739330697728291852
13904.325754013052574010
13944.759359207519082702
13985.021227124461802305
14023.306175825884565711
14058.107409416710652295
14088.269977146987002925
14113.014542054346748046
14131.935135483459816896
14144.975809459056108608
14152.391629907169772196
14154.699453464716498274
14152.623481966576946434
14147.039723952615531744
14138.922268099533539498
14129.292848734598010196
14119.173819788642504136
14109.543661021609295858
14101.293787099326436874
14095.185899285079358378
14091.810479240497443243
14091.549171987941008410
14094.546307393180541112
14100.696779387233618763
14109.657772962835224462
14120.889519664036924951
14133.725414493841526564
14147.465588374281651340
14161.482136639386226307
14175.320155148883713991
14188.777241223560849903
14201.945134700197741040
14215.200442389155796263
14229.137152804372817627
14244.443277295727966703
14261.739770373473220388
14281.422044761067809304
4857.134787132729798032
