48.144265203899166750
48.232279699053520972
48.327379664962791139
48.427572496578093819
48.530357566252945389
48.633118819837235947
48.733227222960096015
48.828027317994369128
48.914801108128543206
48.990759877388683208
49.053101749027021583
49.099156001528726279
49.126601306051426832
49.133691689820324200
49.119355345305663718
49.082958016205196827
49.023459952156756003
48.937657314745720782
48.817194413119352703
48.644093009767260583
48.384865995604542377
47.984676023133445710
47.366942821265880070
46.445853810403889383
45.144387595395642165
43.404193717052407919
41.196742733539863934
38.536552326306903637
35.480920544480170520
32.109877170824660197
28.492676448735721806
24.641186703797217206
20.402012899233227472
14.957349656325590104
6.313718830966450923
-4.606394405966312888
-15.214660610501937299
-23.765847912237177297
-29.645906659623904034
-34.061707991395252293
-37.791339063764183948
-41.083517243174838995
-44.036306123589042727
-46.698695842879544671
-49.100256803562530195
-51.261654116374415935
-53.198986557141012099
-54.925792236901060051
-56.454054359720544198
-57.794729222358171228
-58.958019991682107275
-59.953496455032620815
-60.790102351655207258
-61.476055701408881760
-62.018611326999916855
-62.423594470408431789
-62.694479206899416113
-62.830431547280994664
-62.821720777909632716
-62.638175114709866875
-62.207714822008796318
-61.456604393666196984
-60.434583824345310177
-59.241357462494732999
-57.942750274210879979
-56.573860657454730472
-55.155957971993899491
-53.703964549006457219
-52.229314621256435203
-50.741027153289735452
-49.246020166577920918
-47.749075413793434564
-46.252668536768709373
-44.756832766921348821
-43.259224885510519698
-41.755557569102052184
-40.240506980896753930
-38.709064238085147736
-37.158084311315917603
-35.587586321119204058
-34.001321771576243691
-32.406337753884145059
-30.811632317496417954
-29.226313695930997483
-27.657773850209423472
-26.110275884602003771
-24.584149562544070022
-23.075600460248807622
-21.577018934937427730
-20.077628837800830297
-18.564324292061201049
-17.022583428868244937
-15.437401979119215412
-13.794243828435469368
-12.080050776942954371
-10.284380134353426683
-8.400729969068180480
-6.428039275608654179
-4.372180539706221225
-2.246998360956865781
-0.074213143579612506
2.118414798705344992
4.300644786402784803
6.444099826942050413
8.525968886928893653
10.531050268781797286
12.452020206750489706
14.288467032236439991
16.045362748270690645
17.731452126063970809
19.357798032873176908
20.936558197170995754
22.479990908943278782
23.999663158907168281
25.505835210139224500
27.007003665368898737
28.509593186853862790
30.017792334578246027
31.533530575249187677
33.056591012282979136
34.584846673857185806
36.114597801465833982
37.640975181503307567
39.158363225111628481
40.660790442040081416
42.142238365807884293
43.596835328779150132
45.018927952471216258
46.403056008086110751
47.743887411286266342
49.036190228196488761
50.274919313438601876
51.455471503694184321
52.574115491266184108
53.628538633863087171
54.618389645368353058
55.545655807296441253
56.414716413945853901
57.231968210460536284
58.005011882627798059
58.741494411080594773
59.447792330638208114
60.127782079533744763
60.781985259081039885
61.407435634357938170
61.998770590422964233
62.551438388672210067
63.068271820507419534
63.566183595722719701
