1187.045486495376508174
1187.045486495376508174
170.016610521641496234
94.695859227448735851
80.340469937591478811
55.163973044924560440
49.586583823915304947
44.977134572626084719
42.819906829298204798
41.520102353112868343
40.710205459306230580
40.181920421422006484
39.825350060116043949
39.578021259569624135
39.402385279751243274
39.275127920993647024
39.181295857462245635
39.111032308730280249
39.057779482371429935
39.016965873134886067
38.985379542290992561
38.960804108303747739
38.941539371329980668
38.926414014822292131
38.914531127498648289
