47.830682839505698212
47.996144941028973108
48.181141797905354451
48.350722324417844789
48.493328357326504374
48.611201671182286077
48.710773102180809246
48.797871301486779316
48.876218364546133444
48.947620381174104409
49.012765825498618710
49.071929245312986723
49.125060683798523087
49.170766458658533793
49.203661231935114984
49.209673600197334054
49.159469193525964670
49.002000701668436022
48.664727452394828333
48.074783545872378454
47.218495142248571028
46.227792202293059631
45.380195150302398588
44.798669920599039074
44.161305728110292534
43.024404632072148047
41.147308341925963759
38.519572591861759747
35.283106910771891762
31.639177614155485685
27.766281752089525980
23.751116526749740387
19.476812143014683443
14.128227315207254833
5.688353786042625870
-4.959691071585950795
-15.270605639979152102
-23.535162634819499772
-29.162496839346431443
-33.369640681039896890
-36.935270349185003624
-40.103516559719452061
-42.966173645817377746
-45.566305493744749811
-47.928717672032234987
-50.070572260593820602
-52.005505158146547728
-53.745322237351189187
-55.300718618254052217
-56.681583242177225657
-57.897118061520131960
-58.955863646745569895
-59.865659695401035378
-60.633531840394851997
-61.265460319372095910
-61.765926585354151257
-62.137000021164482177
-62.376375432610046801
-62.472759696434735588
-62.394284503493622651
-62.066986490923909514
-61.415010948802716939
-60.485716710029890919
-59.376176386913840588
-58.149391825737808404
-56.837557976985067398
-55.459124235153097970
-54.026494129865000104
-52.549158110756934548
-51.035096538816162592
-49.491470608483069782
-47.924978849523398594
-46.342029248585902224
-44.748787022819215053
-43.151119206835460318
-41.554442582093344072
-39.963484250576641443
-38.381982693515425353
-36.812385558735570612
-35.255622874404224376
-33.711030199549810504
-32.176456905865933322
-30.648537403647196697
-29.123059611053662366
-27.595355266640154923
-26.060655746047672210
-24.514385820169195540
-22.952390824164211836
-21.371104703370747302
-19.767669183403285160
-18.140011542788670340
-16.486882933386567629
-14.807852289997924800
-13.103243450293973638
-11.373996812678029755
-9.621435852969057123
-7.846931176446616973
-6.051491266160041960
-4.235374887911120823
-2.397897271787826412
-0.537633746047163186
1.346865805312063458
3.255968855009996332
5.187830973463178452
7.137702340062730855
9.097951335619370639
11.058772845649173178
13.009307959866788451
14.938841627999977391
16.837825853221858097
18.698601394917886864
20.515792948543492002
22.286412018006473090
24.009726738013625891
25.686963285113478150
27.320899721874866373
28.915405578194963709
30.474971369035785074
32.004262547075001066
33.507722797504925438
34.989242760636955154
36.451902771349296017
37.897792386810948528
39.327905356745930021
40.742106073290528911
42.139162049823852385
43.516836116176818905
44.872031329968223190
46.200980640256034349
47.499471772759164878
48.763095510534384402
49.987502607354400652
51.168651460269018116
52.303026150027790209
53.387803589966324580
54.420950434316409883
55.401235913713122727
56.328156140576737698
57.201778097758761987
58.022526207529836029
58.790949755800369303
59.507525157137422411
60.172565896424714538
60.786344896006113458
61.349604273571884505
61.864791330531915037
62.338693345664978551
62.787297154126974874
63.239096555252643839
