980.295566499999949883
980.295566499999949883
980.295566499999949883
980.295566499999949883
980.295566499999949883
980.295566499999949883
980.295566499999949883
980.295566499999949883
980.295566499999949883
980.295566499999949883
980.295566499999949883
980.295566499999949883
980.295566499999949883
980.295566499999949883
980.295566499999949883
980.295566499999949883
980.295566499999949883
980.295566499999949883
980.295566499999949883
980.295566499999949883
980.295566499999949883
980.295566499999949883
980.295566499999949883
980.295566499999949883
980.295566499999949883
980.295566499999949883
980.295566499999949883
980.295566499999949883
980.295566499999949883
980.295566499999949883
980.295566499999949883
980.295566499999949883
980.295566499999949883
980.295566499999949883
1079.646239578992208408
1262.311375574211979256
1444.976511569431295356
1591.557971935805198882
1620.144065205555534703
1648.730158475305870525
1677.316251745056206346
1705.902345014806314794
1734.488438284556650615
1763.074531554306986436
1791.660624824057322257
1820.246718093807430705
1848.832811363557766526
1877.418904633308102348
1906.004997903058210795
1934.591091172808319243
1963.177184442558655064
1991.763277712308990886
2020.349370982059326707
2048.935464251809662528
2077.521557521559770976
2106.107650791310334171
2134.693744061060442618
2163.279837330810551066
2191.865930600560659514
2220.452023870311222709
2249.038117140061331156
2263.322744780964967504
2272.458438266439770814
2281.594131751914119377
2290.729825237388922687
2299.865518722863725998
2309.001212208338074561
2318.136905693812877871
2327.272599179287681181
2336.408292664762484492
2345.543986150237287802
2354.679679635711636365
2363.815373121186439676
2372.951066606661242986
2382.086760092135591549
2391.222453577610394859
2400.358147063085198170
2409.493840548560001480
2418.629534034034350043
2427.765227519509153353
2436.900921004983956664
2446.036614490458759974
2455.172307975933108537
2464.308001461407911847
2473.443694946882715158
2482.579388432357063721
2491.715081917831867031
2500.850775403306670341
2509.986468888781473652
2519.122162374256276962
2528.257855859730625525
2537.393549345205428835
2546.529242830680232146
2555.664936316154580709
2564.800629801629384019
2573.936323287104187330
2583.072016772578990640
2592.207710258053339203
2601.343403743528142513
2610.479097229002945824
2619.614790714477294387
2628.750484199952097697
2637.886177685426901007
2647.021871170901704318
2656.157564656376052881
2665.293258141850856191
2674.428951627325659501
2683.564645112800462812
2692.700338598275266122
2701.836032083749614685
2710.971725569224417995
2720.107419054698766558
2729.243112540173569869
2738.378806025648373179
2747.514499511123176489
2756.650192996597979800
2765.785886482072328363
2774.921579967547131673
2784.057273453021934984
2793.192966938496283547
2802.328660423971086857
2811.464353909445890167
2820.600047394920693478
2829.735740880395496788
2838.871434365870300098
2848.007127851344648661
2857.142821336819451972
2866.278514822293800535
2875.414208307768603845
2884.549901793243407155
2893.685595278718210466
2902.821288764193013776
2911.956982249667362339
2921.092675735142165649
2930.228369220616968960
2939.364062706091317523
2948.499756191566120833
2957.635449677040924144
2966.771143162515727454
2975.906836647990530764
2985.042530133465334075
2994.178223618939227890
3003.313917104414031201
3012.449610589888834511
3021.585304075363637821
3030.720997560838441132
3039.856691046312789695
3048.992384531787593005
3058.128078017262396315
