442.488054942917585777
0.048558698128876622
0.000000000002190669
0.000000000019432466
0.000000000268908945
0.000000002958349151
0.000000010292918178
0.000000104300397795
0.000001188636429155
0.000016242024559939
0.000273150833343766
0.003092906986587944
0.054174436535732000
1.008529035102080140
6.510626027076989786
46.397573097256703534
94.403149682080410798
143.638663934209574791
203.659731731658126819
309.798344887055293384
534.637667004597460618
978.140562584688268544
1711.597818730233939277
1200.080159071327670972
976.547595867172162798
989.072120397214348486
1186.224965543336111296
1552.761762634220076507
2101.019609126313753222
2846.539879711360299552
3790.858961254435143928
4916.908559733989022789
6192.946467770964773081
7579.660954536469944287
8464.354285085877563688
8906.165713862619668362
9356.268181147032009903
9995.317293594860529993
11270.517309830205704202
12482.426207160520789330
13616.873709018724184716
14664.199715704689879203
15618.343175146850626334
16476.040842471804353409
17236.140583720549329882
17899.020057283283676952
18466.094607122671732213
18939.392118746636697324
19321.165582833771622973
19613.527862156395713100
19818.306750440264295321
19938.665915405104897218
19987.678160035309701925
19998.191566845343913883
19999.340776852284761844
19998.741542277271946659
19994.288920930539461551
19975.330229092851368478
19924.113920813113509212
19826.293900775279325899
19675.441049462890077848
19547.998477502424066188
19400.323408337750151986
19205.784845278361899545
18965.854459069596487097
18682.845952208448579768
18359.717282102585159009
17999.950542091311945114
17607.499694970501877833
17186.769855338763591135
16742.599454223105567507
16280.226722727666128776
15805.228873148120328551
15323.426949090715424973
14840.752970771829495789
14363.079692886449265643
13896.017503532184491633
13444.687772830971880467
13013.486893069752113661
12575.181940502838187967
12163.158529000842463574
11778.743475616151044960
11421.851870873462758027
11090.953268668161399546
10783.121930439569041482
10494.167774332052431419
10218.838404492898916942
9951.079673835465655429
9684.342923378360865172
9411.930675178738965769
9127.378056926283534267
8824.873555693746311590
8499.728867840907696518
8148.912480662516827579
7771.663252556021689088
7370.194941017086421198
6950.483615148061289801
6523.086299184074050572
6103.856949078542129428
5714.296129567987918563
5381.115007960451293911
10464.469657131663552718
9641.593786308223570813
8870.361990843844978372
8161.626023995464493055
7524.732814940626667521
6966.108583058472504490
6488.081611556630377891
6088.287402714267955162
5759.847973427328724938
5492.272959265426834463
5272.822208721005154075
5087.991550208024818858
4924.837134553007672366
4771.974416377146553714
4620.205468630144423514
4462.805604811889679695
4295.533789171511671157
4116.435233151531065232
3925.495854287529709836
3724.199185969874633884
3515.032664083122199372
3300.991924106032911368
3085.134284139337978559
2870.229368465979860048
2658.540707913523419847
2451.747320886826400965
2250.985704999880908872
2056.970741670629195141
1870.145662760969571536
1690.814928927426535665
1519.222417228483891449
1355.547071148136410557
1199.805071352160439346
1051.680948433898265648
910.357750477399804367
774.458952356825420793
642.229721995357181186
512.067889894154404828
383.480398236760436248
258.499930530748542878
143.528467056628272758
51.430828215335424147
20.577398537483542640
0.000000599984978049
0.000000000480337336
0.000000000003891397
0.000000043086867215
19.506521069865012663
1427.040580427136092112
1210.751231763235182370
1173.762134295879832280
1132.657617351694398167
1089.973010659418605428
1045.709499083655146023
999.875537335245553550
952.486927281965790826
903.567116544972691372
853.146933944552188223
801.263397404605029806
747.968280771520312555
693.340957470170337729
637.794450419094118843
582.358705877944885287
539.545316731195839566
499.032697503675933604
457.976978329795201716
420.169018642069715952
399.394837317558767609
423.900240691323801911
533.258014797721443756
756.950306838741653337
490.108012489944371737
337.805843168978981339
277.759985115608174056
288.390301414518376077
364.325136171815643138
512.156890659472765037
739.305996133691678551
1046.815538121087683976
1427.919790585862529042
1869.944659811224482837
2357.251889265336558310
3012.357890541649794613
3799.871154142292198230
4592.315856088772306975
5328.703113855378433072
5885.173241179551041569
6418.676452290887027630
6923.818324796763590712
7397.009431693606529734
7836.100867968204511271
8240.064628744765286683
8608.721853840521362145
8942.517524235041491920
9242.339621996175992535
9509.382889723643529578
9745.062906066370487679
9950.999146442360142828
10129.117472578545857687
10282.002306720252818195
10413.791533747627909179
10531.795329519369261106
10646.315567741999984719
10763.833835980509320507
10882.220755776774240076
10995.236670433068866259
11097.643764863372780383
11186.416573193033400457
11260.131394675945557537
11298.344469425870556734
11314.321214960637007607
11315.923529329556913581
11303.885097583102833596
11279.052075014889851445
11242.413302277951515862
11195.118894090486719506
11138.492921034123355639
11074.040375587583184824
11003.446493369210656965
10928.565941164450123324
10851.399514677472325275
10774.056518848252380849
10698.701867179859618773
10627.488155521401495207
10562.474547016478027217
10505.536180510349367978
10458.269778043479163898
10397.501909748987600324
10348.554038392338043195
10311.835352321750178817
10287.200189158409557422
10273.933723990996440989
10270.771053950904388330
10275.948373104276470258
10287.282426131119791535
10302.273261756226929720
10318.225583065584942233
10332.385446560278069228
10342.091264369015334523
10344.940593797859037295
10338.976665138923635823
10322.900539945911077666
10296.315433813426352572
10260.007600552597068599
10216.260572593939286890
10169.182153257681420655
10124.990753754240358830
10092.155934067232010420
10081.225877005548682064
8813.739066616079071537
8360.337205197536604828
7943.030548603408533381
7569.532273805929435184
7246.486377053298383544
6978.453001828143897001
6767.064733549438642513
6610.600071805346487963
6504.111409943549006130
6440.069968024661648087
6409.341126686357711151
6402.247778224016656168
6409.517868386189547891
6422.998793967404708383
6436.105596038043586304
6444.025222889399628912
6443.723104388770480000
6433.801058757031569257
6414.249286546778421325
6386.128682648179164971
6351.217060436588326411
6311.654092136913277500
6269.621579502553686325
6227.093356720746669453
6185.679018398603147944
6146.567891094188780698
6110.559218365752712998
6078.148841297092076275
6049.636685430317811552
6025.222021683751336241
6005.059593323333501758
5989.256688117136036453
5977.803336098926592967
5970.451689663946126529
5966.594769667315631523
5965.225222953700722428
5965.065409076553805789
5964.947752793863401166
5964.499499972261219227
5965.156413255884217506
5971.480209146191555192
5992.639787906615310931
6043.729214385200975812
6125.639941793997422792
6208.199396077922756376
6289.245527491194479808
6368.786172876502860163
6460.671719159920030506
6350.681075475128636754
