467.204342904381178414
467.204342904381178414
39.799867969794178180
16.122969565092624578
10.239113012176570550
7.896467581035775396
6.824830692925371700
5.916704935579888414
5.200257793060747424
4.626976152461192981
4.170342387230847159
3.806334141807167004
3.515525451129497547
3.282388912910973566
3.094675887765205413
2.942776383764885484
2.819144538581749071
2.717805796096156357
2.633954203788158033
2.563691008717432052
2.503971930157375514
2.452613736004594980
2.408083291726091257
2.369210367436171971
2.335054725878554560
2.304863792872955841
2.278036664266659628
2.254088475124218061
2.232622250977639222
2.213308595516163546
2.195871144586167389
2.180075953850183268
2.165723578621518541
2.152643030216149445
2.148293317953609005
2.043224748398180690
2.010126426170391944
1.990989375204810008
1.979854490406491641
1.973025256756784085
1.968736352757834318
1.965422773703168646
