43.097355470439779879
44.533151643371240880
45.311251090036066103
45.720188093051817191
46.035357261621172142
46.323552939443302989
46.606619539754319703
46.893585607960190487
47.188563387530919613
47.493125037151301626
47.806928615558334172
48.127357978068388888
48.447492905025782761
48.749533854996087712
48.987314329599513485
49.087294711161305827
49.085746177665811274
48.981150079940718456
48.678552713230970994
47.990793855909856802
46.765357117805820053
45.224563272747687392
44.138116731129358072
43.974089454892066442
43.965497379253875465
43.250103983559370135
41.535222117565126609
38.881997564628051123
35.501884194210717283
31.657668409306367607
27.583121814047771636
23.405155282785557347
19.028096238492480552
13.642386677497739811
5.226961439743263327
-5.343127615621511950
-15.530651895346522906
-23.632714654169063806
-29.063198795506878014
-33.043278884875576296
-36.356004197198814154
-39.250474403669073808
-41.824047665899342974
-44.125780085932376551
-46.186696189208362284
-48.030219955970352430
-49.676137344938211982
-51.142162039191333633
-52.444540425465419275
-53.598250767966874264
-54.617021335666265713
-55.513257958122721902
-56.297911536539174904
-56.980282022463484282
-57.567721811388679498
-58.065142911204873144
-58.474097463176377687
-58.790846958379546550
-59.001818854324540098
-59.072122583149507591
-58.924156247719395196
-58.477946847595291047
-57.776388056072875088
-56.911859369011352783
-55.942541770342700147
-54.895764091940606022
-53.785133778918805092
-52.618298475839168304
-51.400137507264361147
-50.134222923525612714
-48.823569438588606317
-47.471053211302034924
-46.079654329139003721
-44.652591545895262470
-43.193381982729249557
-41.705842622347375936
-40.194042669368030829
-38.662211093212675905
-37.114600064984330174
-35.555303234926782352
-33.988030147883165455
-32.415846133145834074
-30.840899081849698860
-29.264166056941121496
-27.685259157782496686
-26.102330098192680907
-24.512108190391728613
-22.910099930274185454
-21.290972791374315420
-19.649142653489832355
-17.979583085710061141
-16.278871966974435281
-14.546477387467234621
-12.786240582913734443
-11.007900502294802436
-9.228257376795681921
-7.471107326394275105
-5.764381107476111765
-4.132364535322835764
-2.581921452211616952
-1.086875793294552750
0.416603607522148423
2.010940161049973085
3.762077910238133427
5.694092803458175922
7.787332184179433625
9.992352473859114070
12.246969122773890604
14.489895174398384370
16.669707206833265900
18.749731001568136435
20.709646757940930684
22.544540660526791953
24.262159945131429595
25.879185865312166470
27.417292944559562784
28.899586742357769253
30.347770571851299337
31.780167548689490786
33.210567656557799410
34.647786442144195007
36.095792248600162111
37.554256216272932534
39.019384084508772048
40.484893034673859802
41.943002529508788712
43.385322895492947737
44.803556039816953671
46.189969663334295547
47.537661889925431069
48.840683593211480229
50.094114951934216151
51.294185725194978431
52.438473082837958827
53.526103129314577700
54.557738856475481271
55.535001943128833091
56.458912931015333925
57.327013672311494474
58.129149068062815786
58.842659054252266060
59.429665276528041318
59.844286935920422366
60.063415109272810355
60.112374326698187588
60.038941836208081781
59.896207125147284955
59.735695020835663627
59.616498776355669520
