4837.159422591688780813
4831.590587895066164492
4826.021753198443548172
4820.452918501821841346
4814.884083805199225026
4809.315249108576608705
4803.746414411954901880
4798.177579715332285559
4792.608745018709669239
4787.039910322087052919
4781.471075625464436598
4775.902240928842729772
4770.333406232220113452
4764.764571535597497132
4759.195736838974880811
4753.626902142352264491
4748.058067445730557665
4742.489232749107941345
4736.920398052485325024
4731.351563355863618199
4725.782728659241001878
4720.213893962618385558
4714.645059265995769238
4709.076224569373152917
4703.507389872751446092
4697.938555176128829771
4692.369720479506213451
4686.800885782883597130
4829.400003617744914663
5907.194292626734750229
6984.988581635730042763
8062.782870644725335296
9140.577159653714261367
10218.371448662705006427
11296.165737671699389466
12373.960026680693772505
13451.754315689684517565
14529.548604698675262625
15607.342893707669645664
16685.137182716669485671
17259.394699215226864908
17746.501728533083223738
18233.608757850939582568
18545.966137621908274014
18845.995829591854999308
19146.025521561801724602
19446.055213531752087874
19612.722585641782643506
19622.387407652669935487
19632.052229663557227468
19641.717051674448157428
19651.381873685335449409
19661.046695696222741390
19670.711517707113671349
19680.376339718000963330
19656.094973210423631826
19547.848966695346462075
19439.602960180265654344
19331.356953665184846614
19223.110947150104038883
19114.864940635026869131
18886.399558513745432720
18511.701843654031108599
18137.004128794316784479
18014.197544846887467429
17912.716913736810965929
17893.180216406195540912
17931.235453072429663735
17969.290689738663786557
18007.345926404894271400
18045.401163071124756243
18083.456399737355241086
17912.137144832951889839
17370.907112257558765123
16829.677079682165640406
16128.574726334862134536
15226.524672035595358466
14883.924941300478167250
14790.250512587525008712
14754.318175420672559994
15015.268369695921137463
15276.218563971167895943
15308.549261777730862377
15048.758846141538015218
14788.968430505352444015
14529.178014869159596856
14269.387599232968568685
14180.225598687962701661
14217.127646363569510868
14254.029694039174501086
14290.931741714779491303
14314.034165807643148582
14304.133616431894552079
14294.233067056144136586
14284.332517680395540083
14274.431968304645124590
14264.531418928896528087
14254.630869553147931583
14244.730320177397516090
14090.450061613442812813
13626.538605119843850844
13162.627148626237612916
12971.284620252034073928
12966.080485323096581851
12960.876350394160908763
12955.672215465223416686
12950.468080536287743598
12945.263945607350251521
12940.059810678414578433
12934.855675749477086356
12929.651540820541413268
12924.447405891603921191
12919.243270962668248103
12914.039136033730756026
12908.835001104795082938
12903.630866175857590861
12898.426731246921917773
12788.374096045879923622
12532.793247330611848156
12277.212398615347410669
12021.631549900081154192
11766.050701184813078726
11555.883317294341395609
11574.334341130977918510
11592.785364967612622422
11611.236388804247326334
11629.687412640882030246
11169.674156603210576577
10921.024921019999965210
10921.024921019999965210
10921.024921019999965210
10921.024921019999965210
10667.107615612278095796
10130.503154135243676137
10120.355091025103320135
10110.207027914966602111
10100.058964804826246109
10089.910901694689528085
10079.762838584549172083
10069.614775474412454059
10059.466712364272098057
10016.586579247952613514
9894.988115961557923583
9773.389652675166871632
9651.791189388772181701
9530.192726102377491770
9408.594262815984620829
9286.995799529589930899
9165.397336243197059957
