33128.177243910846300423
33116.133463332538667601
33104.089682754238310736
33092.045902175930677913
33080.002121597623045091
33067.958341019322688226
33055.914560441015055403
33043.870779862714698538
33031.826999284407065716
33019.783218706106708851
33007.739438127799076028
32995.695657549491443206
32983.651876971191086341
32971.608096392883453518
32959.564315814583096653
32947.520535236275463831
32935.476754657975106966
32923.432974079667474143
32911.389193501359841321
32899.345412923059484456
32887.301632344751851633
32875.257851766451494768
32863.214071188143861946
32851.170290609843505081
32839.126510031535872258
32827.082729453228239436
32815.038948874927882571
32802.995168296620249748
32790.951387718319892883
32778.907607140012260061
32766.863826561711903196
32754.820045983404270373
32742.776265405096637551
32730.732484826796280686
32718.688704248488647863
32706.644923670188290998
32694.601143091880658176
32682.557362513580301311
32670.513581935272668488
32658.469801356965035666
32646.426020778664678801
32634.382240200357045978
32622.338459622056689113
32610.294679043749056291
32598.250898465448699426
32586.207117887141066603
32574.163337308833433781
32562.119556730533076916
32550.075776152225444093
32538.031995573925087228
32525.988214995617454406
32513.944434417317097541
32215.231212508013413753
31858.070822947905980982
31500.910433387798548210
31143.750043827691115439
30786.589654267590958625
30429.429264707483525854
30072.268875147376093082
29715.108485587268660311
29399.597605970564472955
29392.575469497896847315
29385.553333025236497633
29378.531196552576147951
29371.509060079915798269
29364.486923607255448587
29357.464787134587822948
29350.442650661927473266
29343.420514189267123584
29336.398377716606773902
29329.376241243946424220
29322.354104771286074538
29315.331968298618448898
29308.309831825958099216
29301.287695353297749534
29294.265558880637399852
29287.243422407977050170
29280.221285935309424531
29273.199149462649074849
29266.177012989988725167
29259.154876517328375485
29252.132740044668025803
29245.110603572000400163
29238.088467099340050481
29231.066330626679700799
29224.044194154019351117
29217.022057681359001435
29209.999921208698651753
29202.977784736031026114
29195.955648263370676432
29188.933511790710326750
29181.911375318049977068
29174.889238845389627386
29167.867102372722001746
29160.844965900061652064
29153.822829427401302382
29146.800692954740952700
29139.778556482080603018
29132.756420009412977379
29125.734283536752627697
29118.712147064092278015
29111.690010591431928333
29104.667874118771578651
29097.645737646111228969
29090.623601173443603329
29083.601464700783253647
29076.579328228122903965
29069.557191755462554283
29062.535055282802204601
29055.512918810134578962
29048.490782337474229280
29041.468645864813879598
29034.446509392153529916
29027.424372919493180234
29020.402236446825554594
29013.380099974165204912
29006.357963501504855230
28999.335827028844505548
28992.313690556184155867
28985.291554083523806185
28978.269417610856180545
28971.247281138195830863
28964.225144665535481181
28957.203008192875131499
28950.180871720214781817
28943.158735247547156177
28936.136598774886806495
28929.114462302226456814
28922.092325829566107132
28915.070189356905757450
28908.048052884238131810
28901.025916411577782128
28894.003779938917432446
28886.981643466257082764
28879.959506993596733082
28872.937370520936383400
28865.915234048268757761
28858.893097575608408079
28851.870961102948058397
28844.848824630287708715
28837.826688157627359033
28830.804551684959733393
28823.782415212299383711
28816.760278739639034029
28809.738142266978684347
28802.716005794318334665
28795.693869321650709026
28788.671732848990359344
28781.649596376330009662
