539.188457263480700021
539.188457263480700021
63.140711836620297959
37.057967206497124835
27.211098361231186971
22.673091195784252250
20.094022563522742075
18.129396772313821629
16.762138927634829599
15.791136740390040671
15.100037885086702971
14.600094402648101877
14.229012368355888896
13.945226175504059185
13.722420064182246691
13.543549977738466694
13.397257615259206887
13.275742048581129495
13.173472620445078718
13.086411098316860446
13.011536518499283943
12.946545888112657607
12.889658096651743335
12.839480056001237429
12.794911938677364205
12.755078148971696450
12.719276001847582336
12.686937039944449879
12.685658773925618803
12.446536754074482900
12.369935529682486219
12.330796539369618614
12.309384147447731905
12.297043330336348887
12.289682883713508588
12.284434840625456431
