69.433234703710979829
70.414534783597332535
71.700771294422850133
73.058721933679251492
74.375761858945679705
74.918850532068091752
73.146043290829197758
68.986835745214278859
62.718230734697456796
54.902363253751261141
45.110645512639678145
33.945031764037210564
22.576211640543434100
11.655091477935485500
0.984347560508211927
-9.630458743608443228
-19.901716230685991604
-29.084517786385532645
-37.079687947788386282
-44.433437944956409638
-51.261016271513796028
-57.191250067108256872
-62.295589247184977921
-66.782344227905610978
-70.564751082415909877
-73.629863489781456565
-76.177259443151456253
-77.862608902602772787
-78.492340160034245855
-78.005886021996417412
-76.755794836060744046
-74.909701971459099923
-72.465657912710128130
-69.432633684788726214
-66.359088978471305609
-63.323269714077696335
-59.728737315891009985
-55.142307113339285252
-50.069005944862311708
-44.997318843984658088
-39.961638430557457013
-34.540245622799034209
-28.732739712813014421
-22.633886910997944142
-16.682056849057346426
-11.247459652762046289
-6.277537383124013104
-1.455145730022110229
3.260373818122815237
7.730885269691242456
12.148787080174940911
17.196033795765515606
22.751115152769216365
28.779152701111740953
34.618161198049335781
39.605374038860219343
43.164882176118851476
45.239358640654302235
46.505442231744211767
47.946486250018438113
49.230604394324075201
49.309159740574159514
46.909939234775038130
41.964016081023260085
35.534468790898245061
29.118920477810604552
23.479853929729586071
18.822322891076339602
14.924326789974543317
11.405221457554262088
7.921507313705262732
4.327525335937934869
0.708336135655599719
-2.667107911691800837
-5.378270418479644377
-7.235182848990689308
-8.538597134563246982
-9.974354354495062580
-12.315115715019317122
-15.947469806123876879
-20.243430169215855585
-23.800340453900219018
-25.752013081127529404
-26.394033022227233687
-26.361907071832604288
-26.229963169948518953
-26.295340139487450415
-26.460821118273315733
-26.489579287227513760
-26.343645022412545131
-26.204616156657664305
-26.109742030933261958
-26.013391980817004878
-25.808092492965386100
-25.428462848423066589
-24.862052846808921913
-24.113103564166124215
-23.357195151025734958
-22.832329423470014262
-22.573269264409930202
-22.371204506116441735
-22.006321990993683357
-21.354104560140001468
-20.454505212922242663
-19.553103826291362566
-18.877051549334055380
-18.501360560284922485
-18.254308843749697644
-17.833466347159230736
-17.100211053288774110
-16.211474969557855275
-15.510565532065243133
-15.337576775099591941
-15.792619019204153119
-16.701375785604682278
-17.899739642465874567
-19.254077752339014751
-20.579447536459724688
-21.712708584713084292
-22.555103643501013266
-23.028086294468437245
-22.994215704551095314
-22.208860178112558970
-20.343044672508995063
-17.280885245605531964
-13.168547003627452341
-7.970883399962133353
-1.609800569697029005
5.805944672640976023
13.912509154033102732
22.044096396990994435
29.471435205232921817
35.889849937453504936
41.447771214520798821
46.368436459116026072
50.792990025878339111
54.818027908808801385
58.501663486131121772
61.870322148794400618
64.912609452238370977
67.588854502989420325
69.876480089672440954
71.799739602106285474
73.434515360317732302
74.905164372131764594
76.356527097855462216
77.851776758222001718
79.330961337918949994
80.665675531496106032
