71.772345947561248636
71.931849440868916190
72.497941044394877963
72.966927530877427444
72.799639250922382416
71.594359493296181540
69.136062317115516862
64.916707730713568480
58.814062255927709089
51.034805389294419342
41.609529837748084447
31.461290319614391819
21.311540641277048280
11.558877454814307839
1.950556236077432004
-7.820300901504580793
-17.544962666273832497
-26.447838909656454121
-34.346137064449010268
-41.714692205174287665
-48.624743588244612624
-54.681314440517880371
-59.943115702524281119
-64.610251765546848901
-68.588382049771922766
-71.855814898589443374
-74.602206712322029603
-76.473631574727477300
-77.269686661748920642
-76.928178918363443017
-75.806530911384669480
-74.082789102789803337
-71.767087701464646443
-68.875824699184846622
-65.953339944142300055
-63.057911563437556879
-59.558910243366000259
-54.983722644266094903
-49.806457284844071864
-44.505772488285572308
-39.133707779748135636
-33.313072084659182792
-27.109791339749222061
-20.699417544075231490
-14.605176547395160469
-9.269686160397469621
-4.677833230708557721
-0.495176042075542000
3.395328670971821339
6.974825749094236471
10.566246618572534999
14.958766587824243288
20.096000272568716127
25.970014748375575664
31.914859306544741457
37.226708865449296582
41.241726270684722522
43.781511407911608558
45.425782226021084398
47.138709811206666700
48.626279820398849552
48.874812071820912251
46.614256907909862093
41.754040793230984718
35.337609072506353414
28.866263399407785073
23.132171612831484708
18.379501182760179745
14.414400455283157498
10.869362166818348214
7.411597412462640477
3.911353097877395157
0.466404376480738847
-2.656989918026226860
-5.058616377744272086
-6.578312726796013976
-7.546145094122948649
-8.672443689664305566
-10.752025215475498499
-14.196288847165078550
-18.406534318903595704
-22.009141656117435559
-24.155864416491283464
-25.136671859220484748
-25.550583718761970431
-25.907764298854999652
-26.428160580099074650
-26.945603835311601415
-27.181412318027128094
-27.091713154747765202
-26.885742835863538858
-26.651765896109452569
-26.404051818753316638
-26.087156927243825066
-25.664028755584865849
-25.117271703557719320
-24.414698418977934580
-23.678786526634496568
-23.100310162452558416
-22.690259312059424701
-22.242952619253344437
-21.564539441691920274
-20.579443873685249855
-19.400448929193714775
-18.358441724245722071
-17.752935319910875478
-17.690426127038222148
-17.970989648631245927
-18.202343854478328922
-18.116038141311548770
-17.744102109385096355
-17.356942547239327723
-17.288953223690441519
-17.676065413459411957
-18.383718771347105303
-19.271089589122595953
-20.211684175496202442
-21.021616580942804831
-21.542352187289338872
-21.688462438459566783
-21.405127426535727864
-20.590102782577162088
-19.048182510336800988
-16.518946695845556860
-12.979948195241547637
-8.699430319182681615
-3.787954662259778615
1.693929618065283194
7.588089773588706066
13.707917564699812374
19.879717031291136209
25.956945436259104554
31.868986250990758435
37.590080439070163720
43.038182754203660352
48.100059948233365503
52.715855924191316717
56.884174446849442575
60.630243480875265050
63.957098055964195282
66.838053069415082064
69.261595370775012270
71.262991759102135347
72.929458930015471196
74.396489094649609797
75.819266150902308254
77.270113981402289483
78.696783225745662094
79.976935785973580550
