68.665783054848844813
70.479116806029367126
71.849916567651376909
72.695176785518441420
74.354421897048609935
73.757372302681147858
71.949325995007370693
68.859223448821438751
62.842338478623133824
54.437466852963581232
44.853669885458828048
33.957052698026217286
22.696343656733276362
11.802868049176765908
1.137328347647212468
-9.496801930816047843
-19.823364448016178585
-29.094201178092902182
-37.190328747679899379
-44.630597346194576858
-51.505474968006438985
-57.427756223866680330
-62.463346985458002791
-66.824466716659486565
-70.435516803521210250
-73.299546146301366889
-75.634745201876569354
-77.116249199889665533
-77.569582828937228669
-76.952100362432247493
-75.632319872388649173
-73.790644338435015470
-71.432640544387851378
-68.566825546204256625
-65.730534218743201791
-62.978683388087318917
-59.680267979009244073
-55.360789520782333284
-50.485195365442876891
-45.512823124524402374
-40.467913488722558668
-34.940704421500868193
-28.961903019110394553
-22.669200804361736346
-16.546801496247780960
-11.004793756455569564
-6.015649084362848953
-1.263586476256278956
3.319922297500482955
7.649125669984755405
11.972878091068167805
17.005347246461582245
22.619217206377186358
28.745656409432911005
34.672400234432245725
39.670657058153608432
43.098091095856290167
44.887289633553365320
45.822391042567005570
47.075612581821872027
48.435652379724416505
48.802716784167557762
46.740985973096314865
42.039845021364328659
35.712906005481272587
29.284499852550936794
23.573840296988635146
18.836693816739682461
14.879181040025059701
11.326586754429285975
7.828312327192350040
4.227508714420821434
0.600357005869000204
-2.785160707563761662
-5.498345289155849969
-7.330635406471685656
-8.564247231283275141
-9.876614596860804340
-12.049253859558348267
-15.496481913769400762
-19.632155073749117946
-23.098822553470995445
-25.064398099139907572
-25.834292802496463537
-26.023636299098996005
-26.160780637618529454
-26.485164469907488183
-26.847657551593783865
-26.978642231787830497
-26.830915564984366029
-26.598177194866366335
-26.347567957025205487
-26.077129173406888185
-25.728173712007617269
-25.274343112327812833
-24.717440205565480937
-24.045419093782697928
-23.395472677983434551
-22.963283106318272075
-22.752207612606014209
-22.535400173713981076
-22.085731342689086887
-21.286524992372221732
-20.208584604131374363
-19.148750916567109925
-18.390016168032559563
-18.048450734838638709
-17.963797063556853573
-17.807416225842985114
-17.377820305869136064
-16.747252014750074522
-16.181953392491948307
-15.987692193495320225
-16.296168860871944162
-17.019329353154660112
-18.082582991067852163
-19.389120410126452043
-20.722650246704631627
-21.849596599535288988
-22.604821973648540734
-22.877200217481174604
-22.539313328152616123
-21.392681290835469099
-19.177161602659168693
-15.853848106854570688
-11.641372351810048258
-6.561964784864187550
-0.566595276428813577
6.262777109169860523
13.692703629439165525
21.295645584964972841
28.497494520596319489
34.897061629619031464
40.499058784981684767
45.492623041285696672
50.036462009175409094
54.232939642591361462
58.117334321427165378
61.671346562740723130
64.837665753118358225
67.558213612690963146
69.836492942525069338
71.751286005270287660
73.416803195797399439
74.945459164164276444
76.435487403426918718
77.914121030708713533
79.324687014053324674
80.576793548726925565
