53.703180722426751004
55.668138529551967508
57.013597006453203164
57.879521603642807293
58.173966436899632981
58.016380280079374643
57.263206216747875033
55.154634343115006345
51.638461554201768422
46.154875777281972660
38.122079055919456891
28.773772662862540983
19.127990871406097995
9.749745589409357649
0.541159373148303757
-8.615617628933506467
-17.396900363479545604
-25.047955785182239197
-31.475103243518901763
-37.240816091728390802
-42.485350819728779470
-46.868865272603301264
-50.497327986946658029
-53.613761873041482886
-56.164064249605530676
-58.164489751884161706
-59.839638963925608550
-60.865859509635953373
-61.066157502289456716
-60.392822960198117244
-59.207573916702358474
-57.682668393551665531
-55.814171331116739339
-53.599418849190072933
-51.562428628507831263
-49.742304819647586100
-47.489692536906062514
-44.309585301625929787
-40.644978526923040363
-36.932631670808291346
-33.174279751689454088
-28.938267747904319549
-24.234655786234696961
-19.182989704585395430
-14.254243802355063053
-9.853711196115511939
-5.960922721198642193
-2.280557057247790453
1.222712830738316825
4.418209881779262105
7.499324470223399430
11.121822228689126177
15.121832422194330547
19.461937244288748161
23.573601520126601372
26.968508924960531203
29.223080458370134238
30.315526775955390804
30.905640837467387882
32.041901388069106815
33.493737616888239472
34.235774762314633790
32.934919043380517678
29.418155075403092269
24.629438875013818233
19.948671123488622925
16.026834317234033733
12.963563071319100573
10.447137298729614940
8.049542546782106456
5.446937245710444131
2.566281700065474070
-0.425461515299332405
-3.200692842192040644
-5.309511235990896694
-6.551025161770098748
-7.222515031208160963
-8.013848850399995172
-9.717681468081082130
-12.762509637461050716
-16.579871031268737624
-19.829192776424633848
-21.688149074408784145
-22.459938281397853643
-22.744317152698840800
-23.043971828933422330
-23.568341516543171110
-24.141237253708766275
-24.475499463880964868
-24.519781074290904144
-24.476007855456089146
-24.424812075641682441
-24.372494335017279354
-24.255843164042801163
-24.031221882625402486
-23.676672609654588086
-23.157610842564167797
-22.595755229025542121
-22.181894763113064073
-21.926876923016607179
-21.623946195656344571
-21.076758513216816482
-20.205532827289459874
-19.116856678739509334
-18.133122798912552298
-17.542875053904481319
-17.439341167614486494
-17.607660538982429443
-17.640095096043410194
-17.253840520696769545
-16.469382840373214094
-15.549660103431733660
-14.826528743087010298
-14.439670401621810925
-14.267234509676995913
-14.193168840373630246
-14.129198148265516011
-13.941791249162179156
-13.531704726854400178
-12.877769435105562934
-11.990037924407374703
-10.826691653384955316
-9.242437222962337273
-7.009518840883742996
-4.114347714928783262
-0.804759498600617462
2.861073144527608747
6.902166492019318866
11.249530431633957051
15.792062195359847010
20.408666811102648353
24.997178175742760686
29.537168329304563485
34.050887716839156383
38.487773334437974881
42.724454064909934914
46.657002413815177988
50.255847829367610302
53.543176162410929919
56.536196573525387521
59.222842411366912074
61.589780900585253676
63.651275149557136501
65.457159132903427690
67.091285619456186851
68.645626908897042995
70.132132081458337325
71.484617412471550324
72.650618846324789502
