3464.470061925207573950
3464.470061925207573950
1800.827020087922846869
107.944953714336804751
24.550043516692653611
15.281037301583921817
13.471091169349564964
12.275279203057753108
11.366316847078893559
10.631230164025582852
10.022040193322643731
9.512853344674523370
9.086531489753170376
8.729957109445285468
8.432389071762496968
8.184853213272072381
7.979849774459653489
7.811167502424836151
7.673729522250988921
7.563357321790022958
7.476244821673746266
7.408167322104669772
7.354302484323996580
7.310242662718838602
7.272879834779732100
7.240125671033778687
7.210721605434821768
7.183895978123490345
7.159180043378615466
7.136315394043000637
7.115170345729625367
7.095675123800883277
7.077794170920225447
7.061450614866843445
7.046589263447007312
7.033123643668025338
7.020974278218842457
7.010043798994786357
7.000241634306369143
6.991486931659238735
6.983684034888518077
6.976755110125645309
6.970634883466998666
6.965247764175406253
6.960531536911325645
6.956426807312103833
6.952876865352224378
6.949826193060007817
6.947214919646806486
6.944989084535756696
6.943097565885396172
6.941493301316771003
