1129.617489218072478252
655.220791636122839918
527.033018754768136205
533.006661354922812279
1.019898922738108116
0.000000031300146600
0.000000023563741689
0.099564902443308664
336.485462175506768290
1149.058745427296571506
1582.234065902330257813
2597.337955893410708086
3823.565559603923702525
5083.769077499656305008
6308.024306906831952801
7496.406877732930297498
8693.699991053559642751
9956.360489585285904468
11319.409602596588229062
12766.799200517874851357
14263.717443094499685685
15768.645490389741098625
17219.537704262191255111
18555.266206536562094698
19736.174313695100863697
20713.253837675682007102
21482.806381230140686966
22052.990660939707595389
22461.091986622770491522
22699.029082156579534058
22785.567740813494310714
22765.198369264744542306
22577.139744580021215370
22212.816244369052583352
21665.223472423596831504
20915.870726816836395301
19888.449553707734594354
18740.365004858645988861
18120.950911323452601209
17153.334179154557205038
16260.089885087192669744
15400.816865666765806964
14673.741177094387239777
13427.233277203653415199
12301.320696930950362002
11246.979141292153144605
10224.596864970488240942
9082.338779326006260817
7853.857304426895098004
6617.785620867072793772
5431.565169889516255353
4391.682715743857443158
3551.768683584336940839
2912.709811387386707793
2453.070850441661150398
2030.079901535602402873
1800.807203225795092294
2199.182243891903453914
3045.169504560336918075
5082.817015808317592018
3273.407772754068901122
2575.870383857477008860
2737.777339824103364663
3290.302098870058216562
3901.688281788663061889
4448.418508457351890684
4909.569943740312737646
5322.418569795629082364
5865.372411462114541791
6354.645520869914435025
6769.382627244472132588
7200.541321061709822970
7678.109527783432895376
8293.956949698185781017
9063.028361975933876238
9866.020777892281330423
10555.519061719187448034
11153.932984962089904002
11587.021764072349469643
11790.799069537073592073
11758.148012388448478305
11560.173049190214442206
11252.949682995782495709
10782.975140279813786037
10131.413378887755243341
9311.611969646641227882
8885.215534883562213508
8471.865790808024030412
8202.441268300322917639
8165.203776871513582591
8365.647150464053993346
8793.046019030860406929
8207.430179221923026489
7772.715359645123498922
7437.992083044957325910
7176.032774275700830913
6999.766497073374921456
6883.795299080171389505
6819.592981659893666802
6829.769378166919523210
6918.009425013592590403
7060.794096918134528096
7210.607245247489117901
7288.561609602938915486
7231.083746237427476444
6985.169071773046198359
6531.087541348283593834
5914.415656573560227116
5261.713224101948071620
4763.377393723028944805
4640.257895696913692518
5077.464217369893049181
6125.295207787625258788
4958.757249871694511967
4424.195424171740341990
4482.148177875561486871
5004.771394389220404264
5842.181327838009565312
6832.167928028938149509
7816.720393189606511442
8651.875514536193804815
9265.725663317596627166
9609.185498348584587802
9695.411173940832668450
9537.555455556535889627
9037.130570232346144621
8192.561122642136979266
7032.020086898506633588
5225.496325405019888422
3129.112870180791105668
1179.457694347634742371
30.857133404693367851
0.006591068630001686
1.442361629431534231
0.097903695297732046
0.019305995957710258
0.711703046172987186
0.635899112300673530
3.536918749449943888
40.239154902872179775
135.909886846102466507
261.246265379705732812
367.657065031332479066
404.761488290813190360
386.574074433372800286
386.370583065310597704
415.304463631317389627
491.599382784994361373
575.600557362617450963
6884.116913222941548156
6297.909094601526703627
5896.030239989348046947
5567.584212141318857903
4921.734684032736367953
4590.058681550071014499
4244.030858513753628358
3880.026174423637712607
3695.325405819643037830
3775.207813900437486154
3726.936498816065068240
4061.696557112910795695
4551.814557663437881274
5065.127634811635289225
5581.953575540079327766
6118.477096500479092356
6688.149562516344303731
7296.974324461946707743
7950.523029925314403954
8673.237005636576213874
9454.239292377256788313
10247.831980629969621077
11024.903806071783037623
11765.409223382332129404
12442.301363841959755518
13076.349120329914512695
13647.027584419454797171
14139.545723628169071162
14508.850749952760452288
14789.954673165477288421
14975.309494473713129992
15012.155740326632439974
15010.014367034491442610
14990.406063132559211226
14972.739592487698246259
15003.938058008421648992
15240.992693341326230438
15495.320700518717785599
14826.470430419945842004
14732.965979508953751065
14657.030791652405241621
14759.430208958054208779
14942.614613503088548896
14779.601496725223114481
14701.218001011591695715
14710.871372599982350948
14768.893366653601333383
15024.770943801424436970
15374.256735489549100748
15714.560675616781736608
16064.521450503061714699
16434.397143992529890966
16865.510259011171001475
17348.390596821162034757
17773.065187063963094261
18238.355576321548142005
18613.543030268254369730
18833.042968519876012579
20178.651998665507562691
22023.849298396780795883
20829.967357596182409907
20309.832772894958907273
20410.097223870794550749
20870.836525433605856961
21445.403422298204532126
21954.389650324839749373
22330.215355815202201484
22557.272436077637394192
22454.131202705055329716
22425.671241619162174175
22590.511763076192437438
22857.531537849088635994
23199.020693523725640262
23453.653636907027248526
23546.150524810138449538
23585.598742893685994204
23713.560301209028693847
23805.080751851692184573
23901.117128303900244646
24044.046772543817496626
24204.852312934955989476
24245.594842695445549907
24059.855990954769367818
23723.075546929660049500
23282.048401031104731373
22784.849936417205753969
22640.350651610773638822
22529.993518826118815923
22477.073431731085292995
22517.132764096997561865
22713.173107990449352656
23042.316081836175726494
22765.907641287099977490
22576.038887404454726493
22463.733481150506122503
22390.680235429441381712
22293.045667678255995270
22213.788264249647909310
22197.284602390674990602
22234.415252302664157469
22308.857229721703333780
22392.737595361551939277
22448.485476062764064409
22466.684937014870229177
22422.979093791411287384
22314.662642570026946487
22151.779990343005920295
21938.137767422362230718
21685.027590386929659871
21464.250080770070781000
21416.532818948704516515
21685.349728460838377941
22353.878727657542185625
21750.225122322586685186
21538.108939747380645713
21695.547198311112879310
22152.016207752090849681
22801.239215755223995075
23543.340214680465578567
24296.299747727633075556
25022.221317882493167417
25660.930228729790542275
26202.378694015649671201
26595.220832215665723197
26799.504020767719339347
26917.980665922041225713
26860.813100217153987614
26458.772735203259799164
26168.282690768122847658
25612.904528655391914072
24903.406796547267731512
24622.239189668303879444
25373.011545141940587200
25838.264971342789067421
26143.565772324916906655
26604.808456678791117156
26722.982334564429038437
27136.227631487985490821
27380.489376040484785335
27481.161116582683462184
27550.316791107874450972
27609.822686159837758169
27687.297992069048632402
27812.739426749063568423
27928.112891686861985363
27967.874501406604395015
27978.398826090178772574
27977.808752381526574027
27999.830019177850772394
1485.510654870510052206
