3749.773061073916323949
3749.773061073916323949
2533.156768818482305505
798.236836012909407145
396.396813887924054143
327.891546103560472147
324.457315681310376476
298.630105402675781079
295.270935274313217178
294.735418042022502050
294.481462554148151867
294.248569090704563678
294.016579092171696175
293.202344529605738899
292.697725150352880519
292.648051129872328602
292.625742758607998439
292.601626147451213455
292.575572931798035370
292.550003389498954220
292.527197106541279936
292.522872768638421803
292.498843534535637900
