69.498242623776334881
70.276727594062691651
71.615198195136542836
73.072015989137611314
74.293750710505349844
74.693895544883062598
72.980954201409474535
68.784880560535597738
62.829816265458745761
54.650550680105681067
44.719484045979243092
33.872464110550296823
22.769392624428633098
11.852967981840606626
1.073366172524004014
-9.613509365283562147
-19.880135230428265913
-29.013348683088992175
-36.960490714627496800
-44.296005647412414419
-51.139141770632249973
-57.108081651985543203
-62.260665869177302056
-66.795022591529857436
-70.618343893627070429
-73.713732004066400805
-76.277056763841073916
-77.960428280232690668
-78.568495488382637859
-78.042979943941446663
-76.744359033800066072
-74.853581805490733814
-72.384813089162634014
-69.361361709585537483
-66.338890220731826730
-63.391434938299454416
-59.905712963020846473
-55.422155924485196010
-50.416960872556558115
-45.356179407045601693
-40.265336603273851779
-34.730108838134185589
-28.771520055831189211
-22.514579443958808724
-16.430957745465093467
-10.921546317260691694
-5.954785511962199962
-1.215441456292865041
3.362427596610672254
7.690438794832999747
12.013636875838699325
17.038401321010269385
22.628044622477943904
28.715612658858503892
34.618425025872397782
39.666340295387499282
43.273474941876003186
45.364610592714996073
46.606319108442335164
47.996947089725154001
49.238193037989077538
49.307593334585874345
46.931481976375835075
42.014000224749167955
35.588481626493944532
29.144771914586101502
23.464085051723145625
18.778422985707834414
14.880276811336045739
11.385743639668760352
7.937858677550309494
4.375859554620717518
0.773103566492864047
-2.606214501829754226
-5.337332100242065280
-7.218662974666074206
-8.536722480339278718
-9.965702615496411454
-12.273224610642841981
-15.850392716245096381
-20.084689331539891555
-23.597505144559818291
-25.547438190427101290
-26.244372395113657603
-26.318566381849791469
-26.318092499656472683
-26.501000002111254616
-26.732785546840830193
-26.754828408031244180
-26.529248372967913383
-26.258196604621730330
-26.014065044837195728
-25.792694115252118081
-25.523761041648299397
-25.162936218358481710
-24.693948709953133402
-24.091646618762581511
-23.486751283734065510
-23.074133400846562836
-22.860275263473624818
-22.624226187232864049
-22.147041026424972188
-21.321926386911684403
-20.229646630576610278
-19.174057382361297641
-18.438071593028496409
-18.126377253566204217
-18.054444304803269006
-17.862350939636485236
-17.327764924888754194
-16.536418257411128252
-15.811605793456863012
-15.531311868178420355
-15.860078649631248027
-16.675616544476099534
-17.835123166174810194
-19.199612673320757494
-20.566200378769849522
-21.753634438008418783
-22.649769488793026539
-23.164895583607744811
-23.147534501222935432
-22.335098367332648195
-20.383637981998617761
-17.178400833203284037
-12.896628975791713856
-7.571204343339957177
-1.216240811855982429
5.994380141910880866
13.748321108429706783
21.586877773809476366
28.959221544345894017
35.508943708859135313
41.249099332170715115
46.323903619143550259
50.834700893746287420
54.877243590864679845
58.551030011101886430
61.911230531474529926
64.937269881303961938
67.577534118833170851
69.825200100965332695
71.735269303634083826
73.395900181545982832
74.909585722493204685
76.385418848933227309
77.866193470197970328
79.294020973991734991
80.555421135805659105
