65.671523028735762750
68.994581369119686087
70.634486736278049079
69.907630808968207248
70.468187541654941697
69.766649597446587450
68.267908365618708899
65.801694013560023677
60.882015447448480927
52.634460795338853245
43.703426517770864734
33.535704612710972583
22.658314794042240692
11.802941285736835653
0.997868656550394917
-9.795433751634675446
-20.194520465376257334
-29.398973202245258562
-37.280952068983651770
-44.379142289798238608
-50.818729639315705526
-56.251715983068010019
-60.781180914831992368
-64.651121708310256508
-67.811107331847921387
-70.282802931547905700
-72.297173213888981991
-73.537247389386010354
-73.832542027543155427
-73.141365160090998643
-71.830834253553092594
-70.078073499634683685
-67.883757648121388684
-65.249965991952905142
-62.705953627106310933
-60.296718857541094394
-57.379306923365419379
-53.465195095529338687
-49.003488565009263311
-44.436509924598510679
-39.771304168097913134
-34.581912889301094083
-28.885069637547530874
-22.808008400001625660
-16.829495309004300907
-11.360811175263506811
-6.383284965793762922
-1.597120967382210210
3.045560440377755640
7.436823732636980822
11.802845315047051145
16.831176078965341958
22.357232141273385650
28.262015391335410186
33.784630659731391233
38.185841782970072700
40.891179936955666108
41.980803981408570280
42.408588923045272168
43.467425064756099573
44.990626266984634185
45.848954656592667334
44.500370562481180059
40.570072912881613547
34.911322198343157197
28.953257319912495404
23.501309963931362290
18.855710816911198435
14.891448053932833773
11.301478872053110081
7.788031978922845155
4.226776039570779631
0.705630691738122096
-2.513073383696280416
-5.015749692419035455
-6.615939998219516838
-7.617736322478094735
-8.717236545291427774
-10.710673383267078407
-14.023903251437388917
-18.080381312669885574
-21.531106911442805085
-23.551056627207401561
-24.449763816744678024
-24.840713151161764927
-25.241509288892984841
-25.869909787476615293
-26.546429710497591259
-26.969449662698309567
-27.066899308594713602
-27.020305215693156242
-26.896591471168164844
-26.699835846151586338
-26.377541780034505337
-25.906825778503844049
-25.290582881013676797
-24.517016554249380533
-23.724384642019799685
-23.112239172014312771
-22.693110996375310151
-22.256945704506790662
-21.601893794806244387
-20.643482013299717437
-19.487445700438627227
-18.461907213321808285
-17.869540701574521790
-17.825909543764225873
-18.143304441550355932
-18.439001714076027838
-18.444138353723474211
-18.175077007628260617
-17.872142068767402634
-17.833755920393628003
-18.166526966429614731
-18.722502115418706126
-19.364916539178580024
-19.984731666709819820
-20.424506316023212094
-20.558992997083805676
-20.342033707496511852
-19.762253337731465308
-18.760591783594691151
-17.177318051347526762
-14.770268264249068579
-11.508202898230138089
-7.615496382278251986
-3.121128473190424302
2.023227126980827961
7.763870727115602222
13.966452796341798148
20.413517377383527673
26.802548845154717583
32.835940769228727731
38.326845776926575127
43.239070870631053367
47.659548788741233238
51.720447682513167820
55.511692925371448837
59.063396506875278646
62.348002082288701331
65.302740703797780952
67.883066400208804225
70.095412704885461608
72.001175708068672066
73.710631693844220536
75.354821243636877171
76.988320371081499616
78.554822327752333422
79.943235730063065603
