292.498843534535637900
92.540285393975750594
76.930485353813551797
69.534569919256099979
64.379713024483919526
60.635592518164457942
57.971361151674670964
55.991190407453615308
54.436974429421972843
53.154532346921996577
52.095248647129338337
51.244265882191932349
50.570379003586410249
50.022003876142854040
49.564028092908110068
49.194060226038061501
48.904311048256133176
48.671120214350793276
48.471720270124869501
48.291865891946741840
48.133271584159579959
48.001506743479630757
47.891699953018942892
47.793930802530148583
47.698267507048996094
47.599340681827946753
47.501719739431841560
47.130071416667398410
47.032455530826425161
46.988197543028050518
46.950497479338388018
46.914358611432213308
46.879676876535995689
46.824243559591593566
46.693767395205149739
46.666052368764269431
46.648092808878629967
46.630557008825334719
46.610773990288507207
46.587017835869183102
46.559053372257778847
46.528122379612980808
46.353264140015582484
45.944074925224349215
45.711451285353533081
45.537482712976881771
45.408375576080807434
45.167011152207209079
45.107077154604311886
45.075141887899235371
45.054311541526345763
