2177.048999938083852612
1941.914930125054070231
1667.900415573388272605
1375.248004667096438425
959.777778024023746184
581.436159212747156744
501.822002017036140842
742.138673006182671088
945.158933065737642210
1626.259962241326093135
2316.516509274147665565
3253.259245021196420566
4181.867847972020172165
5497.206842710496857762
6934.616871905538573628
8245.931909850281954277
9166.316300009810220217
9886.621741419334284728
10561.148767758953908924
11575.724265600827493472
12580.836483297547601978
13458.737280380015363335
14216.500189920841876301
14604.585947471989129554
14890.830692041086876998
15362.488773486436912208
15749.795565330183308106
16053.207666673357380205
16270.874958894573865109
16399.893635425793036120
16438.084530894349882146
16385.979041330778272822
16248.778796799502742942
16038.022797864903623122
15772.671658084842420067
15479.168776144717412535
15191.268783724355671438
15023.248090995542952442
14836.558058415272171260
14731.160241372897871770
14704.862189127741658012
14736.014341536128995358
14787.547784047339519020
14358.151579915953334421
14111.799438549111073371
13269.157800213199152495
12258.626168506139947567
11070.454333702768053627
10020.251193353284179466
9106.389703462749821483
7911.616234682893264107
6494.114421513173510903
5356.923280924251230317
4879.127339939411285741
4705.329109846619758173
4648.314502961852667795
4760.245342946418531938
4635.124776277240016498
4544.428746688495266426
4489.503739007157491869
4495.859195461513081682
4591.540983846672133950
4787.613327235565520823
4675.446232481168408412
4758.922336816773167811
5178.445229773155915609
5425.667155082464887528
5518.282469223388034152
5837.352664972449929337
6172.770158946655101317
6477.075138404724384600
6794.625413211651903111
7126.705413701007273630
7554.546500061438564444
8071.967421420986283920
8530.033536839986481937
8816.481119383188342908
9057.270817891889237217
9513.508484186575515196
9840.411508122093437123
10014.185120036518128472
10035.220657881962324609
9916.924245132631767774
9687.057410705478105228
9389.469145411942008650
9083.731976994577053119
8968.544245317181776045
8826.413855404758578516
8824.238578830083497451
8957.757472175426300964
9190.571704758716805372
9468.528616032022910076
9458.579067331020269194
9418.698545960674891830
9312.385479891740033054
9138.234401133122446481
8993.053094571658220957
8882.859621332358074142
8801.285059507248661248
8816.787505498012251337
8963.005299578444464714
9142.752299811261764262
9323.400063498609597445
9548.277774693724495592
9679.635589934861854999
9658.173550412349868566
9470.380686747517756885
9136.556187302196121891
8739.671610600147687364
8415.752703902911889600
8048.580709109021881886
7829.244286321228173620
7796.590904823654454958
7521.676405518819592544
7402.172063235584573704
7394.370839102139143506
7417.150008827233250486
7415.202956726348020311
7436.693927292019907327
7344.383909374917493551
7221.844410636801512737
7347.204792727665335406
7414.355395434904494323
7369.749009558680882037
7151.200029599054687424
6695.324449245829782740
5948.569457448228604335
4880.856009706049917440
3510.576877740725649346
2357.065210862949697912
906.428174224290273742
6.672953510773039554
0.000000000000002787
0.000000000491034774
0.000000677097420041
0.801369709520906914
198.942075966293543843
348.370262781774783889
401.971922297612081820
413.980274258170823032
487.019205346663454748
535.192047329597585303
555.754184004556009313
533.834799175130910953
493.226443772998777604
473.353385140024670363
468.127452997313582728
467.950057876758137354
464.655760216724161182
8092.225131453214089561
7846.021901239666476613
7625.792351664712441561
7398.496305860918255348
7072.777678017387188447
6717.324076789674109023
6333.564837974131478404
5922.984214505124327843
6030.741827573747286806
5630.318159032419316645
5156.653241978669029777
5317.558143106688476109
5958.401333600235375343
6045.472322914793039672
5876.260799593936098972
5825.199820713513872761
6294.883327594935508387
6953.623614859668123245
7529.471114125860367494
7392.561877920265033026
7104.376522610633401200
6869.259334963920082373
6697.126194170348753687
7006.094648271309779375
7387.357018137157865567
7397.074008980594044260
7471.493518132936515030
7610.600817431720315653
7813.452025801921081438
8078.463183290914457757
8403.341358836163635715
8785.001924116875670734
9219.494850175056853914
9701.971548763776809210
10226.731556465916582965
10787.392352557442791294
11374.597344642723328434
11853.378153354064124869
12482.825691828104027081
13125.265060418401844800
13778.983833728078025160
14445.139648914591816720
15127.916860834873659769
15453.865824922859246726
15403.148840089572331635
16155.340326452684166725
16970.761525885161972838
17829.463027903064357815
18231.414425320890586590
18246.420646567185031017
18667.101728297493536957
19571.959816995124128880
20353.758296686537505593
20538.035820344364765333
20670.233111942765390268
20928.965164533121424029
21081.521635734137817053
21653.901182172801782144
22145.995568063790415181
22553.194998462764488067
22392.819338507604697952
22150.390486755150050158
21828.807688258628331823
22072.769657529417600017
22069.764757228720554849
21603.137696098285232438
21507.366265494700201089
21777.369901234473218210
21815.171679060546011897
21937.716126407991396263
22184.527499963794980431
22443.092323253309587017
22674.878591949251131155
22725.933345632751297671
22593.047243899975001113
22505.416714062241226202
22632.005059477680333657
22757.213193606858112616
22444.019134952126478311
22218.287853914680454182
22100.739958901333011454
22085.570844883361132815
22161.105094872073095758
22309.746194984381872928
22508.672247370010154555
22729.561862108770583291
22783.467047386864578584
23029.673700787039706483
23235.311508717080869246
23394.527162889222381637
23511.844791282819642220
23599.615626410191907780
23669.824809840105444891
23709.542864270035352092
23752.925039892779750517
23812.228037376244174084
23777.334084802558209049
23709.023187832219264237
23694.241040140965196770
23681.189897208980255527
23629.470439219578111079
23654.743887796044873539
23732.469338185223023174
23702.889584630596800707
23704.755814713989821030
23779.519179151193384314
23931.483449265939270845
24150.284401621378492564
24363.797708804140711436
24445.594474732806702377
24680.607759048405569047
24847.215408102340006735
24920.243821778971323511
24889.366787201342958724
24758.651732758760772413
24542.525517332866002107
24324.075688637451094110
24166.111666504599270411
23986.175431942301656818
24007.999390616041637259
24102.562643123848829418
23817.783799620243371464
23604.419011553294694750
23486.352316162861825433
23483.233492623992788140
23607.416249125981266843
23860.779611636855406687
24231.639742880084668286
24692.217079804129753029
24559.220371456653083442
25052.560144406394101679
25475.258243441028753296
25775.800433424916263903
25921.430464113134803483
26595.080933363613439724
27107.208868370438722195
27479.210823504414292984
27746.482783466501132352
27938.936344668578385608
27999.012282095533009851
27953.790284221133333631
27881.697326596771745244
27850.411898914368066471
27902.874274689289450180
27980.806909527960669948
27999.027107546215120237
27994.668828212692460511
27916.855951288282085443
27854.302383159592864104
1478.426048419638163978
