637.142970862868992299
548.902763232004531346
408.584753876911804582
245.708254790919596644
80.522081967008858783
0.000000000000006207
0.319543600649501491
153.432042865688970323
503.281506776602839182
1040.366756364139519064
1727.837321188585974596
2550.620546850825576257
3465.037925184119103506
4427.530177258281582908
5086.139117442224232946
5578.294888034243740549
6460.659449606765520002
7313.643891509932473127
8099.197594110777572496
8811.919199338030011859
9449.284476088500014157
10010.817116288979377714
10497.460628040917072212
10911.172573010047926800
11254.639539136029270594
11531.041570099388991366
11743.878284264774265466
11896.847422611528600100
11993.724548143813080969
12038.278716264268950908
12034.209683969747857191
11985.102940516748276423
11894.374165281766181579
11765.200012884764873888
11600.431666604625206674
11402.484526765552800498
11173.198366193360925536
10913.689974515013091150
10624.225485746910635498
10304.155732083143448108
9951.973994410995146609
9565.536303092450907570
9142.455727109105282580
8560.850644832808029605
7939.279571241054327402
7288.132851484652746876
7001.205067559307281044
6615.818483638899124344
5979.537989801876392448
5250.208233334734359232
4546.498867159839392116
3891.472886772263336752
3307.836186313500547840
2814.769041336099235195
2424.958956397286328865
2142.519872988885708764
1962.795221665298640801
1874.418225206705528763
1862.938816767108846761
1914.188851031700778549
2015.971392260225456994
2158.281215189300382917
2333.116980616825912875
2534.474182403154372878
2758.417566125852317782
3002.864490649826166191
3266.972489945715551585
3550.362254394349747599
3852.394303615952139808
4171.611018139705265639
4505.368786664723302238
4848.438108795080552227
5091.626953175302332966
5223.290881275933315919
5451.803953397215991572
5712.592072647038548894
5916.731145455889418372
6173.115394039551574679
6405.919552016704074049
6598.492459500027507602
6748.800016185173262784
6857.120035585500772868
6925.688674182257273060
6958.393076985518746369
6960.618245020065842255
6938.872697425013029715
6900.232834406337133260
6851.667482057802772033
6799.392074593464712962
6748.846176031065624557
6703.611833237210703373
6665.912728666965449520
6579.065538441662283731
6501.312139091415701841
6430.338698002180535696
6367.097832222734723473
6335.661156821139229578
6318.340101302058428701
6290.652022339217182889
6259.744936980996499187
6231.739038676850213960
6209.436990222236090631
6189.414529475302515493
6147.242227413541513670
6079.026649283766346343
5991.203887068289077433
5885.187201243943491136
5759.605523910400734167
5640.913385012377148087
5553.130387043200244079
5496.986225078197094263
5461.949912616378242092
5426.820315309431862261
5348.062169569223442522
5336.477903333192443824
5353.950974971094183275
5390.557185227567970287
5435.168933667804594734
5474.604337685575956129
5494.347938946069007216
5479.324242809712814051
5414.742725438893103274
5286.997118838735332247
5084.640882105462878826
4799.244216457968832401
4426.351703104539410560
3967.306830748987067636
3430.591497145830544468
2833.216631337617855024
2201.705245829868090368
1985.464982805218596695
1394.680520540842962873
879.943526822482681382
486.350045290939590359
209.896129703806479938
50.912166512044528588
0.553636093885277569
0.000000000005022232
0.000000000013295861
0.000000000602759184
0.000000012546895542
0.000000136520290566
0.000000604160429401
0.000001981277675354
0.000002352282282314
0.000008021401395285
0.000042486282346604
0.000197974704091140
0.000000000000005554
7605.476255284950639179
7476.843093535100706504
7335.253602601682359818
7180.136712244703630859
7011.200672002539249661
6828.516628378667519428
6632.592533797914256866
6424.428469223388674436
6205.546075890553765930
5977.987684729760076152
5744.284329077709116973
5507.395423607921657094
5270.625831005828331399
5037.541765954897527990
5312.862835623272076191
5833.746756946787172637
5679.918040282860602019
5499.379218187134028994
5341.333353361241279345
5209.042142161967603897
5105.428828606630304421
5033.052518065139338432
4994.096209644146256323
4990.366138926167877798
5023.300059510675964702
5093.982303576250160404
5203.163757244834414450
5351.285193880788028764
5538.502696731099604222
5764.714144717956514796
6029.585910300306750287
6332.579029840688235709
6672.974146911432399065
7049.894493294406856876
7462.326069685952461441
7909.134015233028549119
8389.073940477581345476
8900.796754996750678401
9442.845314854086609557
10013.641107952616948751
10611.459298082516397699
11234.390876538600423373
11880.291571140536689200
12546.718654531876381952
13230.858231859752777382
13914.037483309282833943
13971.559634528768583550
14151.154221665272416431
14712.359279915748629719
15425.948196140758227557
16130.670861776197853032
16820.890954551134200301
17490.970208728405850707
18135.514299089343694504
18749.647006624541972997
19329.270195942543068668
19871.273233492109284271
20373.661304053897765698
20835.585809636722842697
21257.278234408866410377
21375.890052602662763093
21457.822670060559175909
21505.873183172891003778
21523.081221802782238228
21512.609878109939018032
21477.678620746151864296
21421.542746141760289902
21347.508069961571891326
21258.965847612194920657
21159.431573712132376386
21052.572921013954328373
20944.155809258041699650
21003.501483213833125774
21243.025169062348140869
21323.574240635512978770
21339.855036485303571681
21425.336006031477154465
21399.042141359172092052
21375.539486104909883579
21377.130535054115171079
21405.335628323042328702
21460.638442191655485658
21542.651302662812668132
21650.149878444430214586
21781.158322464099910576
21933.082616786909056827
21944.095269841807748890
21969.657856373407412320
22006.526915309405012522
22051.049619042983977124
22100.675305031574680470
22153.207557881960383384
22205.070336367931304267
22256.382216309764771722
22309.476723236464749789
22361.347669187565770699
22372.101123113134235609
22368.115789652838429902
22386.057282176923763473
22411.420590071396873100
22430.469640330829861341
22434.114757470211770851
22423.082972535266890191
22432.239317127328831702
22465.291891305743774865
22511.966468121790967416
22573.156726578468806110
22657.547630214161472395
22732.355456398581736721
22770.448887892191123683
22782.070827068113430869
22794.040551518715801649
22847.381247211375011830
22932.685995751366135664
22955.370208203443326056
22971.436927581100462703
22988.198714416401344351
23011.683654141015722416
23048.733828708216606174
23106.608150113861483987
23192.527494542006024858
23313.182525228756276192
23474.221996715426939772
23679.737702122380142100
23931.763413927670626435
24229.811273568720935145
24570.481857062524795765
24947.203794587196171051
25350.181771025218040450
25766.647676652406516951
25522.211033523850346683
25919.912898378472164040
26285.185692663690133486
26604.166416336956899613
27009.047760233057488222
27347.734393972972611664
27615.135107667611009674
27812.052059824764000950
27939.421997018034744542
27999.991129781967174495
28000.000000000000000000
28000.000000000000000000
28000.000000000000000000
27999.999999999989086064
27999.999999999883584678
27999.999999999141437002
27999.999999994404788595
27999.999999972507794155
28000.000000000000000000
884.719545004947917732
