848.048696178691329806
135.043422264499241692
1.895620043781848452
322.244815257766560990
0.000985671075241517
0.000000009577274446
0.000000025375240338
0.000384214125639109
160.467143580162058925
1129.178416224491684261
1504.532536310534169388
2317.270662406584051496
3387.193950335962654208
4627.880820599202706944
5987.396799551139338291
7435.350710022183193360
8953.059723310934714391
10520.399351794316316955
12105.256622771399634075
13651.347385596516687656
15116.656479148552534753
16479.949022881650307681
17715.100821535143040819
18800.538147367202327587
19731.376325057040958200
20484.509226145903085126
21072.557001714714715490
21511.742299752597318729
21841.391727726782846730
22051.749223215596430236
22158.676210957975854399
22204.059500207047676668
22124.913921047733310843
21911.052710411531734280
21552.522384730586054502
21023.504069113467267016
20232.975907380317948991
19313.448560053413530113
18877.286575569585693302
18007.712623322615399957
17086.385798309074743884
16043.781397992568599875
14968.877895329140301328
13654.220624946197858662
12340.844617102304255241
11032.660446765095912269
9753.559899106179727823
8407.686213822114950744
7063.400356852638651617
5798.903305341563282127
4630.427635878571891226
3588.937310268180226558
2680.717711084943857713
1925.975942582301740913
1401.471704757787165363
1095.292152783053779785
1241.416328423404138448
2176.981066242696670088
3413.365464119037369528
5442.574105653622609680
3748.883537416722901980
2710.182578640832616657
2262.109243330245135439
2248.254607382405538374
2506.803639342948827107
2937.271240875168587081
3471.596688013940365636
4079.292849725271935313
4872.198696759548511181
5610.282185768953240768
6230.307307826777105220
6793.557175160924089141
7313.321387481139936426
7878.436544693787254801
8515.716492281015234767
9130.391684942556821625
9605.535712630648049526
9993.335481572405115003
10245.250221632944885641
10316.789584701064086403
10214.017271544960749452
10016.420135089736504597
9786.237165927250316599
9473.815825857105664909
9055.526727266387752024
8522.052517750204060576
8639.143374642015260179
8699.448736811236813082
8758.321973058520597988
8849.486557899686886230
8965.496187820996055962
9126.670769989619657281
8633.334078759075055132
8203.484860889475385193
7834.098346413153194590
7537.126544985094369622
7342.825077149257595011
7218.257378879063253407
7130.629343554492152180
7076.397526539478349150
7047.117825484159766347
7030.723877269976583193
7013.904184357638769143
6965.766504865784554568
6873.378650764957455976
6727.158854645695100771
6533.949823007484155823
6335.907240506080597697
6207.348508044392474403
6220.490756312595294730
6422.123952167752577225
6832.354779405380213575
7434.997666126698277367
7360.021084140365928761
7458.800087288660506601
7699.280743325351068052
8028.851679477023935760
8397.589964598420920083
8752.201273679571386310
9042.386452161017587059
9214.245652787220024038
9255.729187234934215667
9146.565426781278802082
8906.885993839645379921
8549.987687714306957787
7985.294829976181972597
7235.885458077793373377
6370.873511079998934292
5090.606634795201898669
3704.690863945394994516
2382.266556793273593939
1203.625827897257750010
179.064799760839633791
35.335287711816221190
0.793699271599952461
0.014606054163938913
0.951403835432337419
0.057988218299306261
0.115034012249419115
0.244543408837893744
0.425359174796445527
0.988088140979597074
5.277064473208803008
7.668023169622595780
5.271380073022180035
4.921141194720235035
7.039374572559419896
31.759199145709537504
57.276690779773716145
6573.888591005515991128
5893.727640339777281042
5540.470472915903883404
5455.002147014482034137
4991.457399202294254792
4718.475296428825458861
4432.221964398306226940
4129.247731148112507071
3900.598029363668501901
4136.590102960081821948
4115.823777343401161488
4390.866670028903172351
4848.751818478006498481
5411.944981360928068170
6071.508011379661184037
6825.134684598125204502
7647.899002777608984616
8499.525556282856996404
9344.975742981278017396
10184.221865266350505408
11001.709953629810115672
11763.465963885926612420
12461.315236638643909828
13098.095179385200026445
13666.507412973591272021
14201.497152392652424169
14690.776276129779944313
15122.763474205523380078
15452.090975461640482536
15711.536137807177510695
15891.052091083323830389
15936.180698825695799314
15955.724306204760068795
15971.454170433282342856
16002.734807617942351499
16094.176228487403932377
16396.208709519421972800
16707.615654837944020983
16067.991847090368537465
15953.524329791724085226
15783.212614861451584147
15701.257921108212030958
15605.180632399675232591
15335.453711858681344893
15082.845957234661909752
14882.357896891726340982
14732.210976954613215639
14815.254305942731662071
15047.872810414946798119
15326.830241985615430167
15646.056907274869445246
15976.357438656039448688
16330.626740758667438058
16711.169865284769912250
17067.333829815241188044
17576.969416968746372731
18155.933403258037287742
18680.513607224900624715
20246.617243972952564945
22076.114685832748364192
20989.255841198606503895
20304.573227429096732521
20081.437695174456166569
20247.583522739212639863
20658.134059732848982094
21146.865337449915386969
21617.128772482828935608
22012.004569271841319278
22109.733753013642854057
22281.293369222996261669
22619.807454289490124211
23016.282437776309961919
23432.809505469038413139
23705.827068202797818230
23766.359017530518030981
23736.902242459153058007
23775.556792811141349375
23773.119904481591220247
23783.682813260060356697
23859.136796113099990180
23976.574815271680563455
24002.031582596166117582
23832.976094235775235575
23548.869847892223333474
23196.500304625733406283
22813.801429968756565358
22960.325497914829611545
23099.485389931916870410
23211.680281201395700919
23301.510379926083260216
23425.379968575874954695
23579.689977455003827345
23350.806729545165580930
23161.793320930759364273
23031.535056917840847746
22944.375613173378951615
22846.084542400461941725
22774.376164013559900923
22758.399167072460841155
22772.688611321482312633
22792.969416947795252781
22797.530385620746528730
22768.608917248253419530
22724.970897744089597836
22672.289096410291676875
22634.001856030019553145
22636.735592866614751983
22683.379201512227155035
22755.300163348420028342
22854.796567758286983008
23019.329820493880106369
23294.377841622535925126
23724.356368029868463054
23814.524463629233650863
24027.801636436826811405
24345.844893460853199940
24742.564196128045296064
25170.699039962659298908
25594.089345845957723213
25992.623345490483188769
26378.325535520605626516
26721.367464205857686466
27022.303773680519952904
27227.016865462774148909
27289.736492143052601023
27314.513584941465524025
27226.467192316646105610
26885.421249833627371117
26774.594164980630011996
26499.553816240000742255
26019.877202709409175441
25580.064240771800541552
25604.355895383545430377
25871.790428077059914358
26104.611952930237748660
26538.608634970114508178
26652.703963118510728236
27086.449987646890804172
27368.113807000954693649
27496.173403614182461752
27560.454480641659756657
27596.435426803851441946
27660.407746798970038071
27805.720019363830942893
27953.657605919470370281
27995.075580666176392697
27999.237194374261889607
27998.480432344018481672
27999.999999904524884187
967.533938031237426003
