6.941493301316771003
2.057926917308647408
1.705617520236668350
1.585515927641095502
1.503851629292593861
1.439267895629740002
1.385624915931667589
1.339965540626035567
1.300478492017876020
1.265891893423018777
1.235293310269410583
1.207956106784126682
1.183247014581513268
1.160585027818803905
1.139547533678274771
1.130157337555000474
1.001852246632983334
0.952019732557682463
0.922157233909795648
0.902937547900924287
0.890079697422228810
0.881238872934716033
0.874976475956914412
0.869048778125136923
0.864027231429002507
0.858426497019262991
0.849751851551967863
0.846973972960442190
