68.880006273376807258
69.353984988074046214
69.944240670691897321
70.355612311172905038
70.355991730427376751
70.140038482968492417
69.883038717933345652
69.646984586601774936
69.501266281621411736
69.311330430420980520
68.544899124271751134
67.329336308390224985
65.782364949384344754
63.957976216946661907
61.517277919080299853
58.256627031236718040
54.495627191317623783
51.025401271393690195
47.994858445332539532
44.905717001214583206
41.686575838831373630
38.748375252648372680
36.056391599987364316
33.436637884471025473
31.007181685062192855
28.807497922251428690
26.657898170254981096
24.915274295744495703
23.779421726430030049
23.312875076904816751
23.163163262498812855
23.163291243042579026
23.319218290808322536
23.632596039006187993
23.575380109734169309
23.101574764946803953
22.851259490149942621
23.308636438742695418
24.019471147938304512
24.536473689836526546
24.849261307134611343
25.384222980111388779
26.131735455193108919
26.981927742822080063
27.487442919393089369
27.285707640871351032
26.463251716652649748
25.406884153557342643
24.269270667751300152
23.063312261527926239
22.150184879633030732
22.363018429930605180
23.686137162248257937
26.140701598631210345
29.077821884061108904
31.809085474420044193
33.702964196176026235
34.637192575216431578
35.237036730028023612
36.456627588710205146
37.944481457612994291
38.618879286983258226
37.146867533974443631
33.377805343279817407
28.294884619351932997
23.339985940544011100
19.251398563161330912
16.232180495104842066
14.063964007407548706
12.362207774377736769
10.765528367123692988
9.095552785228676385
7.394733908116108978
5.889090029653971214
4.964242346386924964
4.784622477611947033
5.027973491732382172
4.983894575400313443
3.847731557759345833
1.193485229151860949
-2.393137635756659165
-5.545617885625631516
-7.415330078112503998
-8.284786843327026418
-8.739991831134034328
-9.274492195555467333
-10.089972354606459248
-11.002046772191192758
-11.715125349492041096
-12.170454077816827976
-12.564537801841538567
-12.974707828682255695
-13.405745698629061735
-13.794460696472640393
-14.098812991698082442
-14.300073880903369172
-14.368285363318534564
-14.430635903127097208
-14.683612492149393347
-15.143686790805986675
-15.609938051341373466
-15.892854152078655261
-15.921248522118617075
-15.812137798714161363
-15.899234734019387361
-16.481695359461866701
-17.661302693072343573
-19.229449812346956605
-20.783400545587483066
-22.045804064481387741
-23.044337148450040331
-24.050925525467675925
-25.406984551095547431
-27.260446919494370377
-29.494706174063196613
-31.994978268901661522
-34.670164924386256189
-37.380402351930740679
-40.017629933571015499
-42.550624153842647956
-44.979540947086832148
-47.254465051066404158
-49.225774163934829630
-50.667114651809072257
-51.573069188492809189
-52.205585962563304747
-52.640323333721880772
-52.876072691657668656
-52.996403157065572032
-53.116100387721530751
-53.334594972790114298
-53.692438739676902060
-54.103673661762627489
-54.394389024850795522
-54.419622458912613183
-54.110666195909232101
-53.494843263255972943
-52.698273482754757424
-51.884029140348218334
-51.189673280558452007
-50.686019062953107550
-50.354109742880552858
-50.108971435465036848
-49.857716335703571531
-49.531831471717509885
-49.076473882435152518
-48.494170868567607613
-47.865626976080022814
-47.308187094756817714
