193.263614507415638855
0.160707541208434446
0.005414503401762950
0.002764721502155000
0.000249508048593871
0.000460988145059425
5.382223037309044500
156.175674653581523899
395.407277802345731743
784.337095139306256897
1466.945082056705587092
2389.654299008410816896
3487.359600207174480602
4714.591970751351254876
6012.082553073735653015
7330.280324445764563279
8639.448632411242215312
9922.518744826571492013
11162.567705203004152281
12325.537095936249897932
13393.340092503654886968
14366.391147846701642266
15235.718377450555635733
15991.602683273871662095
16635.897599242169235367
17147.930479173344792798
17539.471768946004885947
17823.662718543644587044
18035.599028672881104285
18161.141732278880226659
18212.258748329706577351
18227.795628973461134592
18142.878573196430807002
17946.257563746421510587
17627.411131332115473924
17159.824470976956945378
16450.987634679553593742
15630.276256923945766175
15305.183440610924662906
14554.138581705703472835
13750.563342185927467654
12815.091634361089745653
11825.846991031581637799
10759.450893614904998685
9653.884690259275885182
8507.494737402081227629
7343.548880108030971314
6071.337986708473181352
4770.041676434231703752
3534.503543437854659715
2402.968239879895463673
1433.599758016409623451
664.805226786888283641
151.307875130146697984
2.386121303062473054
0.116877491382803872
0.004062021711887423
13.848411785999152457
0.169895052893210968
98.427365121806460024
0.734144994284520624
0.289688843677248287
0.532217132337801102
0.741780332878736126
0.666669244964538499
0.565291803707352103
3.355381177963881800
80.832389133482223542
495.975617550711717740
959.107814191585475783
1379.867039658542353209
1802.279318496552377837
2229.850743517371938651
2747.635411764808395674
3383.050967373346338718
4044.803410988839459606
4620.837080157974014583
5168.605141855757210578
5644.886365129853402323
6010.100813691782605019
6274.347917275011241145
6520.206740555220676470
6812.533145791587230633
7103.393899292996138684
7367.607359708181320457
7588.474650512710468320
7685.693889305368429632
7752.261216108204280317
7815.734450081406976096
7886.216713276202426641
7938.365045441409165505
7981.381433392595681653
7989.991705365932830318
7993.547307820535934297
7984.242546959724677436
7974.122963401339802658
7997.800226205467879481
8030.490385357730701799
8051.098782502250287507
8071.108707325249270070
8099.721843410636211047
8143.615099005902266072
8207.080019629362141131
8272.872698051814950304
8334.778797987983125495
8379.682044431881877244
8397.831336633646060363
8400.180302199720244971
8416.245355524086335208
8464.984857327050121967
8541.513173177252610913
8628.798046328898635693
8698.990943358552613063
8744.595702678743691649
8773.022686791917294613
8778.170020019511866849
8751.570148262400834938
8695.288736376616725465
8605.795625249891600106
8473.545918565596366534
8273.822378406057396205
8012.923640322235769418
7681.344737009474556544
7305.898634566810869728
6907.655431858223892050
6410.820756679066107608
5854.515988959751666698
5323.400079306292354886
4521.872911068729990802
3729.241236686176762305
3033.559400383015145053
2376.132805608033322642
1600.913489941945044848
1065.734795340742039116
604.122918716426738683
194.461498892402403271
113.144846673478298271
2.948352458097222240
0.525174291595633447
0.686618178207458074
0.802633518977995508
0.993373819938931146
1.012502692791590997
0.999618967388135604
0.527178743087603707
0.709985082966563597
3.352941686038894975
144.066626063571760596
420.300930671695539331
2776.527832658728584647
2542.466748626545722800
2414.372546043052352616
2293.217369930491713603
2192.494706012183087296
2099.611574991294219217
2000.000010055474149340
2000.000002135103841283
2000.000605850033252864
2051.208859021809075784
2388.718253962144444813
2908.948674434712756920
3566.871731265780454123
4308.517828713620474446
5119.475653232606418896
5984.792962147474099766
6871.684054750716313720
7740.388776337144008721
8563.552249365129682701
9352.920707674158620648
10105.589476254794135457
10798.715394399901924771
11432.421315242816490354
12014.559203797516602208
12539.715259112988860579
13042.141334856254616170
13506.940285919663438108
13918.720563012828279170
14227.845082009949692292
14463.091947149632687797
14611.113524371423409320
14615.130471896596645820
14582.869689174303857726
14535.946053101186407730
14494.236706497804334504
14503.098976243154538679
14713.462197551994904643
14923.708212769015517551
14172.198960974454166717
13934.464299082061188528
13626.485279403543245280
13388.427558451146978769
13113.056466596664904500
12753.258628214303826098
12379.221298341692090617
12024.043145579700649250
11686.908008073614837485
11555.015495391104195733
11552.480018125772403437
11587.290383164820013917
11667.833855713453885983
11782.510555518136243336
11964.791145478395264945
12239.016045554686570540
12575.366910290931627969
13028.976045997602341231
13289.274551888949645218
13038.224031459083562368
13642.267276134223720874
14113.619213746371315210
14156.987851049059827346
14280.850343392419745214
14523.035207528597311466
14903.124511666943362798
15371.808421607418495114
15821.810048359770007664
16197.380783333319413941
16501.219655272383533884
16600.547066916107723955
16834.600653782697918359
17278.380855574709130451
17810.740796003592549823
18386.137925852195621701
18836.996042770329950145
19093.019308856186398771
19277.236442775440082187
19549.258622755383839831
19801.748443964126636274
20090.950826639957085717
20470.967259077860944672
20920.905689100749441423
21308.662168580241996096
21533.870399347593775019
21678.290306676248292206
21789.545501751566916937
21903.220405903917708201
21992.209891284415789414
22083.365358079779980471
22142.467612424305116292
22161.947326684658037266
22189.314491589298995677
22215.933707032148959115
22235.250176951496541733
22256.934570574980170932
22297.568796100862527965
22341.888314390718733193
22338.413076776880188845
22329.713037742130836705
22351.811765876132994890
22388.061695337379205739
22424.567819084528309759
22450.704356759692018386
22459.219810262104147114
22477.188565956024831394
22514.644062375082285143
22593.454648605842521647
22731.037276504750479944
22912.450806027041835478
23093.144709890617377823
23244.397547990432940423
23373.467667855155013967
23504.133064370464126114
23674.109635848373727640
23907.434923744869593065
24157.773958968391525559
24420.185423924038332189
24692.198583275592682185
24954.100963984343252378
25195.155469639918010216
25414.603369497657695320
25636.490302153462835122
25836.458012455983407563
26016.424055875504564028
26122.060785336270782864
26109.631015257051330991
26091.983609207443805644
26005.851528163722832687
25724.868591875809215708
25741.431856137780414429
25649.414115616411436349
25366.858750317100202665
25061.726782349771383451
25064.657506713978364132
24939.195249340034933994
24773.989484789366542827
24842.521941439808870200
24752.707993412437645020
25043.023157937306677923
25278.192192589587648399
25387.283302952870144509
25456.851214559024811024
25520.676223770864453400
25630.846124764306296129
25843.742152971808536677
26084.134861194037512178
26227.353099892199679743
26304.732153484408627264
26409.308086186461878242
26604.698262585199699970
2440.478436053662335325
