25909.193538250601704931
25695.463679271808359772
25481.733820293015014613
25301.149325734775629826
25138.714632910836371593
24976.279940086900751339
24813.845247262965131085
24638.823574385045503732
24462.264125663394224830
24285.704676941739307949
24116.358374696003011195
23956.324194575190631440
23796.290014454374613706
23636.255834333558595972
23475.969584246489830548
23312.809736544008046621
23149.649888841526262695
22986.490041139044478768
22823.330193436562694842
22639.835174098738207249
22402.511759255736251362
22165.188344412734295474
21927.864929569732339587
21658.150554630621627439
21387.426066590913251275
21116.701578551204875112
20845.977090511496498948
20545.906158701953245327
20211.895426706330908928
19877.884694710708572529
19543.873962715082598152
19209.863230719460261753
18787.828673533313121879
18280.220258457997260848
17752.175090825006918749
17047.738922964028461138
16343.428069886631419649
15763.304166946485565859
15256.759028821828906075
14887.589272404271468986
14602.388015551206990494
14353.763485715682691080
14252.759770470000148634
14252.759770470000148634
14279.114861759300765698
14356.464715484560656478
14436.009297922551922966
14538.384104325261432678
14640.758910727970942389
14759.963322401627010549
14893.838069235880539054
14933.775997742362960707
14906.151049981835967628
14878.526102221310793539
14836.607940829022481921
14775.542266835582267959
14714.476592842142053996
14718.687729177967412397
14771.426265811885969015
14940.037452636424859520
15118.537115078679562430
15686.110260503264726140
16181.482811619476706255
16493.857220897207298549
16777.000511058278789278
17009.050072237710992340
17228.770051137889822712
17349.629197581758489832
17470.488344025627156952
17591.347490469495824073
17631.474676430254476145
17592.799749567693652352
17554.124822705129190581
17515.449895842564728810
17476.774968980000267038
17451.552190591399266850
17426.329412202798266662
17401.106633814197266474
17375.883855425596266286
17350.661077036995266099
17325.438298648394265911
17301.334272527070424985
17288.442630240297148703
17275.550987953523872420
17262.659345666750596138
17249.767703379973681876
17236.876061093200405594
17223.984418806427129311
17212.579925997717509745
17204.172333201033325167
17195.764740404349140590
17187.357147607668593992
17178.949554810984409414
17170.541962014303862816
17162.134369217619678238
17153.726776420935493661
17145.319183624254947063
17136.911590827570762485
17128.503998030886577908
17061.398234329677507048
16992.335864931446849369
16923.273495533219829667
16854.211126134992809966
16785.148756736762152286
16716.086387338535132585
16661.958198368505691178
16615.548286133478541160
16569.138373898447753163
16522.728461663416965166
16476.318549428386177169
16429.908637193359027151
16383.498724958328239154
16344.012872209999841289
16344.012872209999841289
16344.012872209999841289
16344.012872209999841289
16344.012872209999841289
16344.012872209999841289
16344.012872209999841289
16344.012872209999841289
16344.012872209999841289
16344.012872209999841289
16344.012872209999841289
16344.012872209999841289
16344.012872209999841289
16344.012872209999841289
16344.012872209999841289
16344.012872209999841289
16344.012872209999841289
16344.012872209999841289
16344.012872209999841289
16344.012872209999841289
16344.012872209999841289
16344.012872209999841289
16344.012872209999841289
16344.012872209999841289
16344.012872209999841289
16344.012872209999841289
16344.012872209999841289
16344.012872209999841289
16344.012872209999841289
16344.012872209999841289
16344.012872209999841289
16344.012872209999841289
16344.012872209999841289
16344.012872209999841289
16344.012872209999841289
16344.012872209999841289
16344.012872209999841289
