22.154063280086184307
14.595335950782072132
6.593349412367473406
-1.091189962043600303
-7.853745027063681050
-12.909357437395925672
-16.298595958534875194
-18.788753357499231811
-20.601161869480108635
-22.205515880739341128
-23.881207612839759236
-25.682548910599791725
-27.567124454214436469
-29.455964437879117668
-31.263183757708560506
-32.914996427291697501
-34.381994618960305843
-35.661907749934698586
-36.752981765248719626
-37.651441182360457560
-38.353141796026676502
-38.852664750169168428
-39.141142306279022023
-39.201984608292391954
-39.000941860652346804
-38.468878692490463322
-37.535161459869129885
-36.231625002795368573
-34.645759315788041022
-32.840961208351728828
-30.853068135606463329
-28.706210315060275207
-26.420419950541031540
-24.014607785303269338
-21.507627753360395673
-18.918364425461646761
-16.265008640838516385
-13.563116613663765975
-10.821287943002516840
-8.035684911477176229
-5.208683260285795313
-2.382946740428394605
0.394609954735159363
3.092516622359056555
5.690122750727397261
8.174003538319539075
10.536350014646870932
12.773998653881392329
14.887526981130122294
16.880253658678185502
18.757153524159150493
20.523759284008292525
22.185120168276341701
23.744931829979378790
25.205549875412231131
26.569441071210235350
27.839857396208088858
29.020060087419267347
30.113665251902006048
31.125637002925685692
32.062893120933665614
32.934305426231816227
33.750018739929004141
34.520012083389474355
35.251668791762739374
35.945593540630312646
36.588085687481594732
37.143535250286248584
37.582880003515185763
37.939823208992294212
38.279688562787782757
38.657541357225369438
39.108359189766900954
39.641431301619405758
40.252825330837566753
40.940455493772731188
41.707386995966174936
42.560592671634452699
43.509971650558725287
44.567787475771410755
45.748216631467983007
47.066923545419768971
48.540802647506978929
50.188332127358336265
52.031536632367703987
54.101042919473400161
56.441039559800884717
59.088270500920543782
62.012399639553819952
65.103424373224981991
68.239673286041011124
71.327214436478982407
74.300316021051770576
77.117129801906571629
79.756458550867620261
82.214445881749611544
84.497459803732112960
86.605403957574736751
88.516550854767103829
90.187459053495842909
91.540283033620653441
92.427226377792692347
92.614424327043792573
91.989135387329923788
90.839195401040853994
89.551247714852053150
88.319687917923801024
87.204699459056968180
86.257052412321939983
85.531688348020480817
85.027014171839482515
84.677988478060598254
84.415509578818216596
84.195823799744061944
83.995038066370597107
83.800462372306640191
83.605482723066415929
83.406884277160912688
83.203484088641118888
82.995477463477783431
82.784218283691757279
82.572328243182710139
82.364160895954285024
82.166790553952694154
81.991817863071872807
81.857722208934688979
81.788266900543703741
81.796232599549597353
81.868214217078019601
81.981046233220013164
82.117521163517068317
82.267245298314946922
82.424089945662444734
82.584349583383158233
82.745701970401171366
82.906635904822536531
83.066130133837646099
83.223466774166155346
83.378117474260051267
83.529671208850174935
83.677790698639284983
83.822193868895595870
83.962658733939605327
84.099046093572667360
84.231327542111387174
84.359601026180087047
84.484077193023978225
84.605029969694555803
84.722722897734996650
