1642.234910053092789894
1659.047478618542754703
1695.314093126251009380
1750.230736911682015489
1812.303256018229376423
1866.176364067325721408
1901.351042981959153622
1915.090033022009265551
1911.631586177335975663
1898.292066065039080058
1881.811038477603233332
1866.054557787007524894
2047.057585109785577515
2233.165827607397204702
2428.933731536989398592
2640.312084551749649108
2873.386603496672250913
3132.776155738873967493
3420.257222043050660432
3734.028596202103017276
4068.751678592091593600
4416.236894356312404852
4766.511018904263437435
5109.009414571737579536
5433.704546949480572948
5732.046865171274475870
5997.651682131527195452
6226.632954137550768792
6417.801984001824166626
6572.716210983327073336
6695.525478594972810242
6792.665457326443174679
6872.399990375748529914
6944.213394852066812746
7018.070554318642280123
7103.594853403871638875
7209.250858786929711641
7341.643163711622037226
7505.039258242431060353
7701.187592714236416214
7929.442454913967594621
8187.180537050957354950
8470.300586601735631120
8480.376361321012154804
8506.018099264136253623
8541.949936727818567306
8582.918960385150057846
8624.092188594031540561
8661.369380129202909302
8691.601816855360084446
8712.716776082394062541
8723.752278724858115311
8724.808495009114267305
8716.922936517114067101
8701.878084935919105192
8681.953736146731898771
8659.641339627401976031
8637.345707260199560551
8617.105222517540823901
8600.363179184820182854
8587.819257285196727025
8579.379540470041320077
8574.208081496264640009
8570.866680917117264471
8567.516557472919885186
8562.148939293150760932
8552.811936077105201548
8537.806848357087801560
8515.835721482893859502
8486.106524808688845951
8448.352463166611414636
8407.502045773999270750
8359.366926309032351128
8304.761565871276616235
8244.668630480253341375
8180.100292788913975528
8111.964571315852481348
8040.951448372313279833
7967.450928945843770634
7891.512805865331756650
7812.854291711257246789
7730.916960311478760559
7644.968920861733749916
7554.242352605820997269
7458.091099278001820494
7356.148638652016416017
7248.464054968287200609
7135.593299520924119861
7018.618022210047456610
6899.101829844855274132
6779.642344623993267305
6665.211666491130927170
6560.578048648135336407
6469.648361845867839293
6394.901717402914982813
6337.041508049592266616
6279.782064079931842571
6235.360121852942938858
6199.749488157012820011
6168.431509388644371938
6137.025539848086737038
6101.832580706884073152
6060.227849928629439091
6010.873529199617223640
5953.959114306027004204
5890.792016297430564009
5823.427276059849646117
5754.358740966657933313
5686.172708244444038428
5621.213088378853171889
5561.341547851930044999
5507.798610379943056614
5461.132271968445820676
5421.245052424108507694
5387.521299700912095432
5359.000661560623484547
5334.562756166831604787
5313.094078454731061356
5293.617857543350510241
5275.377771973881863232
5257.875013596129065263
5240.864280418618363910
5224.317916239576334192
5208.369089746235658822
5193.245157329418361769
5179.201567537895243731
5166.465026890761691902
5155.192302114917765721
5145.449702846133732237
5137.207793967162615445
5130.353518602136318805
5124.713835645637118432
5120.084887745092601108
5116.260841933731171594
5113.057676054431794910
5110.328897435052567744
5107.972025688763096696
5105.926306336482412007
5104.163346880051904009
5102.673133225614947150
5101.448223748227064789
5100.468907152404426597
5099.691813392862059118
5099.043931102110036591
5098.423209394125478866
5097.705885746624517196
5096.759366405674882117
5095.457983883035012695
5093.697664945217184140
379.588070464329121023
468.479053706438890003
592.338405372809688743
740.442361438636339699
904.882671652683825414
1080.403437763151941908
1263.571932132463643939
1452.116548538567940341
1644.500015403063343911
1839.660038985532082734
2036.855901807922464286
2235.581348524933673616
2435.519802221406280296
2636.527191893173949211
2838.632703182184286561
3042.050342501150225871
3247.195424842696866108
3454.700614076654801465
3665.426378890196701832
3880.460953944016182504
4101.105288975422809017
4401.180143465550827386
4710.074400442098522035
5029.604532117662529345
5361.578484316944013699
5707.671667478269228013
6069.274584650472206704
6447.314269678739037772
6842.053956269000991597
7252.878612482040807663
7678.078739937433965679
8114.651689642466408259
8558.148802625199095928
9002.607014535853522830
9440.612411348587556859
9863.545391076206215075
10262.045371019128651824
10626.700738600424301694
10948.916034869658687967
11221.843802623465307988
11441.216753809709189227
11605.905246956188420882
11718.071546661527463584
11782.885312254469681648
11807.868759653785673436
11802.014593445432183216
11774.842622119600491715
11735.536021148065628950
11692.247391448307098472
11651.612133862974587828
11618.467639618365865317
11595.755828495261084754
11584.580407383837155066
11399.021592677401713445
11222.731729120936506661
11053.379073285619597300
10888.468307320743406308
10725.734366432476235786
10563.452255504285858478
10400.641428756802270073
10237.154723615061811870
10073.656157323757724953
9911.505776624491772964
9752.579791714219027199
9599.058376487926580012
9453.211678621921237209
9317.208353456291661132
9192.962631137714197394
9082.027697242781869136
8985.536395906292455038
8904.185478722538391594
8838.256706052952722530
8787.666605431546486216
8752.036108476728259120
8730.771222256324108457
8723.146136104485776741
8728.380673555508110439
8745.704831167973679840
8774.404407978856397676
8813.843482252739704563
8863.461735387518274365
8922.747228458929384942
8991.188008887693285942
9068.208601476218973403
9153.099725690557534108
9244.951230901919188909
9236.977671411728806561
9233.944900592370686354
9234.757828021389286732
9238.140541563951046555
9242.679833451502418029
9247.517746385397913400
9251.876868387891590828
9255.127627948279041448
9256.839404153573923395
9256.808525185057078488
9255.059726140912971459
9251.821686572997350595
9247.481055916005061590
9242.522209707285583136
9237.461423107157315826
9232.784094948916390422
9228.892341421213131980
9226.068088245803664904
9224.454209768995497143
9224.053707011771621183
9224.744720463881094474
9226.307548125316316145
9228.458903097012807848
9230.888416152374702506
9233.292809566128198639
9235.404110235960615682
9237.009552787732900470
9237.962222180834942264
9238.182805919062957400
9237.653874577737951768
9236.408796795045418548
9234.517669887369265780
9232.072557565867100493
9229.173948329160339199
9225.919798211334637017
9222.397907148002559552
9218.681796007163939066
9214.829769107338506728
9210.886509041049066582
9206.886364547612174647
9202.857454114411666524
9198.825797075793161639
9194.818855673314828891
9190.868100695732209715
9187.010441866046676296
9183.288574260246605263
9179.750449842500529485
9176.448172320049707196
9173.436641870917810593
9170.772240676127694314
9168.511775911689255736
9166.711796530995343346
9165.428301091784305754
9164.716762092490171199
9164.632334088624702417
9165.230081648267514538
9166.565068529387644958
9168.692187331600507605
9171.665663332132680807
9175.538235360429098364
9180.360081725344571169
9186.177602512314479100
9193.032199165239944705
685.318470005595827388
