22.788332855570487823
15.088915377900761428
6.747732092077391997
-1.435514444959601121
-8.735029698949304588
-14.215649213119831984
-17.789476577823165826
-20.143419299076697371
-21.465643246842034841
-22.237620120002034696
-22.813738886063845257
-23.385614484143729896
-24.027088389631387599
-24.677429477160416127
-25.229129733131003377
-25.607838911626529921
-25.805279148227384667
-25.851150974633000601
-25.779935876430783992
-25.622529591120624559
-25.399192908467327356
-25.109600150230861004
-24.729890759319559379
-24.218844891552194554
-23.520475831494522367
-22.553021905226231070
-21.242570586570025171
-19.624849436658990953
-17.796048519465557547
-15.831210398481516677
-13.779410006871870564
-11.678568793083314858
-9.562126489577138955
-7.460997527744240188
-5.403420254333667572
-3.413641806291821013
-1.509783497789499052
0.299157533550271637
2.017872390111250525
3.669260997120971979
5.273525578651458545
6.810892088062075800
8.254260843230952105
9.586283909668935621
10.793636318016581299
11.864019655793299535
12.786416181210256582
13.552475793983319363
14.157752833499216649
14.602225550168128620
14.890019481341198571
15.028526630761234628
15.027203938608266753
14.896378086755106551
14.646903518030484292
14.291237267550059187
13.843625103446129287
13.318632354053789868
12.730596356247048107
12.093662758706699378
11.421583501535309324
10.727250805058844207
10.021981685917950244
9.314440891820709112
8.608841739322542708
7.901511753631865531
7.174118900718156056
6.386774905087492016
5.507149014113821295
4.567276262454669222
3.632853177338319028
2.761491991209084063
1.992566409324240340
1.340810560387893702
0.807678289037227159
0.395269494487678230
0.108693250977665912
-0.045799566605069231
-0.062087231840621371
0.065286305401343725
0.340995612919499536
0.769200751177123720
1.354469302583396484
2.104017703138453044
3.032442411857488196
4.170190074812779812
5.571524913202381413
7.294392411339856608
9.338174337522417545
11.625325927467628162
14.062671941202751213
16.576231409957046026
19.110989800709575093
21.628658400743120183
24.105849542817594511
26.528876652595840824
28.882723860809505823
31.133137763625029493
33.216595941744998299
35.050333214279902450
36.529319271981506745
37.494985572573398258
37.716803692449587970
37.093184002586355064
35.924636356665018866
34.608303773627255850
33.345883763665710831
32.202015575859689989
31.229773496168633073
30.484947044158872131
29.965933751778379701
29.607210279017635912
29.338860691005208992
29.116008797640716921
28.913395304431929844
28.716876224327563705
28.518490725679384923
28.313939740340202889
28.101287398789992267
27.880285511549857347
27.652067740254693717
27.419146147147358761
27.185772187398441702
26.958861435865628664
26.749794663553188911
26.576832889356552414
26.463634709130644751
26.423100818458664207
26.442217734381813443
26.498437549009594250
26.575290403569681530
26.663133755437883110
26.756536132481585355
26.852411045533500555
26.948980783194315336
27.045219442202096616
27.140549696159240511
27.234674317859827397
27.327480557247838533
27.418984254820770730
27.509295324111036507
27.598594006266239376
27.687111507213842287
27.775110934318547606
27.862865795044569950
27.950634458754279876
28.038630616706285537
28.126992392795273190
28.215755986734421867
