2027.522292119304438529
1838.048141786827045507
1809.645556291799948667
1895.185550696148538918
2035.851764879979327816
2202.038743036751839099
2366.837393478840112948
2462.060967769070884970
2491.993640820794098545
2418.388370272587053478
2229.078905509112701111
1914.404744123462251082
2574.522657127240108821
3118.645137863785748777
3558.617551738473594014
3902.854395926325196342
4152.694312146992160706
4304.852370089854048274
4353.287864087881644082
4288.921760938115767203
4100.035928450855863048
4909.313504549966637569
5582.990443914385650714
6126.629001903570497234
6547.287902505149759236
6853.060641991282864183
7061.104539130636112532
7176.952029596081047202
7207.071429968040320091
7163.484531604214680556
7060.050333686367594055
6912.902278547718196933
6740.808128887255406880
6565.301461072976962896
6410.393236002507364901
6301.672460669075917394
6264.687502267399395350
6322.688105702784014284
6494.071606727557991690
6790.108014357430874952
7217.942631665004228125
7767.713548496808471100
8426.618775562865266693
8064.948351202801859472
7801.000251925144766574
7636.815126516478812846
7570.023149312525674759
7594.564629594689904479
7701.793823876752867363
7881.664541679933790874
8123.749614671116432874
8417.962078662611020263
8754.963242706844539498
8736.227983934988515102
8747.745773270578865777
8785.220388197838474298
8844.244028703311414574
8919.905697421674631187
9006.876618061960471096
9099.381765513006030233
9191.214728824343183078
9275.790953930991236120
9346.223214941244805232
9395.398579361963129486
9416.037695993896704749
9400.722817172203576774
9341.887971393240150064
9231.771022458204242866
9054.899137993506883504
8808.238884389023951371
8485.674723547070243512
8793.653134255499026040
9022.234354223348418600
9173.533655928893495002
9249.629912470636554644
9253.099316984333199798
9186.187828991600326844
9050.890602204961396637
8849.091246945043167216
8582.769601517615228659
8254.293023891505072243
7866.812199076423894439
7424.786963132745768235
6934.667949516634507745
6405.750275753242931387
5851.185026368534636276
6017.008526039431671961
6204.064882829306952772
6436.731055372736591380
7331.706934332547461963
6675.325404231934044219
6170.000826872526886291
5855.378740976702829357
5759.535244656378381478
5892.369791119723231532
6243.536960537005143124
5616.773968053694261471
5194.087105544198493590
4954.152765630918111128
4869.558700756809230370
4905.842935099664828158
5028.234898356432495348
5206.250408654126658803
5219.267472102521423949
5225.973815213244961342
5288.141238251349022903
5371.181935934207103855
5442.711457944256835617
5502.012114220805415243
5583.857318796429353824
5697.310467202137260756
5804.386621474471212423
5907.575555827113021223
6008.993686992831499083
6110.236313506621627312
6212.320671453353497782
6315.697809033962585090
6420.312885259016184136
6525.695693238079002185
6631.066035307462698256
6735.441780650346117909
6837.740684519347269088
6936.870038432174624177
7031.800734099914734543
7121.624301056039257674
7205.592945709851846914
7283.857929088550008601
7378.239625727906059183
7465.651935563174447452
7546.093960562579923135
7619.723697669453940762
7686.833099646572009078
7747.819918747783049184
7803.157988429900797200
7853.367330225803016219
7898.985245911197125679
7940.539381974384923524
7978.523655145577322401
8013.377896531401347602
8045.472110881989465270
8075.096304629349106108
8102.456864227287042013
8127.680366598850923765
8150.825358339772719773
8171.901875807635406090
8190.897217642090254230
8207.804759945827754564
8222.650885377426675404
8235.514260491378081497
0.000000000000000000
395.547053747240283883
839.439312885298136280
1326.712063362477692863
1829.732385878499144383
2222.415781567011890729
2434.011425870834955276
2634.959973430532954808
2716.503030679805760883
2779.448050764362960763
2822.520300199881148728
2843.845627536801657698
3085.486174835760721180
3307.914151426091848407
3513.959561607552586793
3698.595000150800387928
3865.161366337539220694
4017.157194057481774507
4153.266432689484645380
4271.434673464570551005
4368.948527083519365988
4850.209514355393366714
5308.063797102436183195
5743.542812883631086152
6157.892341055727229104
6552.456112621900501836
6892.372072546834715467
7197.011100510246251361
7486.006178955213727022
7760.900250390380278986
8023.471974784029953298
8275.838168815498647746
8520.545750640359983663
8760.620006790297338739
8999.526503501188926748
9241.003569372518541059
9488.740148025488451822
9745.915356618579608039
10014.674485358804304269
10295.667676036919147009
10568.474411184888595017
10849.612046231613931013
11135.002625428960527643
11175.219412731510601589
11215.755047429915066459
11257.011774976772358059
11298.707569686628630734
11340.014377482662894181
11379.776858813909711898
11416.746801462966686813
11449.780163823506882181
11477.969184165314800339
11500.707654356716375332
11377.797967841615900397
11250.520157701554126106
11119.916586329789424781
10986.187938962182670366
10850.124768990717711858
10712.435853468612549477
10573.728351288695193944
10434.495444743515690789
10295.110291230235816329
10155.823051479805144481
10016.757061450400215108
9877.900749309044840629
9739.093192367670781096
9600.002703246378587210
9460.099090406540199183
9351.448660894851855119
9250.721971791446776479
9146.323083990206214366
9194.045758078038488748
9228.961307128476619255
9257.234915375618584221
9283.349149249876063550
9307.760066514503705548
9330.655326934858749155
9351.974629651793293306
9371.445063842618765193
9388.633493564711898216
9403.019727261140360497
9414.095732080448215129
9421.497244144413343747
9425.174139794258735492
9425.603565866369535797
9424.042637612221369636
9683.880330354977559182
9918.087477765713629196
10111.607637613817132660
7618.959412606168370985
7263.003431002299294050
7015.422940179259967408
6905.154526614632231940
6952.495792256093409378
7164.060666989216770162
7531.189730614676591358
7143.671948783157858998
6884.536204217455633625
6753.716687062136770692
6730.723670321581266762
6789.759709299500173074
6904.834890998623450287
7053.252782075031063869
7461.191846302217527409
7894.144107024338154588
8249.732831777344472357
8556.296319551411215798
8847.622260692607596866
9123.675009814332952374
9343.921959871911894879
9501.913031175750802504
9650.420762093108351110
9791.711389509422588162
9927.736793931642750977
10060.028846664212323958
10189.662586399879728560
10317.270889304623779026
10443.094752878268991481
10567.055174266501126112
10688.834900155876312056
10807.960870696633719490
10923.880731014030970982
11036.029117948142811656
11143.881382237208526931
11246.993933823405313888
11345.031520366042968817
11436.895609497090845252
11494.951254777359281434
11547.675485928843045258
11595.216307610062358435
11637.819010998688099789
11675.807761774967730162
11709.565502209190526628
11739.513308952582519851
11766.090108549557044171
11789.733458890876136138
11810.861964576100945123
11829.859822320458988543
11847.063980210772569990
11862.754444679854714195
11877.148338817392868805
11890.398371717996269581
11902.596346448368421989
11913.782126112602782086
11923.957958748682358419
11933.107172034184259246
11941.215001624657816137
11948.288049122993470519
11954.368225305493979249
680.779556231718061099
