1942.935658547484081282
2101.151268442452419549
2125.234491319999960979
2125.234491319999960979
3076.006105640699388459
3106.790099839114645874
3129.995055955298084882
3153.200012071481523890
3101.561967080583144707
2828.875733073288756714
3004.670855176726490754
3180.465977280163770047
3356.261099383601504087
3532.056221487038783380
3707.851343590476972167
3883.646465693914251460
4059.441587797351530753
4235.236709900789719541
4411.031832004226998833
4618.977790828468641848
5054.070718036477046553
5489.163645244484541763
5638.531904866840704926
5677.206831731557940657
5955.572736772416647000
6506.690444568952443660
7057.808152365481873858
7425.102997098390915198
7579.802704548385918315
7767.722182846739087836
8080.096592124466951645
8180.862530599605634052
7673.254115525904126116
7165.645700452201708686
7288.018986241097991297
7517.370296707327725017
7746.721607173557458736
7976.072917639787192456
8205.424228106017835671
8434.775538572248478886
9170.815900462917852565
10005.445773727902633254
10469.544896083527419250
10933.644018439150386257
11397.743140794775172253
11252.021541362617426785
11031.021959287920253701
10810.022377213221261627
11001.549552393904377823
11341.134276068238250446
11680.718999742572123068
12020.303723416898719734
12359.888447091230773367
12699.473170765562827000
12721.055099452483773348
12510.100952923841759912
11762.298275252705934690
11157.615997547973165638
11048.842765744930147775
10940.069533941888948902
11248.922646008417359553
11620.201943891319388058
11991.481241774221416563
12290.093003186704663676
12029.037246862731990404
11767.981490538759317133
11507.904642448522281484
11255.676858559620086453
11003.449074670716072433
10751.221290781813877402
10648.317721503908614977
10623.631597974625037750
10598.945474445343279513
10574.259350916059702286
10549.573227386776125059
10524.887103857494366821
10500.200980328210789594
10431.139073373022256419
10332.093528968145619729
10233.047984563267164049
10134.002440158388708369
10034.956895753510252689
9935.911351348631797009
9947.636344235930664581
10101.198553838037696551
10254.760763440144728520
10408.322973042251760489
10561.885182644358792459
10399.968039875491740531
9602.297673330944235204
8804.627306786396729876
8747.535980149999886635
8747.535980149999886635
8747.535980149999886635
8747.535980149999886635
8747.535980149999886635
8747.535980149999886635
8747.535980149999886635
8747.535980149999886635
8747.535980149999886635
8747.535980149999886635
8747.535980149999886635
8747.535980149999886635
8747.535980149999886635
8747.535980149999886635
8747.535980149999886635
8747.535980149999886635
8747.535980149999886635
8747.535980149999886635
8747.535980149999886635
8747.535980149999886635
8747.535980149999886635
8747.535980149999886635
8747.535980149999886635
8747.535980149999886635
8747.535980149999886635
8747.535980149999886635
8747.535980149999886635
8747.535980149999886635
8747.535980149999886635
8747.535980149999886635
8747.535980149999886635
8747.535980149999886635
8747.535980149999886635
8747.535980149999886635
8747.535980149999886635
8747.535980149999886635
8747.535980149999886635
8747.535980149999886635
8747.535980149999886635
8747.535980149999886635
8747.535980149999886635
8747.535980149999886635
8747.535980149999886635
8747.535980149999886635
8747.535980149999886635
8747.535980149999886635
8747.535980149999886635
8747.535980149999886635
8747.535980149999886635
8747.535980149999886635
8747.535980149999886635
8747.535980149999886635
8747.535980149999886635
8747.535980149999886635
8747.535980149999886635
8747.535980149999886635
8747.535980149999886635
8747.535980149999886635
