3621.890486667933600984
3378.044203127591117664
3109.334616067039405607
2877.081040035380283371
2421.661353134031287482
2110.327782901229056733
1932.816001308664226599
1842.240314082652730576
1807.325330905800910841
1848.082824284537309723
2022.762099355733425909
2375.036781216555937135
2897.586069814570691960
3545.411045246797129948
4269.097370403815148165
5032.753180087320288294
5814.365186310087665333
6600.058804660678106302
7213.288759288757319155
7812.261502839209242666
8389.171770288763582357
8936.180157416854854091
9445.750346676244589617
9911.039766615187545540
10326.218679522189631825
10686.687306583602548926
10989.206802422546388698
11231.884027232841617661
11414.251061621365806786
11537.363436527035446488
11603.869351526835089317
11618.097965900480630808
11586.163707732848706655
11516.070509458808373893
11417.781670108577600331
11303.196774684802221600
11185.949261909530832781
11080.916312947774713393
11003.336852838965569390
10967.492956675991081283
10985.048259882687489153
10695.017065363406800316
10473.395218044221110176
10321.480009640878051869
10233.049058329597755801
10194.508857232203808962
10186.528443943740057875
10186.726882089064019965
10172.690182491531231790
10124.685326854543745867
10027.771222687602858059
9873.328689963715078193
9660.182308707839183626
9395.429641493579765665
9094.855818480058587738
8782.456870233354493394
8488.276813605813003960
8243.867248468332036282
8075.611388537709899538
7997.840368379766005091
8008.830484256656745856
8091.778311817018220609
8220.063791949518417823
8364.012973881959624123
8496.537422650213557063
8596.563858336661724024
8650.482928444818753633
8652.330257112585968571
8603.310764668558476842
8511.117971482732173172
8388.622598962310803472
8252.285506834756233729
8120.178302048309888050
8009.637456986477445753
7934.809669338656021864
7904.544059346596441173
7832.090796017869251955
7803.657899998316679557
7810.376639543257624609
7838.959731068096516537
7873.790249689537631639
7899.067084335373692738
7900.684099827064528654
7867.698971614580841560
7793.376834683516790392
7675.840382726920324785
7518.322634697830835648
7328.925596660122209869
7119.665478775080373453
6904.821467613878667180
6712.470049077466683229
6568.145321221980339033
6482.669020533402544970
6450.780793897020885197
6455.793162567111721728
6477.304858464606695634
6497.939166891302193108
6506.930068360996301635
6500.554114809180646262
6480.508284384695798508
6451.325612462846038397
6363.332312858421573765
6274.583127111125577358
6186.814704815375080216
6100.410360790900995198
6015.590044217601644050
5933.212802868073595164
5854.964906745023654366
5782.949925994969817111
5718.941219205195920949
5663.745441736220527673
5616.934334356660656340
5576.997582993145442742
5541.890739823614239867
5509.675582868583660456
5478.991682466483325697
5449.222643569071806269
5420.372463010836327157
5392.776957386888170731
5366.810156815708978684
5342.708368647112365579
5320.553417305331095122
5300.372871930033397803
5282.266163507792953169
5266.468152587916847551
5253.307232981808738259
5243.076801354984127101
5235.885900142709942884
5231.569103500773053383
5229.686748073299895623
5229.628937949345527159
5230.773066144134645583
5232.628440068921008788
5234.913377923444386397
5237.543385693017626181
5240.546731855438338243
5243.951153101666022849
5247.694125164532124472
5251.597683424281058251
5255.421471281053527491
5258.973382668444173760
5262.227347361667852965
5265.384515539174572041
5268.826776802409767697
5272.953026279385994712
5277.949267583722757990
5283.596722597691041301
5289.229671760780547629
5293.896857103133697819
4.333750076419457642
280.511427625593285029
550.318411688043056529
811.709483827400617884
1064.436995821487016656
1308.338091325222194428
1543.264279471741929228
1769.142505929766457484
1986.068598082208382039
2194.411496100225122063
2394.917388147623569239
2588.805644695730279636
2777.850070809083263157
2964.440683147444360657
3151.623143674335096875
3343.114956156709013158
3543.299410737054586207
3757.199855356961506914
3990.438405052046164201
4249.185862860987981549
4540.117898564741153677
4353.574974767974708811
4212.649064958075541654
4122.991608402273413958
4089.522481768519355683
4116.350063039599262993
4206.699083998264541151
4362.832206500281245098
4585.960144437406597717
4876.134752767055942968
5232.116574694457085570
5651.206583707844401943
6129.033641229176282650
6659.296118735573145386
7233.469679948486373178
7840.515779668093273358
8466.659768331870509428
9095.354490927376900800
9707.598808849616034422
10282.818149801543768262
10800.489906914686798700
11242.546731031208764762
11596.279627358848301810
11857.065822074077004800
12030.000249808681473951
12129.691071477391233202
12178.117454870509391185
12201.175242310882822494
11984.754537274922768120
11790.993130564986131503
11634.640914212199277245
11523.144369521736734896
11457.185985401949437801
11431.562900078075472265
11436.347745719202066539
11458.382020553317488520
11483.148610658068719204
11496.943160635821186588
11489.056925697170299827
11453.511020769925380591
11389.885361936492699897
11303.022357349196681753
11201.748692969385956530
11097.043071737611171557
11000.145438689940419863
10920.975247837533970596
10867.025711611766382703
10842.739718871240256703
10849.294918252729985397
10884.717022150069169584
10944.266620078687992645
11021.072490135984480730
11106.991070112875604536
11193.647408057890061173
11273.562348462099180324
11341.214533446009227191
11393.855582310254249023
11431.919624413383644423
11458.948178855627702433
11481.061327785982939531
11506.102227853838485316
11542.629160285237958306
11598.920037530931949732
11682.107162683030765038
11797.504010873812148930
11948.143788903531458345
12134.531241554375810665
12354.611488188727889792
12603.969946267579871346
12876.274847177401170484
13159.253302714301753440
13074.179808567536383634
12991.347453311693243450
12909.098698443853209028
12826.908393868447092245
12745.088029618234941154
12664.423928740827250294
12585.853348186858056579
12510.233728911456637434
12438.217669220846801181
12370.216485441520489985
12306.421508825431374134
12246.852150548071222147
12191.408037282781151589
12139.913365508629794931
12092.150696420874737669
12047.886522297541887383
12006.891993296283544623
11968.960661085935498704
11933.922802778986806516
11901.654461021251336206
11872.079363162240042584
11845.163203329864700208
11820.901607553460053168
11799.304565058298976510
11780.380674596330209170
11764.124086690733747673
11750.505864012229721993
11739.470126145695758169
11730.934275975658238167
11724.792062084725330351
11720.918206882352023968
11719.173668734170860262
11719.410989666097520967
11721.479429065968361101
11725.229650350427618832
11730.517628011135457200
11737.207340854765789118
11745.171850679695126018
11754.292587729478327674
11764.457007530307237175
11775.555156859727503615
11787.475921368377385079
11800.103738260359023116
11813.316360041661027935
11826.983925460057434975
11840.969272805556101957
11855.129241874152285163
11869.316716591112708556
11883.383339955635165097
11897.183015115868329303
11910.576447699550044490
11923.436886982553915004
11935.656995629240554990
11947.156680369869718561
11957.892458317668570089
11967.872490450936311390
11977.193444362374066259
11986.153838942916991073
1198.449825182531867540
