22.203729257376274120
14.636948106456436847
6.530215867523239126
-1.225582601803125726
-7.900950374869637471
-12.854559353236723496
-16.249704986857423705
-18.784953843784506944
-20.613370869669921603
-22.210535231744160001
-23.878883840879581157
-25.676080119284847569
-27.554501404364216910
-29.437069936114909297
-31.244395413295933395
-32.905568971396505162
-34.388240653865253194
-35.684626817181722913
-36.788656891959149675
-37.694745442603604602
-38.398540442097825576
-38.894676763609950854
-39.174074253354831399
-39.219985641777853402
-38.998639116488647005
-38.442358091367680117
-37.482907432517407642
-36.155121540835153837
-34.549615003313533634
-32.732553461760545588
-30.741781526918941836
-28.602381299508181201
-26.334113650863400835
-23.954356086404487769
-21.479261239415734508
-18.924079079166517658
-16.302822296609946306
-13.626881096554086525
-10.901406174304497654
-8.120597330819720128
-5.286996373752117506
-2.445788309648889935
0.351698880097330857
3.068895733881106480
5.680969819323280490
8.172546021407100625
10.536468831159481852
12.772098233144589585
14.883026411925754928
16.874807095253629541
18.753251097207538578
20.523435039389397616
22.189209997223684923
23.752957317705948981
25.216055133416631406
26.580528438811683145
27.849706820963831433
29.027306476449837191
30.117595279187128199
31.126223903534310011
32.060709683051129559
32.930353412588544870
33.745505633476483354
34.516105669212578277
35.249266197670209522
35.945144733135947490
36.589503852564263298
37.146207408833390673
37.585767482973210463
37.941623514241143766
38.279027921636753717
38.653187386360173150
39.099481917477447723
39.627972801857850982
40.236013500319728564
40.923371864696406419
41.695302255916629974
42.560660596894479113
43.529987253200317809
44.614075337196766213
45.823128008126076338
47.166668463166303127
48.654356631891516827
50.298002823205877121
52.115530375542789443
54.138030651712568897
56.416192409821917408
58.999429422919178023
61.874098463641757917
64.946034503639737068
68.102008670233203702
71.243987190577058755
74.289467661724984282
77.173302067652485903
79.853899631999382791
82.317390785222784189
84.572660795016787461
86.632003117836319461
88.490998907595013634
90.123003073400354879
91.461322219978455905
92.360005972258136353
92.577452848030191035
91.987521806800202739
90.865216507840273152
89.589983430603155057
88.356154876170478474
87.229027075030927563
86.266193215127856320
85.528205413117177613
85.016458273064785089
84.666252335597221190
84.406961077963757134
84.192481876956605902
83.996693154135272152
83.805422947909136155
83.611541895723831885
83.412150050180798644
83.206864815519281819
82.996785206970969284
82.783980004337564651
82.571447700905252987
82.363562154344691635
82.167130732271971283
81.993317918401686484
81.860144682955194639
81.791050223156190668
81.798741964511435754
81.870001268925619797
81.981992817844286492
82.117814409123468522
82.267232803537069685
82.424111995677208142
82.584624541972942779
82.746290104496836193
82.907464930250881707
83.067048808007712069
83.224298222234409650
83.378700366982769765
83.529892119539113082
83.677616276733630230
83.821704070909163420
83.962065810376458330
84.098667264352712891
84.231474581911555788
84.360369611197114637
84.485068542324768259
84.605103368651555229
84.719914603752926041
