69.362238133488517633
60.554501557949016899
51.229689536396350036
42.161454319782009748
33.988096518409349756
27.557932621573371534
22.903576033370725895
19.317197576958221816
16.620229852770947332
14.372927907151606064
12.298150574738514251
10.297222227989351495
8.327107022917232371
6.367180939012712315
4.414650767344966198
2.477168141994155803
0.542722353617335784
-1.404584356023178771
-3.361457153949487520
-5.308747076632784001
-7.220171706893552255
-9.067432891629351843
-10.821748802873941031
-12.451186425273675695
-13.911019097099170949
-15.126082200380551512
-16.023307137062118954
-16.634541063613880851
-17.048444621847295366
-17.329495204633445837
-17.513469294594472103
-17.622523045939146868
-17.672319065314297859
-17.674774589141520664
-17.639103611682031669
-17.572043951958818297
-17.477400777055692060
-17.354477557361377649
-17.194214705823242184
-16.974252833202143620
-16.678213240875521706
-16.330488891049782296
-15.960992285308293503
-15.586258861800644127
-15.214790500859209033
-14.851173946616398780
-14.497920737486055032
-14.156319259019738865
-13.826880754993197797
-13.509608737270838219
-13.204192789000359198
-12.910188751940950169
-12.627250484863822066
-12.355419280517537572
-12.094849956328914686
-11.844468895813776044
-11.601771974631759576
-11.364359168548872958
-11.130485789679852360
-10.898901954063575204
-10.668805258592186647
-10.439970387770074467
-10.213086325604592730
-9.990454075041185433
-9.777443476490248031
-9.585665136112254459
-9.439615232778123755
-9.383636831676597012
-9.453108723416278281
-9.618164606932793959
-9.815037841180583200
-9.988355107568963831
-10.101532331689867306
-10.143016780306879809
-10.114453955188196232
-10.016173395516801747
-9.844312445714479054
-9.592340976959889076
-9.252165204693596934
-8.814638074458002848
-8.269773134513940249
-7.606747524875572708
-6.813563720921308686
-5.875923347050104439
-4.774289064208090849
-3.477627030641173178
-1.937090961625585805
-0.105824480758286654
2.001846310734038070
4.296802191084026390
6.680366336120187043
9.079833611992938813
11.445253947056812649
13.742866608854967581
15.951536787745340007
18.060756400691815315
20.065800216526639588
21.953553347613961932
23.689557735971504826
25.219519362046412425
26.457440688439504584
27.250095206355581468
27.360235786564032878
26.672758023152027818
25.473286769510139038
24.146066918217655939
22.883060379418878938
21.742314389782563921
20.773010406821100560
20.029135463039779097
19.508714444642919261
19.146717690653275668
18.874209842551749716
18.647548878231901881
18.442792699923643340
18.247048450241209139
18.053420123044446655
17.858416027650974911
17.660636186511624146
17.460131627583365344
17.258163660838761189
17.057273856978696358
16.861706276165563168
16.678365407594270664
16.518614175271125077
16.400652015718776511
16.347976194444356679
16.373175618507275431
16.462752813145442587
16.593521167244318804
16.748265956628046069
16.916553777115609591
17.092169635540670924
17.271287319706829066
17.451451191046544409
17.631022144326664147
17.808867256829302050
17.984178905787956637
18.156365273256312776
18.324981918649086765
18.489688004052140968
18.650217913946136150
18.806362839564059186
18.957958999871209471
19.104880352684546096
19.247034325727895521
19.384359491019409916
19.516824351523297310
19.644426583819296184
