23.962247520123845845
15.804579460790229462
7.075083219387181543
-1.368360750191342845
-8.822433633021269372
-14.394203240516205256
-18.035167325825739226
-20.462817999090404442
-21.879555437746830648
-22.758672411161953164
-23.416532872782568120
-23.987880560499931448
-24.529366357582787828
-25.041183010223036831
-25.492497655532602607
-25.848866264715269381
-26.106377121777640582
-26.275356544181775575
-26.356060152851924272
-26.339381844364837093
-26.211946294717463957
-25.958173057392613714
-25.560229249092373038
-24.995015711037410711
-24.224810706439768637
-23.180173953849148916
-21.793173526906798543
-20.100989659080653382
-18.198592668954034934
-16.158400965882378841
-14.026191062672978660
-11.836321056842677990
-9.618705610525012162
-7.401148391181862962
-5.209763661627619058
-3.068454634778163381
-0.997667474553736611
0.987915242070243949
2.883830845167381085
4.701150752263146160
6.447319623161149593
8.091242453118269395
9.598257877569579932
10.948733679754354853
12.132524889426065329
13.144805544574126088
13.984275597912102285
14.652356055808837709
15.152723844367415040
15.490951611156020817
15.674187400342418641
15.710850804383142076
15.610295911336805830
15.382424501807747674
15.037847752985300076
14.589083838482423516
14.050582186506858307
13.436991517021681375
12.762411865491742446
12.040375338481027256
11.283737723614876813
10.504415528352467391
9.712931401057403491
8.917608759786077144
8.123013979817955033
7.326690994606678942
6.512433872902448684
5.643257059159623168
4.690153743171379119
3.688339500427360917
2.705886666234675886
1.801429651557299394
1.013794288699244817
0.355814567392826575
-0.173736315797896168
-0.575492514947143263
-0.846440056097236493
-0.981226392117065416
-0.973019900004601368
-0.813758229693718249
-0.494103374021335640
-0.003227245977825532
0.671638023202206114
1.546234699934274204
2.641801891149270887
3.990491434659872994
5.640431619179935296
7.634530168997997635
9.950323733304401230
12.486525045436593473
15.129804711368507242
17.792738439468365641
20.412840891433148727
22.947269149582353975
25.369411161809466648
27.666289195013774815
29.832834071759464223
31.856870892456186084
33.705519751310390575
35.326303015689717313
36.635140377815872625
37.480952796083357725
37.629191470490013671
36.968277811700801294
35.788109969239769725
34.477398144922744905
33.231962635893694369
32.112439791294605129
31.169018270319270414
30.455133182705594663
29.966967369477032435
29.636805930753155280
29.392728533464151042
29.188324834572085820
28.997474314177338783
28.805876009728393683
28.606004002274744380
28.394406455461052019
28.170228447879594569
27.934398639995777103
27.689239383536062178
27.438426359250200903
27.187340141309334740
26.943981505586521052
26.720734383204927553
26.536696082509962480
26.416073679928018691
26.371921364838954105
26.390957632248614573
26.450029165784798124
26.531881337812052379
26.626068949006423736
26.726453835332478093
26.829392118913631293
26.932702970401436460
27.035087572316058413
27.135789480603335733
27.234388662631914713
27.330673541839672680
27.424560401047585856
27.516041837091250954
27.605152496124162553
27.691944347076656641
27.776466794455501486
27.858749735054516350
27.938790521425829638
28.016548386259756853
28.091950857902077132
28.164913743191192452
