2310.042130533491217648
2306.944880760072464909
2303.752852405641988298
2298.997494944149366347
2290.324352027071199700
2275.216999781580398121
2251.763515216640371364
2219.009041602609158872
2177.085747537399129214
2126.896172412854866707
2069.830431444495388860
2007.494534640458823560
2243.959047255564200896
2478.728336844403202122
2713.481188628452400735
2949.538401751739911560
3187.672219552557180577
3427.980359507300818223
3669.855114113547188026
3912.052274607792696770
4152.838459596967368270
4390.185694062059155840
4621.982188580076581275
4846.236202733904974593
5061.258936370375522529
5265.817899718730586756
5459.254073136017723300
5641.531186238134068844
5813.275695797912703711
5975.775946563296201930
6130.921436812804131478
6281.098092181946412893
6429.047403246379872144
6577.700797953159053577
6730.003370608017576160
6888.742470898513602151
7056.396177822520257905
7235.014214814080332872
7426.139733445195815875
7630.775309992461188813
7849.391342706594514311
8081.981846993810904678
8328.123167246649245499
8273.360841698180593085
8230.777063698329584440
8199.482512270686129341
8178.391470300510263769
8166.300399347126585781
8161.963068130266037770
8164.156416348477250722
8171.732840433499404753
8183.656244890312336793
8199.020885894780803937
8217.053656878073525149
8237.101950303718695068
8258.610503700561821461
8281.091464254008315038
8304.092390045339925564
8327.166873269099596655
8349.851671151176560670
8371.653094309805965167
8392.043923103135966812
8410.470572896887460956
8426.368859782745857956
8439.185731343099178048
8448.403833758819018840
8453.565792247321951436
8454.295501324928409304
8450.314413952282848186
8441.457723966695994022
8427.673565559254711843
8368.130214568651354057
8303.849914973321574507
8235.055352769632008858
8162.043000307676265948
8085.166602600226724462
8004.819243999480931961
7921.415922810008851229
7835.377855731638192083
7747.119585673612164101
7657.039743622281093849
7565.515992552622265066
7472.904236579651296779
7379.541613959406276990
7285.752149860439203621
7191.853319765737069247
7098.161312358909526665
7004.992655021356767975
6912.661839108296589984
6821.473295467026218830
6733.711197780964539561
6649.917740399057947798
6570.453315662407476339
6495.445154043952243228
6424.753745376892766217
6357.965887899096742331
6334.751993330512050306
6313.909559498295493540
6294.464905856370933179
6275.429934018929998274
6255.892260045287912362
6235.094548513902736886
6212.494988526798806561
6187.803748807828014833
6161.044625789261772297
6132.480061788991406502
6102.548573317444606801
6071.819399056441397988
6040.937840279951160483
6010.565001951644262590
5981.326276038887044706
5953.773552237108560803
5928.352531160317994363
5905.384234700409251673
5885.059819439495186089
5867.446878318239214423
5852.504529865779659303
5840.104199878672261548
5830.053042256954540790
5822.117317667676616111
5816.043628012917906744
5811.576577895865739265
5808.472109056805493310
5806.506363349227285653
5805.480427084996335907
5805.221666211431511329
5805.582562229303221102
5806.437993958164952346
5807.681475234006029496
5809.222166532387745974
5810.981975543403677875
5812.893301859816347132
5814.897453345695794269
5816.943624643716248102
5818.988259244917571777
5820.994606774480416789
5822.932318151554682117
5824.776974260094903002
5826.509502871684162528
5828.115491476997704012
5829.584445220501038420
5830.909065975569319562
5832.084639859166600218
5833.108615476037812186
5833.980431735612000921
5834.701607018732829602
5835.276028979078546399
5835.710292326520175266
5836.013855132101525669
1040.313315868712379597
1139.983783532825782459
1244.823995329463059534
1355.038985382612963804
1470.821564924813856123
1592.348908329243158732
1719.779482052449793628
1853.250579198587274732
1992.876715527323312926
2138.749101471354606474
2290.936328715333729633
2449.486297980296512833
2614.429274034720037889
2785.781791923997388949
2963.550967687540833140
3147.738599583107770741
3338.344299914223029191
3535.366787180668325163
3738.802410908966066927
3948.639992807600265223
4164.851160017617075937
4522.101429619898226520
4885.639617981258197688
5255.380581400897426647
5631.146849459549230232
6012.628525599169734051
6399.336137446511202143
6790.547999651096688467
7185.254704258311903686
7582.104555455278386944
7979.355050939471766469
8374.836757525892608101
8765.936912176353871473
9149.610490108841986512
9522.425913051702082157
9880.650610239807065227
10220.378007655575856916
10537.692246572074509459
10828.860571091350720963
11090.537011624324804870
11319.956291599271935411
11515.095363908607396297
11674.782628633009153418
11798.741601965746667702
11887.565298325866024243
11942.627704611750232289
11965.947186898099971586
11960.021798899142595474
11927.657628379483867320
11871.808931252420734381
11795.443972483162724529
11701.444560704559989972
11592.541431255427596625
11468.667693211787991459
11334.799838226053907420
11193.125518094620929332
11045.683582284878866631
10894.391417812457802938
10741.068552623137293267
10587.452502993062807946
10435.205002428208899801
10285.908668779895378975
10141.055631386148888851
10002.030555731940694386
9870.090872607455821708
9746.346933260381774744
9631.744404927616415080
9527.050635606065043248
9432.846077719481399981
9349.521259148823446594
9277.279281915574756567
9216.143434860809065867
9165.969228397749247961
9126.459982508573375526
9097.185005350984283723
9077.599374829362204764
9067.064364888743511983
9064.867636557213700144
9070.242438931329161278
9082.385232526336039882
9100.471358213704661466
9123.668615592865535291
9151.148871785793744493
9182.098065907855925616
9215.725170967079975526
9251.270784608128451509
9290.092990155149891507
9329.445956754156213719
9368.721538591149510466
9407.383645791240269318
9445.321615986733377213
9482.291561708965673461
9518.118422353200003272
9552.698582003476985847
9585.999025565830379492
9618.052522251802656683
9648.948758417085628025
9678.821828424488558085
9707.834950336611655075
9736.163627639507467393
9763.978679073408784461
9791.430577514602191513
9818.636387798924261006
9845.670298090350115672
9872.558349013579572784
9899.277533653761565802
9925.759021662672239472
9951.894897817644960014
9977.547536642627164838
10002.560577578515221830
10026.770427545277925674
10050.017290578416577773
10072.154887565920944326
10093.058253588236766518
10112.629255502646628884
10130.799724067408533301
10147.532319708352588350
10162.819425743655301630
10176.680480884859207436
10189.158219112303413567
10200.314286464525139309
10210.224661272597586503
10218.975229623853010708
10226.657775825955468463
10233.366552256715294789
10239.195503608156286646
10244.236146943418134470
10248.576053794065956026
10252.297846732979451190
10255.478607487078988925
10258.189594749139359919
10260.496180503354480607
10262.457932082288607489
10264.128785949618759332
10265.557276413754152600
10266.786797298944293289
10267.855883414285926847
10268.798504491787753068
10269.644366204927791841
10270.419213162451342214
10271.145128098096392932
10271.840821201958533493
10272.521904351995544857
10273.201147094061525422
10273.888714328655623831
10274.592389908691984601
10275.317793053167406470
10276.068596469598560361
10276.846754069500093465
364.900639956785539653
