23.855986519464075002
15.721490280059242650
7.065165620315369210
-1.286706270126778406
-8.653673923931009426
-14.159835840789526173
-17.763530250118080289
-20.180844625678588500
-21.610417315302697716
-22.522293199090469784
-23.232303167296691981
-23.876126631400239830
-24.505821119253837992
-25.107374730011230213
-25.632342490239480526
-26.032785665687384835
-26.297742654086519565
-26.436573657511502233
-26.453594818379784215
-26.347414481893707716
-26.114509107528874665
-25.749859984076110209
-25.245755280640054252
-24.587981243615359972
-23.746008187257260147
-22.655699993651765567
-21.252514539529187232
-19.575157667847861376
-17.718329632881733460
-15.752463145347576301
-13.719751174101133984
-11.649552931127090005
-9.565630312743479635
-7.488823310393371457
-5.437887331294433579
-3.429437921663065936
-1.477186353315801171
0.409914046715016411
2.231743992468295801
4.002059750456169240
5.729187750843976801
7.381102830321793817
8.920529851214837436
10.323805356743804396
11.575734114462363777
12.665924606072536562
13.587546694391306801
14.337044346909976866
14.914076124509676902
15.321393471620268656
15.564572364433502116
15.651593211310967035
15.592268350814691757
15.397565797510168295
15.079489970976084123
14.652049935916267032
14.131122201127823246
13.532618604133006102
12.871681532090804012
12.162633793272163985
11.418855177183871774
10.652518136468984267
9.874147929863454465
9.091850533218462260
8.309805918460142493
7.525066099086473059
6.720893686984823034
5.859788446430826525
4.912281348491035260
3.913188462211508067
2.930235809267941249
2.021751310486251896
1.226295542023365215
0.556504544844102611
0.011066542875767027
-0.410574938989100247
-0.705127790273195387
-0.866743926971480505
-0.887884158138717794
-0.759591332269224040
-0.471485791712609625
-0.011603931059710249
0.633987753768423090
1.482153931296892324
2.555131468103809311
3.885859900195328009
5.522966749159053279
7.509522909874760899
9.822910314428128231
12.361475129117707183
15.011470355155012157
17.685120983608442202
20.319642347862071574
22.871808154233804089
25.314403369454254289
27.633606913283699669
29.823358771592069161
31.870444691072719934
33.740914375567797379
35.381152023184313293
36.705875151726445438
37.562835121278681072
37.716508245763947116
37.054704820080672789
35.867212728257300114
34.543216564361330256
33.279599767832081625
32.138555920199820548
31.172148121111376895
30.435787818562545226
29.927518965123567796
29.581171840379340665
29.325889912471836851
29.115744367443170404
28.924500758290321301
28.737222898093222057
28.545367361230802317
28.344254027397482787
28.131761274360655989
27.907660611790333860
27.673333795262180956
27.431791017122947096
27.188033667699073703
26.949942184303068871
26.729987805728114836
26.547505732071755347
26.427042305389221610
26.382051912001486471
26.399671886120216868
26.457136501469761924
26.537500604109396818
26.630522761713649516
26.730160532061034928
26.832774817848729754
26.936125194711593167
27.038816476385534315
27.139982475331493106
27.239096852670769522
27.335855152666994172
27.430098636530374279
27.521763763392641522
27.610848004611654005
27.697386394348399108
27.781435319197441913
27.863061283648448807
27.942333140445242634
28.019316783454087272
28.094071712568307930
28.166649295509984086
