22.109783789643032037
14.583755313658862462
6.633958790236924585
-1.025657417116832448
-7.818586766726767223
-12.923870754722216248
-16.332871903416503301
-18.808960332739928845
-20.601617602759191072
-22.199316590159895668
-23.878241574350383303
-25.682971858045021918
-27.567597422134596741
-29.455138424632892225
-31.262137131257730971
-32.915398099894744632
-34.384630403596943893
-35.666339304256752030
-36.758050034353516367
-37.656002087659672384
-38.356542995685771302
-38.854813230357137854
-39.142294526307097158
-39.202466096947702567
-39.000935712447400761
-38.468332482580933629
-37.533805926755960058
-36.229075054946676460
-34.641662451268729228
-32.835158555241662270
-30.845734088884086077
-28.697937743829527335
-26.412221164632512682
-24.007810013462972165
-21.503658710416743816
-18.918449588968229591
-16.269834022693459019
-13.572540319699925249
-10.834196863435721525
-8.050075428708709069
-5.221991405984141466
-2.392575248188506976
0.390694106788572526
3.095277160350633494
5.699185461549973297
8.187700916173241694
10.552068836640103200
12.788743471578868593
14.898566129517888612
16.885703198801877534
18.756373413311024478
20.517476373960136016
22.175246520322360766
23.734108212517043057
25.196507023777513723
26.564325478606292563
27.839697614069962128
29.024532989236263347
30.121246222437662254
31.134095559119543850
32.069971516116311250
32.938352790926444413
33.750382744408028657
34.517096407935980551
35.246689769778726031
35.940156237709828702
36.583725012024046919
37.141342770465570311
37.583288459283750171
37.942571013832008475
38.283947247707374117
38.662161352927228108
39.112170812443196155
39.643527614026481842
40.252756806071261053
40.938290937703101235
41.703640513912006327
42.556063881392702797
43.505567021670145778
44.564371861333057723
45.746503860332353497
47.067385364594230168
48.543574759020145848
50.193121025574868099
52.037565735572314907
54.107102892333017508
56.445706103471877668
59.090302497036304885
62.011225348487215570
65.099506604207846294
68.234516655067466218
71.322914639872266207
74.298789723506530436
77.119337030308543035
79.761936982454301415
82.221356737326345865
84.503180623300835350
86.607525470693815350
88.513940694771491735
90.180900890382616808
91.532254326703252900
92.420787271970397114
92.611784344643183431
91.990733894847096508
90.843766952585099261
89.556672563588222147
88.324029693974779320
87.206903943409628255
86.257105045549707256
85.530327514928501387
85.025245794746410866
84.676646506274352078
84.415012418754997725
84.196155869268523020
83.995892955175236239
83.801445267073205514
83.606280934936592075
83.407354783702999157
83.203652139655503106
82.995473362268256778
82.784193246053803250
82.572386184885431248
82.364327669741470572
82.167023615056052677
81.992044388717488346
81.857886169450978286
81.788365459910949085
81.796326705144622338
81.868405552634300193
81.981424390409102898
82.118100363032397127
82.267921640985349541
82.424649125309514375
82.584538565322276327
82.745350528492878084
82.905784320739655868
83.065100358340487219
83.222818366105514087
83.378463308946265897
83.531386580021376176
83.680715075790288893
83.825469748434102257
83.964849105368159599
84.098605746980268805
84.227382074078946061
84.352847248029604543
84.477517234549821978
84.604248706181010675
84.735547311611014720
