2420.673599687388104940
2082.859598629005631665
1977.317636305045198242
2741.483881124438084953
1453.700479547949498738
1180.838120903018761965
1263.807753525026100760
1294.842996039068339087
1290.750833056472174576
1345.016576487866359457
1554.131529436223445373
1934.172671847324636474
2437.288538794246960606
3014.472665012978723098
3663.991720541172071535
4434.394656563440548780
5387.883421828350947180
6559.290627819874316629
6997.123033083014888689
7604.375509508384311630
8317.165457681454427075
9558.188579989828213002
10736.080161203091847710
11791.203100878205077606
12688.992868310042467783
13414.041698795297634206
13972.115792884453185252
14363.958682204332944821
14594.124169437685850426
14673.157079942116979510
14612.204855625419440912
14422.768163018541599740
14117.446676072873742669
13711.634250860974134412
13226.016909439864321030
12689.498697857819934143
12141.725673230645043077
11633.689236737629471463
11224.327594463415152859
10971.591673226943385089
10923.551104584783388418
9570.929741608139011078
8550.254954349729814567
7945.210517829104901466
7773.517043408508470748
7982.211363282136517228
8475.993120172543058288
9153.670044713982861140
8993.381853645569208311
8888.786679130951597472
8800.147421745890824241
8697.180612782518437598
8561.014010716817210778
8384.690489468966916320
8172.841284674212147365
7940.972713783535255061
7713.416676864418150217
7518.785876797708624508
7383.712400460559365456
7325.671717452748453070
7347.913618260900875612
7439.002794503619043098
7577.007077965555254195
7735.928337969145104580
7891.569542913062832667
8025.335873163702672173
8125.895265050659872941
8189.285894746054509596
8210.608747059948655078
8202.515349209643318318
8177.630682211189196096
8145.899786385848528880
8115.439669823272197391
8083.683654540404859290
8037.888740385476012307
7953.921032269959141559
8650.735807459803254460
9237.766049810126787634
9692.644882215352481580
10003.932085904865743942
10168.423913658847595798
10188.679744281458624755
10071.605743583380899508
9828.616916097704233835
9477.728422536793004838
9047.584384295560084865
8582.426921246493293438
8151.420159043528656184
7834.425909233098536788
8086.263421387444395805
7667.607192102305816661
6402.778063374526936968
5678.476175897107168566
5433.566427511196707201
5465.840441202934925968
5584.266168317743904481
5686.644331567696099228
5761.640103289005310216
5849.255736793150390440
6029.963481494278312312
6374.640514938964770408
5920.880567333815633901
5703.225727245932830556
5511.206896188455175434
5457.561595205125740904
5531.626726347368276038
5635.390209348794087418
5697.861515399913514557
5703.489618078578132554
5689.692561700436272076
5678.661719291050758329
5648.691792816155611945
5615.823242279020632850
5589.703986881158925826
5572.967129922919411911
5563.059761792061181040
5555.164118684145250882
5544.813210350378540170
5529.413224058105697623
5508.566300809141466743
5483.509860262457550562
5456.142548633587466611
5428.084821961860143347
5400.091161580920925189
5371.938050050644051225
5342.718541776254824072
5312.061398451497552742
5301.396850186062692956
5287.603223734435232473
5271.152723164688723045
5253.012704530108749168
5234.347230219596895040
5216.211576157627860084
5199.333366193559413659
5184.027644802167742455
5170.242668580438476056
5157.696549441667229985
5146.049805013959485223
5135.061688209343628841
5124.689831780564418295
5115.106552276253751188
5106.620171106243105896
5099.509294238483562367
5093.802976707944253576
5089.063459042768954532
5084.237408726995454344
5077.626960141199560894
5067.000321489837915578
5049.828670624972801306
3.894510014729341218
416.077281195725845464
884.868806670515141377
1554.655156058116745044
1768.287791763336144868
2079.936418917399350903
2279.740182956361422839
2463.476495355510451191
2525.164406884327945590
2594.785717662492061208
2695.290852260189694789
2830.912644029374405363
2991.897630604793903331
3168.313707404465276340
3360.713204159043016261
3573.748897793490868935
3825.173537964560182445
4128.088079763252608245
4274.757399637200251163
4465.099853400257416070
4686.589189757161875605
5103.908264448937188718
5518.850392225470386620
5920.338386978932248894
6302.849899123615614371
6665.038695698673109291
6972.029568155499873683
7244.492711677552506444
7503.751810132966056699
7752.816074173669221636
7994.240444523723454040
8229.992773880230743089
8461.567405578673060518
8690.342526958318558172
8918.154949340494567878
9148.012391648646371323
9384.757883572985520004
9635.342759219576691976
9908.235855301347328350
10211.616996316161021241
10531.297496581162704388
10551.503387828064660425
10629.322544815184301115
10781.052871908084853203
11009.066266122088563861
11300.751536011313874042
11634.777139969035488321
11989.142419590789359063
12009.819928462629832211
12025.491324073967916775
12029.462642551279714098
12017.044216509415491601
11985.875331909597662161
11935.977947717674396699
11870.185723200980646652
11793.184451866321978741
11710.611242126506112982
11629.658756240492948564
11557.087706055614034995
11497.699522866108964081
11453.251753078991896473
11422.367397776330108172
11401.449314667601356632
11386.074324688701381092
11372.254440383792825742
11357.240966693201698945
11339.862034905325344880
11320.528993311014346546
11333.868488810780036147
11360.364279201387034846
11393.080494970105064567
11435.455206486327369930
11481.226722476831128006
11536.616756992332739173
11604.210696596192065044
11680.209000799435671070
11946.158126097463537008
12208.046824826145893894
12462.638119403098244220
12708.843746737427863991
12946.922059523463758524
13177.700456703276358894
13402.036660899500930100
13620.671496497463522246
13834.592941249136856641
14045.953095827097058645
14259.343293058625931735
14453.589891017700210796
14621.590035288667422719
13079.785720819143534754
13045.007108842468369403
12193.320768214302006527
11736.117102257559963618
11627.068566312904295046
11712.774647559615914361
11848.314881970971327974
11951.766410451558840577
12003.397042589922421030
12049.696974893495280412
12152.008028916903640493
12364.371477056609364809
11959.101640455512097105
11720.373333488563730498
11883.018870646730647422
12178.453181085011237883
12450.147644374985247850
12679.199403197353603900
12871.019895818966688239
13015.209405403134951484
13074.044670178256637882
13051.701082368292190949
13013.821825373734100140
12973.353896610658921418
12938.276395212506031385
12911.159049679548843415
12890.571477706758741988
12873.311313672949836473
12856.392544851245475002
12838.199732362261784147
12818.730725514125879272
12799.170150352141718031
12781.151370017092631315
12766.046655511892822688
12754.525183481293424848
12746.471992996997869341
12741.214687880561541533
12737.020933119476467255
12705.676360238161578309
12675.387662792496485054
12646.385069395950267790
12619.247357450074559893
12594.679037572130255285
12573.282363751903176308
12555.394792165270700934
12541.027538281578017632
12529.902877684460690944
12521.560355423052897095
12515.490753460284395260
12511.258631208309452632
12508.582661142927463516
12507.352888159311987692
12507.574964875251680496
12509.246215502444101730
12512.187864444735168945
12515.876887486139821704
12519.329299406768768677
12521.076531221709956299
12519.252521972472095513
12511.782300099401254556
620.495962521695105352
