313.445870839630401861
323.236474518891213847
333.027078198152025834
342.817681877412837821
352.608285556673649808
362.398889235934461794
372.189492915195273781
381.980096594456085768
391.770700273716897755
401.561303952977709741
411.351907632238521728
421.142511311499333715
430.933114990760145702
440.723718670020957688
450.514322349281769675
460.304926028542581662
470.095529707803393649
479.886133387064205635
489.676737066325017622
499.467340745585829609
509.257944424846641596
519.048548104107453582
528.839151783368265569
538.629755462629077556
548.420359141889889543
558.210962821150587843
568.001566500411399829
577.792170179672325503
587.582773858933023803
597.373377538193835790
607.163981217454761463
616.954584896715459763
626.745188575976271750
636.535792255237083737
646.326395934497895723
656.116999613758707710
665.907603293019519697
675.698206972280331684
685.488810651541143670
695.279414330801955657
705.070018010062767644
714.860621689323579631
724.651225368584391617
734.441829047845203604
744.232432727106015591
754.023036406366827578
763.813640085627639564
773.604243764888451551
783.394847444149263538
793.185451123410075525
802.976054802670887511
812.766658481931699498
822.557262161192511485
832.347865840453323472
842.138469519714135458
851.929073198974833758
861.719676878235645745
871.510280557496571419
881.300884236757383405
891.091487916018195392
900.882091595279007379
920.966358145621484255
978.031599822463817873
1043.035362658601798103
1169.179552497500480968
1295.323742336398936459
1434.885825412078247609
1612.422103014185495340
1789.958380616290469334
1899.239971742832949531
1954.337440705211292880
2009.434909667589408855
2064.532378629967752204
2121.944090191393570421
2188.520195300121031323
2255.096300408849401720
2321.672405517577772116
2388.248510626305687765
2454.824615735034058162
2521.400720843762428558
2587.976825952490798954
2601.399419481838322099
2614.389878775894885621
2627.380338069951449143
2640.370797364008012664
2653.361256658064576186
2666.351715952121594455
2679.342175246177703229
2692.332634540234266751
2705.323093834290830273
2718.313553128347393795
2731.304012422404412064
2744.294471716460975586
2757.284931010517084360
2770.275390304573647882
2783.265849598630211403
2796.256308892687229672
2809.246768186743793194
2822.237227480800356716
2836.021614244643842540
2850.547309876227700443
2865.073005507812013093
2879.598701139395870996
2894.124396770980183646
2908.650092402564041549
2923.175788034148354200
2937.701483665732666850
2957.031248406407939910
2990.319300960772125109
3023.607353515135855559
3056.895406069499586010
3090.183458623863771209
3123.471511178227501659
3156.759563732592141605
3189.365562137434608303
3207.944940820241299662
3226.524319503047536273
3245.103698185853772884
3263.683076868660464243
3282.262455551466700854
3300.841834234273392212
3342.039416072520907619
3399.104649331954533409
3456.169882591389523441
3513.235115850823149231
3570.300349110258139262
3627.365582369692219800
3684.430815629127209831
3741.496048888560835621
3789.570187471206281771
3795.668761959862422373
3801.767336448518108227
3807.865910937174703577
3813.964485425830389431
3820.063059914486530033
3826.161634403142670635
3832.260208891798811237
3838.358783380454951839
3844.457357869111092441
3850.555932357767233043
3856.654506846423373645
3862.753081335079059500
3868.851655823735200102
3874.950230312391340703
3881.048804801047481305
3887.147379289703621907
3893.245953778359762509
3899.344528267015903111
3905.443102755672043713
