1886.535056640123912075
1822.473209890562202418
1691.700280790897750194
1459.042903016578748066
1842.380607553571962853
2185.752641516849962500
2565.064389615554773627
3036.777420709764101048
3625.768561189133379230
4328.477498091738198127
5122.356673522785058594
5976.412785522891681467
6860.573726120952414931
7751.249390061181657074
8632.781683825518484809
9496.513567766785854474
9698.495097124558014912
9878.724959633391335956
10039.508969576552772196
10185.173900345629590447
10321.209302523448059219
10453.474958682081705774
10587.518972339286847273
10728.043588713993813144
10878.547797723345865961
11041.162480985220099683
11216.675361835645162500
11404.722276096763380338
11604.102257103770170943
11813.160156717944119009
12030.174390809726901352
12253.689936970095004654
12482.747699243904207833
12716.979520700808279798
12956.561299865188630065
13202.041775893851081491
13454.087565591351449257
13713.201273653272437514
13979.474585500400280580
14252.429793142156995600
14530.982324411008448806
14813.528562563633386162
15098.135011616506744758
14643.329336280416100635
14188.864643560842523584
13735.172210701421136037
13283.067215353532446898
12833.965389449476788286
12390.000184417225682409
11953.982687882089521736
11529.172881796104775276
11118.876269959828277933
10725.936570648009364959
10352.245472836488261237
9998.411776847586224903
9663.707945859092433238
9346.342029735063988483
9044.006170102104078978
8754.561818178282919689
8476.670022422267720685
8210.183141026336670620
7956.179476326936310215
7716.614919081662264944
7493.633951563528171391
7288.780558846325220657
7102.188994489996730408
6932.226910153657627234
6775.405889233868947485
6626.680882723809190793
6480.095018093727958330
6329.421434812403276737
6597.215461562174823484
6850.867201016461876861
7087.553207650450531219
7305.603921074025492999
7504.291978489265602548
7683.608632086838952091
7844.119092716281556932
7986.916179336196364602
8113.671528135335393017
8226.749641217264070292
8329.317886035103583708
8425.330457404070330085
8519.443863133401464438
8616.652972105717708473
8721.697924010588394594
8838.336474049761818605
8968.662349867207012721
9112.687787189812297584
9268.362707027603391907
9432.076221884748520097
9599.526025012746686116
9562.672919325592374662
9522.814014190038506058
9478.741230245654151076
9430.978155424078067881
9381.466224624264214071
9332.817085211050653015
9287.336952691479382338
9246.107647585953600355
9208.396906817883063923
9171.568421869193116436
9131.497607325934950495
9083.346757239034559461
9022.476767097678020946
8945.275465494580203085
8849.746891598084403086
8735.792172271632807679
8605.197477060426535900
8461.378765503130125580
8308.929552558340219548
8153.118777472082001623
7999.369179629650716379
7661.360755907574457524
7333.633463550892884086
7018.168647890465763339
6715.419193272643497039
6424.083867826482673991
6141.145631336477890727
5862.127477220287801174
5581.439925089132884750
5292.654199567992691300
4988.610112461745302426
4661.451799301767096040
4302.790724610951656359
3904.318902231284027948
3459.076236079298723780
2963.304388557703987317
2418.429380809156100440
1832.251167450372577150
1218.034645481601728534
613.187999560856837888
42.229809369376006600
367.394070205257037287
740.570169472294196567
1131.926362489750090390
1515.734219288812482773
1873.911240662505406362
2196.513193010774557479
2480.725759459002347285
2728.847410253943962744
2945.738243834323839110
3136.351109766128502088
3303.958617783265708567
3449.437321933133262064
3571.543116723227285547
3667.767540318896863027
3735.314184964667219901
3771.904785212280330597
3254.420782500848872587
3602.654764255632017012
3957.640144011269057955
4308.522398855033316067
4642.492395703326110379
4945.852450347484591475
5205.290384863218605460
5409.295502587175178633
5549.552299369001957530
5622.066946219710189325
5627.776502257515858219
5572.488869090419029817
5466.171473584811792534
5321.771924751590631786
5153.842068208368800697
4977.223971564807470713
4805.971740384327858919
4652.578949624888082326
4527.500489946396555752
4438.917688375382567756
4392.692276600574587064
4392.471328894343059801
4439.921889681672837469
4535.077494936299444817
4676.767438240724914067
4863.082523494374981965
5091.820309062124579214
5360.855391441689789644
5668.395050792045367416
6013.101690070201584604
6394.084921084758207144
6810.783877693914291740
7262.772950876788854657
7749.531369960381198325
8270.219331135276661371
8823.500917744137041154
9407.446999019810391474
10019.539157608236564556
10656.778207616545842029
11315.878120572479019756
11993.500217287983105052
12686.457568916141099180
13391.802587002026484697
14106.709652949290102697
14828.086191004489592160
15433.837288175960566150
16045.510145907594051096
16663.620114154065959156
17285.026754048649308970
17902.720754656125791371
18506.258596802235842915
19082.938126789467787603
19619.623172227853501681
20104.855177020926930709
20530.638047346616076538
20893.225619194599858020
21192.507292258942470653
21430.112082381456275471
21606.880124661365698557
21720.623949139822798315
21765.032359211018047063
21730.234979058375756722
21576.203302238103788113
21335.264681967946671648
21015.681945364918647101
20631.969764351400954183
20204.790991377030877629
19759.449859021984593710
19323.589032441657764139
18924.794261958464630879
18588.609321421205095248
18337.159419398365571396
18188.340411159239010885
18155.413418103187723318
18246.825700719487940660
18466.108315415349352406
18299.298170638481678907
18258.096091042709304020
18336.782293204301822698
18524.639393519875739003
18805.824887000373564661
19159.249319897124223644
19558.670057085786538664
19973.337512054524268024
20369.639237343893910293
20714.140473738600121578
20978.026988417677785037
21142.148845306430303026
21200.980157761427108198
21163.611919179500546306
21050.920569251713459380
20889.813717369830555981
20706.693487292021018220
20522.250806382558948826
20348.783464340365753742
20190.229920340992975980
20044.455941818232531659
19906.970166472376149613
19775.019357138997293077
19650.937761129869613796
19543.842893161669053370
19469.316127874280937249
19447.357924059942888562
19499.330416563065227820
19644.628766854293644428
19600.202333111519692466
19678.189503248617256759
19882.858283041292452253
20207.623997704951761989
20635.041881745823047822
21137.228735744258301565
21677.067447741130308714
22210.693078742577199591
22691.679384740524255903
23076.909523882313806098
23333.312555458116548834
23443.788128822885482805
23410.389040047648450127
23253.693065547693549888
23008.863113527804671321
22720.009438592933292966
22434.461465538592165103
22197.848313884394883644
22050.210463920680922456
22022.996139450358896283
22136.634164926752418978
22398.318565178178687347
22799.720773387394729070
23314.686085380792064825
23722.187637509880005382
24152.789496517823863542
24558.445407313058240106
24897.688690486251289258
25145.263297445701027755
25297.405863253032293869
25369.582320697711111279
25388.439919445256236941
25382.305488202819105936
25373.844500759329093853
25376.335440896353247808
25393.366726219290285371
25421.048415349141578190
25451.619545707730139839
25477.267949036762729520
25493.060991934376943391
25498.262930305518239038
25495.957032225473085418
25491.504377562003355706
25490.655610795467509888
2749.129322837076415453
