1255.823502832780832250
1144.069536744093966263
1178.021259555236156302
1384.038809343295497456
1000.774655334473663970
827.835862461044257543
865.622781175851059743
1107.312289158055591543
1557.524631167892948724
2218.554494278781021421
3075.135765547710889223
4111.239915630522773426
5300.998673893754130404
6616.474721187303657643
8027.165579804632216110
9503.120810639489718596
10508.873499705565336626
11527.272995189427092555
12537.026423521354445256
13518.797378572757224902
14455.767238314707356039
15333.883029196364077507
16141.797787203915504506
16870.713484521384089021
17514.161949714423826663
18065.300582398187543731
18523.874861695578147192
18889.562708566554647405
19166.340766077915759524
19353.533409178857255029
19455.433868260013696272
19478.736617498263512971
19417.048251422245812137
19270.553493557599722408
19042.395885790007014293
18733.593432376357668545
18337.606809929766313871
17876.945166937177418731
17431.186491092874348396
16899.892473170773882885
16332.735608432036315207
15728.444524549657216994
15106.918288480957926367
13920.086036532191428705
12744.409253133693709970
11039.549426270115873194
9384.853119276907818858
7792.829792565097704937
6297.956443575495541154
4937.035503069995684200
3737.471885126668894372
2722.843943733587821043
1911.910747763537756327
1314.709684869330203583
933.030036717774805766
738.909159471344310077
718.697182724399795006
884.494169715923362673
1200.022572000630361799
1731.793585749839621712
2491.100979900520087540
3454.543345822611172480
3508.893970679790982103
3707.396726287031924585
4011.957720273557697510
4396.116048819792922586
4820.795366348024799663
5247.229027144698193297
5664.831396331231189833
6031.216528966100668185
6315.429134023821461597
6646.596972200076379522
6867.135246940175420605
6979.800270839229597186
6979.278141443089225504
6850.628116536279776483
7370.766936987092776690
7774.314671511286178429
8076.407397410881458200
8292.790460728872858454
8439.548581395329165389
8540.941160849020889145
8604.179417120869402424
8644.224657400098294602
8676.023710774161372683
8714.076893069826837745
8770.847979716285408358
8856.463659265356909600
8978.146513733307074290
9139.894370839512703242
9342.481249129932621145
9583.783670792972770869
9341.364370388611860108
9129.550099748663342325
8941.852446837699972093
8773.147641252900939435
8617.950807225115568144
8465.876667141390498728
8307.729526591700050631
8136.457513925187413406
7942.836406847559374000
7719.415329192177523510
7459.977850869884605345
7157.850894095783587545
6812.837098617598712735
7020.628894747893355088
7191.819248349032932310
7333.978144267311108706
7455.499590836571769614
7569.205978406223948696
7685.933785830791748594
7815.903437092722015223
7967.935976553434556990
7330.079438116554229055
6730.710730238723954244
6179.988466888173206826
5681.678795448703567672
5236.916235509072066634
4841.757136849894777697
4486.865817041566515400
4156.810535278870702314
3831.503307607478745922
3491.686374925727250229
3119.331953232144769572
2696.221949116493306065
2206.742976657642429927
1640.848474027296106215
1000.725257365623974692
263.039645258609937173
261.844360188404380096
229.388065200562948576
129.624526978055598647
2.816873651199502504
2.522049185507758917
4.400435549491278131
5.055009994828845166
6.898688933537719059
12.014948791000975348
27.249008237518008713
66.659624440910960175
144.754545431223846208
269.740188514793658214
433.240468465832691436
616.424329917740919882
815.250733950108042336
1029.515901190479098659
1245.162001802057829991
1455.100971384606509673
1651.515020204569736961
3918.481199867263512715
3875.149567609262248880
3832.677711395693677332
3792.174183665935743193
3722.244390999049755919
3656.198581376394940889
3594.393044660369014309
3537.006475957389284304
3484.808421924701633543
3438.594489663698368531
3539.310310154558010254
3696.712086759229805466
3902.504612312874542113
4117.629287315055080398
4339.151008490450294630
4567.215785066578064288
4781.153451495810259075
5021.991807016008351638
5275.074182125724291836
5537.238811601770066773
5809.514484785868262406
6093.051442327712720726
6389.094320482342482137
6698.949886736647385987
7023.951350506205926649
7424.234916601504664868
7851.342931703119575104
8297.508854585974404472
8683.796858616358804284
9058.901793012319103582
9368.549813612715297495
9505.674402977629142697
9664.680866880609755754
9895.990497118737039273
10200.800992636255614343
10654.654720298118263599
11548.318616792061220622
12540.890528542900938191
11942.801472796312737046
12256.295691066445215256
12501.645711518567622988
12950.357041388384459424
13406.013585325410531368
13793.215951453845264041
14160.152559587011637632
14410.233833708434758591
14657.099601375104612089
15238.794108911568400799
16006.795686810792176402
16757.060538858160725795
17482.539247107190021779
18194.051706134127016412
18889.446526471969264094
19561.223886098468938144
20031.357938505036145216
20478.087387642644898733
20579.328843537557986565
19932.401423888448334765
20321.218431052158848615
20522.859510098871396622
20463.913253078033449128
20423.724207264611322898
20275.619472158148710150
20141.015577616279188078
20215.855859758601582143
20284.082277114022872411
20392.450812878822034691
20606.972788315622892696
20412.401934480356430868
20171.729173492418340174
20069.196527692078234395
20103.341896442620054586
20199.692560832514573121
20095.387305105487030232
19766.177290637107944349
19448.026945435452944366
19563.522315030535537517
19691.184977717803121777
19831.422478141055762535
19984.180099887820688309
20148.973892277135746554
20131.721082507348910440
20122.743519717114395462
20129.509858475757937413
20152.535202787654270651
20180.810111683287686901
20212.821974894566665171
20247.163186582158232341
20282.578300217697687913
20318.004227802492096089
20352.603565796602197224
20385.789704297301796032
20395.806654249754501507
20416.452933341584866866
20478.088297540496569127
20538.735092447554052342
20540.182656332257465692
20529.031763679191499250
20518.659605778691911837
20475.109109421893663239
20427.711970888190990081
20382.435279392218944849
20343.078779636311082868
20360.878662198883830570
20380.664381732032779837
20526.165776703019218985
20672.907082518690003781
20837.820933391263679368
21053.493104311488423264
21268.357806232794246171
21481.471516301993688103
21691.821886927882587770
21898.386130977483844617
22066.322144003068387974
22226.436021777877613204
22329.894941642618505284
22418.744053376896772534
22498.217221534236159641
22572.666478387716779253
22645.960992813455959549
22749.012342887785052881
22931.083030305730062537
23168.246048253400658723
23403.395814781029912410
23621.009510256597422995
23816.471861955647909781
23959.137921377434395254
23865.990551482951559592
24356.606112518340523820
24823.811724773724563420
24376.699821042959229089
24180.299941912529902766
24459.531013180192530854
24396.380556876938499045
24272.793079778384708334
24510.188236529924324714
24913.841136590959649766
25306.735079121754097287
25516.822394315731798997
25519.268325773435208248
25423.446922767929208931
25297.175257697006600210
25247.143111289697117172
25376.180364988824294414
25571.503570534616301302
25683.494757629669038579
25744.015393361165479291
25745.766482367082062410
25743.224284574938792503
2352.884157482404589246
