23.814975229750963592
15.691817208235605108
7.045535294210161226
-1.297702691183438617
-8.657604398394028067
-14.158355701771171198
-17.758286442995142806
-20.173365583696977410
-21.601996581641060402
-22.513899775017236493
-23.224511262489329511
-23.869070133899313646
-24.499249840976304426
-25.100856863747466718
-25.625460514255379962
-26.025219461746374350
-26.289281880394497648
-26.427114947130618816
-26.443141324562006389
-26.336073388858167732
-26.102478496735727731
-25.737403037418303597
-25.233171377241859545
-24.575586692134621103
-23.734128563243274357
-22.644666271671809454
-21.242656092352575570
-19.566790952177683494
-17.711745128229523516
-15.747913138180763326
-13.717439287372712897
-11.649625241115558083
-9.568167932633286910
-7.493836759319947305
-5.445313293891445028
-3.439139004179452286
-1.488954224450736774
0.396352091682331320
2.216715386568438362
3.985934576374063454
5.712365017565758762
7.363995834227665682
8.903551132526104084
10.307351494929150704
11.560170449613536903
12.651570088026943495
13.574659488980614697
14.325809408580880699
14.904596387910174826
15.313686372275384429
15.558572968764650568
15.647164380266588068
15.589217270563182183
15.395665163763538885
15.078501378485270834
14.651746799752913830
14.131309825361427102
13.533149680012030558
12.872466140698321624
12.163643685965752184
11.420122583418958584
10.654129589094225139
9.876233683916694872
9.094570198798834326
8.313331071513289316
7.529560977033753488
6.726495680814394973
5.866590878531241060
4.920321647862124337
3.922444711091941372
2.940633123154071882
2.033176622340192807
1.238616176039784023
0.569584195324637221
0.024772902886212478
-0.396374221217627110
-0.690581412626102065
-0.852044125481114634
-0.873302342541535381
-0.745518912344550699
-0.458475591366095614
-0.000404946744168910
0.642413999481192377
1.486653645016843939
2.554440676945603172
3.878776401753015080
5.508627981751118341
7.487764784186083489
9.794608953162338594
12.328704191186801609
14.977317426256888666
17.653140902394312661
20.293109938297902772
22.853031002723156462
25.304313470141380549
27.631725546048016895
29.828096608178270799
31.879601951203397903
33.752211041388079593
35.392651638089006383
36.716234910837016514
37.571375188358103969
37.723128668946515063
37.059700796491028996
35.871055622626982995
34.546367067281863683
33.282392375402451989
32.141157340103802653
31.174570353398337375
30.437933455018679751
29.929239817196588547
29.582324827984365356
29.326378052075341429
29.115537637631689449
28.923638766568956271
28.735805131590183237
28.543537037264286482
28.342179956150914677
28.129620311207162331
27.905621916109311087
27.671545305570390383
27.430368230082905256
27.187050868509828661
26.949426673113407560
26.729918250296293536
26.547816154991238591
26.427632659284824967
26.382804233720264619
26.400468447973878483
26.457875254232561701
26.538104670955476649
26.630943508382927121
26.730375758302955091
26.832784167498459738
26.935944505229514334
27.038472170219819191
27.139506587796347503
27.238522957208118669
27.335215250079755833
27.429420968215168841
27.521071452160754234
27.610158400593803663
27.696710996673658656
27.780780146037869827
27.862427573274743509
27.941718282868862389
28.018715394004573227
28.093476770324144809
28.166053260472665443
