2575.359573887922579161
2186.455225728939240071
2102.299512919810695166
2878.281757662628024264
1563.114381138407225080
1255.860059561758816926
1331.891633271664431959
1363.958206038296566476
1356.925161946873231500
1403.952231158477843564
1606.100154907310297858
1981.260464585108820756
2482.817066409991184628
3063.259667716522926639
3719.713031181205224129
4495.781587869971190230
5446.841891528877567907
6603.432806338316368056
7012.514731456135450571
7578.838665483549448254
8241.179267673462163657
9480.636041927848054911
10655.171157646571373334
11707.047199380918755196
12602.594954374686494702
13326.947710612823357224
13886.444022905394376721
14282.595610762138676364
14520.858819666700583184
14612.671382571325011668
14569.910859909736245754
14404.469699891507843859
14128.778986519120735466
13757.206538010095755453
13308.186511036075899028
12806.788588108613112126
12287.117138892002913053
11793.408872185147629352
11378.173705642178902053
11095.845343777697053156
10996.452503422930021770
9764.529887251601394382
8842.784959318840265041
8313.111980403473353363
8199.460868531343294308
8458.280922763007765752
8999.862372539315401809
9721.656661238046581275
9522.523442753143172013
9380.106992779517895542
9260.380261387606878998
9134.100983236323372694
8980.760079928069899324
8790.436773123459715862
8564.352044926969028893
8314.832591451715416042
8063.926264912630358594
7839.504284958567041031
7669.374854420379961084
7573.842947697285126196
7559.644650266643111536
7618.221101353737140016
7729.078497370476725337
7866.154091727351442387
8004.154694440427192603
8122.953813048350639292
8209.717330007038981421
8259.293237891108219628
8266.049799696784248226
8242.442165539565394283
8201.413072326422479819
8153.634511863080660987
8108.152726279140551924
8063.225321998441359028
8006.504150897864747094
7913.590073005620979529
8621.337514380291395355
9219.297228378129148041
9684.584972903763627983
10005.671160398043866735
10179.571230042944080196
10209.264728214380738791
10102.188546757959556999
9870.307722331928744097
9532.084620350178738590
9116.316985321498577832
8666.810775179348638630
8251.307409899734921055
7946.901718806801909523
8190.616159521452573244
7788.085115530095208669
6485.737706748182972660
5725.116350405963203229
5457.056951355813907867
5479.982472688728194044
5597.742356670673871122
5703.872168522353604203
5785.340032167186109291
5882.600092293188026815
6078.052976853751715680
6445.543031489907662035
5955.800039725361784804
5713.113898204135693959
5506.453744530608673813
5446.289523189912870293
5518.292348234889686864
5621.118149675781751284
5681.652051509920966055
5683.380261595676529396
5663.654176891533097660
5645.252256095113807532
5607.406036974005473894
5567.102618712880030216
5534.663794305455667200
5512.977013027976681769
5499.367326635455356154
5488.691649532789597288
5476.145021607719172607
5458.910375013812881662
5436.523094457707884430
5410.283854052527203748
5382.221587447020283435
5354.086351503796322504
5326.712781465035732253
5299.888986574385853601
5272.658750138244613481
5244.563248323280276963
5236.931906224538579409
5226.555992227984461351
5213.843705910146127280
5199.730726443664025282
5185.386041595907045121
5171.903274376050831052
5160.066732077662891243
5150.236940912643149204
5142.356767398759075149
5136.051786855946374999
5130.789991976420424180
5126.067097257570821967
5121.582592190881769056
5117.363763957686387585
5113.786662391304162156
5111.449373996487338445
5110.888076809818812762
5112.192522996762818366
5114.657387121104875405
5116.663476996856843471
5115.983667467588020372
5110.645306800769503752
75.770127266364298180
452.181211761283577744
911.834827280742274525
1573.768624008557480920
1772.374727709551962107
2068.864795884180239227
2260.517185037049330276
2438.568012352119239949
2494.270317013474141277
2557.421072856975115428
2651.881720019719068659
2782.213935799085447798
2938.883018069202535116
3112.240179990495562379
3302.546389548900606314
3513.335574452076343732
3760.835399546010648919
4057.179988052313092339
4194.266825700466142735
4372.319150169225395075
4579.316825477110796783
5000.225710349304790725
5418.126055589171301108
5822.312375895199693332
6207.423535683752561454
6572.211031583199655870
6881.923535732194977754
7157.428499605140132189
7420.310787701507251768
7673.875305106172163505
7920.975919067302129406
8163.842745854349232104
8404.140647848324078950
8643.249290385123458691
8882.739361677278793650
9124.984741073576515191
9373.776671804052966763
9634.685851080470456509
9914.797914538245095173
10221.472366766767663648
10540.831415871700301068
10599.518006259548201342
10711.611433932328509400
10892.593175834008434322
11145.787867395076318644
11460.260907518939347938
11815.555838681772002019
12189.077452396379158017
12199.269389466766369878
12203.351292340135842096
12196.103940359178523067
12173.293533420559469960
12132.416199430545020732
12073.033490109954072977
11997.385743339944383479
11909.579942539523472078
11814.840450864228841965
11720.264915256691892864
11632.929387164611398475
11558.311175804103186238
11498.990335072719972231
11454.282812300431032781
11420.972885267270612530
11394.691654786880462780
11371.279534698756833677
11347.718325574196569505
11322.567709628008742584
11296.030677934215418645
11302.615275352125536301
11322.794334261738185887
11349.722242975476547144
11387.005021740402298747
11428.581877855896891560
11480.841538738432063838
11546.433257333297660807
11621.469994929739186773
11891.400296571022408898
12157.826921305551877595
12417.386058060119466973
12668.959207691475967295
12912.843885684775159461
13149.949504298725514673
13381.233370629095588811
13607.525364114057083498
13829.854965892218388035
14050.315448557255876949
14273.264949087542845518
14477.031457621540539549
14653.675023432424495695
13178.810785202967963414
13164.215275003522037878
12285.646688253862521378
11801.395092423588721431
11674.459618724833489978
11752.048602893024508376
11885.415096261011058232
11989.413201688714252668
12043.014403606002815650
12093.040013808084040647
12202.310305160202915431
12427.212945766132179415
11989.742249257118601236
11726.724529262524811202
11872.601505171360258828
12157.179684023501977208
12421.293803944850878906
12643.651738830014437553
12828.167688483752499451
12963.798811412385475705
13012.833006933431533980
12979.928916429815217271
12931.461376981471403269
12881.111645909841172397
12837.386802687575254822
12803.068324374296935275
12776.651964815586325130
12754.703795811274176231
12733.990464343574785744
12712.728971631713648094
12690.861607440747320652
12669.610899548353700084
12650.695687357154383790
12635.571540145938342903
12624.952736657569403178
12618.716990387330952217
12616.137641993955185171
12615.397770998490159400
12588.186728347884127288
12562.622389640186156612
12538.862037420201886562
12517.434615730504447129
12499.021515850077776122
12484.226541808237016085
12473.402335940563716576
12466.567094062020260026
12463.412644504458512529
12463.384391861483891262
12465.807109602688797168
12470.031087644945728243
12475.571708306335494854
12482.208919145987238153
12490.006527266819830402
12499.216407834786878084
12510.060402886208976270
12522.434536644526815508
12535.642513751310616499
12548.310392992279957980
12558.635157159820664674
12565.070999594787281239
635.380819760890290127
