28609.865228491733432747
28426.443700355201144703
28243.022172218672494637
28059.600644082140206592
27876.179115945607918547
27692.757587809079268482
27509.336059672546980437
27325.914531536014692392
27142.493003399482404348
26959.071475262953754282
26775.649947126421466237
26592.228418989889178192
26408.806890853360528126
26225.385362716828240082
26041.963834580295952037
25858.542306443763663992
25675.120778307231375948
25491.699250170702725882
25308.277722034170437837
25124.856193897638149792
24934.039764273988112109
24648.732926761444105068
24363.426089248900098028
24078.119251736352453008
23792.812414223808445968
23507.505576711264438927
23222.198739198720431887
22936.891901686172786867
22651.585064173628779827
22366.278226661084772786
22029.251412837369571207
21687.127059820042632055
21345.002706802712054923
21002.878353785385115771
20660.754000768058176618
20318.629647750727599487
19976.505294733400660334
19634.380941716073721182
19292.256588698743144050
18950.132235681416204898
18608.007882664085627766
18292.610671643884415971
18087.861058840117038926
17883.111446036349661881
17678.361833232582284836
17473.612220428811269812
17286.819478910001635086
17286.819478910001635086
17368.832963102751818951
17508.862870709614071529
17648.892778316476324107
17788.922685923334938707
17858.672606163381715305
17655.520142557172221132
17280.145852415200351970
16904.771562273235758767
16683.433439172989892540
16554.517016297777445288
16425.600593422561360057
16781.180924286196386674
17178.107805248819204280
17548.226116630001342855
17548.226116630001342855
17425.198328239828697406
17207.651864634433877654
17070.745850779294414679
17350.064767012889205944
17629.383683246480359230
17908.702599480071512517
18145.777128753361466806
18029.752348163645365275
17913.727567573932901723
17797.702786984216800192
17681.678006394500698661
17608.550725328488624655
17563.925809717879019445
17519.300894107273052214
17474.675978496667084983
17430.051062886057479773
17385.426147275451512542
17340.801231664845545311
17296.176316054239578079
17183.894270323886303231
17053.662373745253717061
16923.430477166617492912
16793.198580587984906742
16662.966684009348682594
16532.734787430716096424
16402.502890852079872275
16326.450950707217998570
16322.089116850458594854
16317.727282993699191138
16313.365449136937968433
16309.003615280178564717
16304.641781423419161001
16300.279947566657938296
16295.918113709898534580
16291.556279853139130864
16287.194445996379727148
16282.832612139618504443
16278.470778282859100727
16274.108944426099697012
16269.747110569338474306
16265.385276712579070590
16261.023442855819666875
16256.661608999058444169
16252.299775142299040454
16247.937941285539636738
16243.576107428778414032
16239.214273572019010317
16234.852439715259606601
16230.490605858498383895
16226.128772001738980180
16221.766938144979576464
16217.405104288218353759
16213.043270431458950043
16208.681436574699546327
16204.319602717938323622
16199.957768861178919906
16195.595935004419516190
16191.234101147660112474
16186.872267290898889769
16182.510433434139486053
16178.148599577380082337
16173.786765720618859632
16169.424931863859455916
16165.063098007100052200
16160.701264150338829495
16156.339430293579425779
16151.977596436820022063
16147.615762580058799358
16143.253928723299395642
16138.892094866539991926
16134.530261009778769221
16130.168427153019365505
16125.806593296259961789
16121.444759439498739084
16117.082925582739335368
16112.721091725979931653
16108.359257869220527937
16103.997424012459305231
16099.635590155699901516
16095.273756298940497800
16090.911922442179275095
16086.550088585419871379
16082.188254728660467663
16077.826420871899244958
16073.464587015139841242
16069.102753158380437526
