23.925533796816282006
15.858486180848039737
7.216911765830623438
-1.270463060003578448
-8.906984968024225680
-14.601767502787751596
-18.240938351112987448
-20.592086891181068609
-21.905467748014586959
-22.712121765562997666
-23.374116248591732869
-23.993269508437066406
-24.566198840605792952
-25.071808961800186921
-25.485811065792077557
-25.785739266445332873
-25.980300261589363231
-26.093871125475928352
-26.140848587913467327
-26.121212506629561290
-26.020585910103108063
-25.815328120590706362
-25.482720351880857379
-25.002075615712868739
-24.337759630349793838
-23.412740253900167886
-22.141091432607652223
-20.538481515363429253
-18.682032160851235858
-16.633550642748929249
-14.436503075385047623
-12.131766382385507086
-9.764422600430634702
-7.383510591440710868
-5.037193421146213268
-2.766889383387223234
-0.603576910920679666
1.433829012229864475
3.341162616267268959
5.133089720592153071
6.823304265943818336
8.388859969340160205
9.803960926760481698
11.057296342376957909
12.145662742365232134
13.069584612598163176
13.831831776611096529
14.437200530020504630
14.892593774235592718
15.206844585341400489
15.390029239667711636
15.452304301843412304
15.402508357499357317
15.246908079790358670
14.989048531897651628
14.631426606936656754
14.176821044663824978
13.628509029682135179
12.991689565502156256
12.275287930976645612
11.492784436522072156
10.661709769379825730
9.801854396398141489
8.932456879108116254
8.068548207973606168
7.216006333344665791
6.363857402068731517
5.477028995747133422
4.525509809602766609
3.541384498183788310
2.588399143828297611
1.720516320176045610
0.972162912088265330
0.352382359674891177
-0.143143523504562609
-0.517506507737323318
-0.769639904616241211
-0.895722160926197830
-0.890029684537068988
-0.745029656990283229
-0.451020452034441632
0.004509819658096603
0.637749015056670032
1.469792742541216057
2.528887680924043480
3.854882540597770912
5.502612605128348378
7.518580536901595224
9.878885793904544244
12.475017317227013791
15.181919213763762855
17.899240351280496952
20.554305066692961645
23.099436477660447053
25.508853637831236938
27.774587286964873556
29.898676360923673201
31.876398171247956270
33.681550225499961471
35.266986722352612560
36.552351957683185901
37.388505400946030477
37.540867444589792967
36.895803851131319107
35.739457093938483467
34.455873224028010782
33.236310569530132852
32.137789749143479412
31.208294296525934897
30.500566487379700220
30.011440022350569734
29.674826183794721146
29.420920180867057070
29.205436446060389244
29.004030259167194572
28.803642216692509237
28.597424376898345599
28.382114558066604104
28.156684505123109830
27.921659128516949977
27.678838922292243296
27.431338730139486870
27.183985402893171113
26.944257716790502855
26.724072148722655129
26.542153465200243545
26.422492196713164958
26.378137262798730944
26.396018592773430100
26.453346197619225677
26.533273715707821339
26.625710709508723539
26.724762707290665276
26.826904433268254024
26.929964240089191208
27.032572396167410034
27.133852675198852467
27.233242964953291221
27.330386762492196340
27.425065187409927603
27.517153065275721247
27.606589806257971986
27.693359663274264904
27.777478099206916795
27.858982225365735985
27.937924011365367960
28.014365414189626335
28.088374857410826735
28.160024675499613522
