8.603875507595375893
13.185877909748114689
19.154863375817917870
25.614187622979571302
31.946666210852086465
37.747412006864948353
41.667702149929702671
43.892390139249904735
45.530140215292362882
46.600336505115762975
46.878285626287713228
46.824180029984162843
46.445904511384178193
45.262048271297494750
43.085893909220800424
40.113136824505090772
36.795123576720804692
33.949563688981172049
31.686300499008609677
29.464062845496499676
27.179491996337802107
25.217714835833803022
23.524277862367497960
21.917265846583703137
20.528577677205703367
19.418355094565612262
18.398923601390748672
17.810953462052083296
17.777658362384997304
18.214747459922179473
18.644504340223207350
18.890647003003493865
19.115373582999481528
19.552901829355874952
19.886105127614214894
20.176687124545182428
20.878769772717944875
21.988132492592498579
22.831699947349534341
23.294922061390138879
23.655656279867741887
24.417292154185190611
25.529734974639126222
26.833092018765427156
27.899197406100796570
28.456837984041243317
28.732183719558719304
29.197336385527222546
29.891764999995046992
30.580648510014697194
31.366469669884509130
32.824940459509662105
34.689686407680909497
36.877449652319825191
38.905340468951180810
40.366321420691548383
40.829854612995745811
40.255038418458013894
39.266690116776345576
38.757963443385818891
38.335047305172594179
36.954778503688885394
33.375708787790301812
27.540944643872308006
20.501251335439690138
13.730872579140935841
7.970118334611953514
3.420260540294549401
-0.092903957273364313
-2.855829564030756273
-5.168431665977095690
-7.264130272333261473
-9.242999299722043816
-11.014634260318615588
-12.237165737479415384
-12.691538630062495940
-12.626285802465133656
-12.727808750306337515
-13.815418273681331129
-16.336278164666026669
-19.721694876451721257
-22.618132253328496972
-24.187317185801532560
-24.721158978634093728
-24.816187717413754399
-24.977615598143074749
-25.416428500769086440
-25.951678279432371710
-26.285982455175258110
-26.356697534890315637
-26.356043689254477158
-26.356569313444140334
-26.357962619475074462
-26.294948045084140631
-26.133144704130245373
-25.872395993052407448
-25.500266198135193463
-25.149205829508275656
-25.010762618684623249
-25.089742050678580654
-25.165406458302356896
-25.022101005853073730
-24.562210749138330357
-23.884518734723599209
-23.317673249270455926
-23.163518392983576177
-23.527781992225243357
-24.205266664249677433
-24.796057504186649112
-25.024915354732172545
-24.920834375117635773
-24.756708669736894990
-24.875735704954252014
-25.430066055515624157
-26.311249925126332982
-27.417171778453621300
-28.672833420335052779
-29.956316088694450173
-31.179271769969659545
-32.331172948738469586
-33.429179554547658881
-34.432077998502052196
-35.191178728978229628
-35.474712621309834049
-35.266991590178349725
-34.821225851857036560
-34.219865142377102529
-33.490151418600703437
-32.716460929261643287
-31.940897059894211907
-31.201300393027565860
-30.565312633470057335
-30.006724367524725494
-29.389159372862195596
-28.627328264587958984
-27.712093454361195199
-26.644009300013124175
-25.439788102762179278
-24.145600806795414428
-22.841048679653738418
-21.617849951568985034
-20.534113502768434500
-19.593528333193830804
-18.748396925940596702
-17.905720898178117295
-16.954678625845815532
-15.865967088929608053
-14.728136572078028621
-13.687541750657771900
