17.084491297909949026
20.635604061238169038
25.260217481651238813
30.135537930525202910
34.678555709827236342
38.804152460811792480
41.878528210461581693
44.084989369969363793
46.028785242674842948
47.402338812684519098
47.744282212080449312
47.403853757177202510
46.606451767805538111
45.159528285152291005
42.852812733315730043
39.743199228774074072
36.254698863018376187
33.244575486387333285
30.840070405537389320
28.488419219807795457
26.098545575492295256
24.089287247775132528
22.407398206058346091
20.857536168518478803
19.568202753977459452
18.582082173681655490
17.665906151178177197
17.139030133223599250
17.123775217573125929
17.569800496429223813
18.012628733049041330
18.288135932448852827
18.567062387057063688
19.074245050313578531
19.442688845843576928
19.712026638533984624
20.362408680604119127
21.413482492043669936
22.181569733030585212
22.569138403224968670
22.891451799741474815
23.701115920592542352
24.962548828112034016
26.516323414000311232
27.906457907611610381
28.825669001308796169
29.473416407218707036
30.291633163149214170
31.252764056376292956
32.036550244664738329
32.692302186924564467
33.805925589993051972
35.117801153559923932
36.550725188707815505
37.544445145535007669
37.638325023887716725
36.465290501757152697
34.214118925210527777
31.859655437826631896
30.632602556745723632
30.286429638203713921
29.735586434215406371
27.543142007253123893
23.417711265652286556
18.176863773821423820
13.078850887212354337
8.666028998715148646
5.025175803494931870
1.969400356476398883
-0.718532670082225877
-3.231370008961476969
-5.692373972119810333
-8.105074281807503667
-10.297097782629805351
-11.851249406663072250
-12.494950095378385413
-12.461275926606958819
-12.457932145620702613
-13.347348625902327512
-15.615038125544401737
-18.689703071089468267
-21.185956690256716684
-22.276473001363513049
-22.340740866218425253
-22.087674472817468541
-22.116181539187437011
-22.663584599457806235
-23.486000980320568488
-24.181276786435830672
-24.605516955096447873
-24.915852796325452800
-25.173058771768239694
-25.380080321398395427
-25.479269438302594608
-25.446251218978886754
-25.290003325202917495
-25.003061387076741084
-24.728431126127475181
-24.670196482690585071
-24.834673292757315721
-24.989593560641139902
-24.907308688964178600
-24.483494662646705819
-23.819872991499607906
-23.260443712526353011
-23.121770862653988843
-23.515431043416583634
-24.226989460903325835
-24.837645013779876990
-25.059628345155715579
-24.924088181709180390
-24.716980117149375928
-24.797128388437783997
-25.322494014496612635
-26.178515607829012879
-27.260447793833577634
-28.494120156533767840
-29.755764243756175347
-30.955392374250834564
-32.084005119118558014
-33.164494462299899169
-34.163898134175497034
-34.938967371223213831
-35.256941523514569781
-35.106647055138523683
-34.747824803357161727
-34.236809188399433879
-33.546977812123543572
-32.731697824526577278
-31.860456015012459829
-30.995744222911184806
-30.183046932926174577
-29.398030427439323375
-28.584956368277232741
-27.715487256397523197
-26.738541832667181097
-25.605492242088359944
-24.354974004934319964
-23.113809005996586166
-22.025517118955690421
-21.178444916040405133
-20.579323528098086626
-20.172946768054032418
-19.875205071358550413
-19.588981064461165715
-19.216590528712799824
-18.740795387900504920
-18.246499601278628688
-17.843494146747957529
