1893.766430110589908509
1911.717252103818282194
1760.378041325907815917
1460.841276713777006080
1710.418293466848581375
1885.053576498900611114
2014.712664502244251707
2126.349033784685161663
2232.293157661059922248
2329.426044585137788090
2897.906613471934633708
3470.212381369789000018
4056.184001892555897939
4657.402930769908380171
5273.901160836605413351
5903.245299555734163732
6538.672941377153620124
7173.078034286286310817
7796.522711281032570696
8397.269422967770879040
8966.187314322576639825
9497.802425125404624850
9987.937016406674956670
10435.145902330203171005
10841.913627958923825645
11212.217819326799144619
11549.674251972335696337
11860.609484767299363739
12150.048044795241366955
12416.615164972090497031
12659.290924274870121735
12876.333049382907120162
13066.668535566976061091
13230.824467283591729938
13367.410974902752059279
13479.685002784277457977
13572.159254910899107927
13647.528414076325134374
13709.774174274900360615
13765.729480940794019261
13823.864509975863256841
13893.677852480501314858
13982.760466710427863291
13077.201138703789183637
12206.526020096549473237
11380.270495952852797927
10608.916005032733664848
9902.672465430448937695
9268.782333422745068674
8710.738822688932486926
8229.395192843645418179
7823.563242060851735005
7481.728951420961493568
7164.102888157892266463
6867.627521569210330199
6607.252475696912370040
6407.462319534307425783
6254.647051445209399390
6155.427004781407049450
6117.181815726098648156
6093.749528401478528394
5866.812932455673944787
5625.903137577109191625
5405.681300307637684455
5228.630413393147136958
5112.053111650207029015
5067.820009994128668041
5105.115744362909026677
5226.174817243439065351
5426.538032085036320495
5695.996656945167160302
6020.042900155248389638
6381.459547733340514242
6761.688786629531023209
7144.558059322805092961
7515.304104583236949111
7859.453056184285742347
8164.905665057556689135
8423.324127554749793489
8622.771018792655013385
8759.986886619610231719
8851.928526043784586363
8914.383999946321637253
8948.733857489563888521
8957.476577386210919940
8942.974335588723988621
9027.444900951189993066
9100.503814943933321047
9171.445245277969661402
9246.426587796508101746
9209.000507493688928662
9179.650620251730288146
9158.779713201467529871
9146.683784898978046840
9141.988318896472264896
9142.094299447384400992
9146.008598235324825509
9150.410889987522750744
9150.767210965410413337
9143.580266550792657654
9127.287748512477264740
9098.976128673564744531
9055.472090827546708169
8993.945293249076712527
8909.955388075311930152
8802.910396310844589607
8675.504033788341985201
8535.095719354319953709
8392.290739798743743449
8256.601727342705999035
8134.264823859205534973
8029.099864990238529572
7942.432304628583551676
7649.577046125092238071
7380.407108027698996011
7135.340337527079100255
6912.669949475236535363
6710.822243990248352929
6526.173003573157075152
6353.252216860241787799
6184.378445352548624214
6015.029488061066331284
5839.044390517186911893
5654.160560225723202166
5456.977830802048629266
5232.315201030113712477
4976.474811482723453082
4689.316615034922506311
4327.074844149953605665
4033.451919296431697148
3684.735989635491478111
3263.053022761515421735
2741.659185971524038905
2153.499176602201259811
1807.918881051095013390
1395.210397976768945227
966.287839633470184708
516.774878288817831162
170.769907430891947797
1.427232870023049660
0.000000000000000026
0.000000011535792883
0.289643239686779463
0.197693016691993545
0.025529878501289970
0.095338343895647173
0.000156430702579517
54.310787228787852143
261.480141705599749002
4391.240829319793192553
4565.775691303784697084
4708.224902737952106690
4370.846874185735032370
3941.717803902859486698
3501.107508061862517934
3337.337525856079992082
3324.533321598276415898
3299.584700500990493310
3309.783559854874056327
3424.630976599529276427
3534.941100021956572164
3643.331316797604813473
3850.477095489831299346
4157.416986419324530289
4513.313071555516216904
4898.389753136101717246
5256.031883064186331467
5578.976602834301957046
5908.878622826840000926
6254.042334342659160029
6586.515628277919859102
6914.415461328148012399
7251.178016732119431254
7578.939967142024215718
7889.059183110959565965
8202.080340156311649480
8466.935390861548512476
8638.104723246240610024
8790.018160116052968078
8953.266775282494563726
9151.620176395603266428
9382.919726421330778976
9611.819882333469649893
9869.915641212235641433
10106.269649198540719226
10276.889386356646355125
10421.450947106084640836
10585.011695801014866447
10773.355251559614771395
10971.374553926912994939
11144.661201249324221862
11300.327174581643703277
11408.256265795067520230
11543.621090187318259268
11732.065217428293181001
11964.967454733683553059
12208.867700478214828763
12453.923976123880493105
12717.767249593533051666
13010.589161292777134804
13325.511564880798687227
13854.634181932950014016
15421.492844871883789892
17824.681714609560003737
20328.551658623171533691
21960.684540124762861524
22792.010866508542676456
22506.483828751217515673
20881.433792391238966957
19128.585253900524548953
17721.418430958470707992
17278.631546726701344596
17224.419635874539380893
17339.553355923992057797
17537.641034421183576342
17803.088165420631412417
18070.142805337716708891
18308.936620061755093047
18518.990934510835359106
18716.722854725416254951
18918.506149678240035428
19129.751497547531471355
19348.053316884917876450
19512.736822131824737880
19568.174740029458916979
19517.079011087444087025
19386.132729136763373390
19205.592606902933766833
19197.161678356140328106
19482.852101235599548090
19782.766983940320642432
19869.938150536545435898
19847.688478970849246252
19781.216908021280687535
19742.062389914863160811
19801.582333253460092237
19903.650023705427884124
19973.422478887685429072
19988.838687053419562289
20018.803773225532495417
20050.059699224133510143
20092.532246056973235682
20124.004702172798715765
20140.714463968062773347
20157.805928015633980976
20146.244169927533221198
20130.680692265483230585
20157.166701036112499423
20233.285426750335318502
20306.444688562347437255
20349.843045204026566353
20346.791089183534495533
20291.902111429502838291
20257.705571974936901825
20282.841860128868574975
20394.675512891808466520
20565.436577739343192661
20718.920663437438633991
20806.230100807926646667
20839.342623544278467307
20858.899535088636184810
20930.148120161131373607
21077.665810562957631191
21248.147991320056462428
21438.944952492580341641
21661.855216900206869468
21884.678482689818338258
22091.329988297839008737
22286.620987284994043875
22516.646374395444581751
22746.576295459250104614
22985.218655215230683098
23147.400350469761178829
23165.858022676147811580
23234.483490519512997707
23251.319896827135380590
23005.475578107321780408
23310.404627093852468533
23479.286984371308790287
23347.636913131693290779
23165.351751691800018307
23446.402255357614194509
23396.754447442588570993
23268.737317664243164472
23371.856773860006796895
23134.319310077571572037
23283.981233659043937223
23322.051002253439946799
23264.366658875886059832
23203.011809560539404629
23142.489258459932898404
23145.216732051994767971
23292.004629208200640278
23510.594566785752249416
23672.694783982922672294
23820.084200082164898049
23916.358885709283640608
24001.919317756721284240
1636.823602679215355238
