5.444537843263745458
10.354012858949218412
16.647160503402510301
23.426189946151531274
30.076837854750223755
36.178623557119188092
40.363177848602610709
42.811347138829638936
44.639774870692882303
45.880598781242561301
46.319329140058798089
46.412740893191504199
46.164140771405470787
45.091519867397565235
43.009195378050357306
40.114218177945765831
36.859204213188483834
34.063003374443951543
31.836505075105208107
29.639426909389911202
27.369370933257343381
25.412417045627407219
23.715068456684818443
22.096374946949794094
20.689208886161182477
19.554692349667675444
18.506137108936073332
17.885207157536967770
17.816122034580004652
18.215616525997575081
18.607029682889375977
18.815176231454842082
19.003403359665043126
19.407138869550962568
19.710532032350215559
19.976629087640901616
20.660959798009841393
21.760776233621115239
22.604546905910808619
23.079357687336852223
23.464837947887502878
24.266355572224995285
25.436086123930465419
26.816763382004012328
27.983186950418911465
28.667281227256211196
29.098153102953688176
29.750028121170174700
30.662826295760112316
31.599434290952501669
32.656135619446075680
34.397533233858922586
36.540835972831217759
38.981888703843708299
41.215021425064776395
42.812791740391077155
43.331287399720594067
42.726252391829518729
41.629005457378269739
40.946118219178487152
40.300336709541397795
38.665351274985141572
34.815379955613565244
28.707355833944745882
21.403665123287566985
14.387676055591157365
8.406109053287963206
3.663856099236483033
-0.012321467380218110
-2.910199834704201294
-5.332745558061390057
-7.517512650866791546
-9.569159323606839962
-11.401766013214427176
-12.677402255438011025
-13.180050932089159232
-13.160113307049442710
-13.304542243640923971
-14.431928693423856203
-16.987741816458509447
-20.401139768456744150
-23.316597353610859500
-24.894529393684763363
-25.426487014649637786
-25.509597122441505235
-25.650421149167584645
-26.061754832524286485
-26.564628698761623582
-26.863559972201073833
-26.897541093353765973
-26.860056751839124445
-26.824528439032349070
-26.791185722065961272
-26.695066979783916850
-26.501981445147691829
-26.211911020059005750
-25.812539844382513365
-25.436421677219698267
-25.275178639811258563
-25.333653658120681484
-25.391117958464406001
-25.231920682094539643
-24.758469967126018219
-24.069597061128945370
-23.494003492201386507
-23.333555477974925907
-23.693943300780404115
-24.369874220036876977
-24.961318163586611263
-25.192957606336847221
-25.093789094983094401
-24.936796679235897045
-25.065322806741505701
-25.631663896864324670
-26.527462645504556349
-27.650602119549148483
-28.925966333271901476
-30.231393837547159364
-31.478163741134892462
-32.655233805875809594
-33.779093725198606535
-34.807711459805716459
-35.591485383381836982
-35.897744114100362367
-35.710022225228499337
-35.280947717102435490
-34.692568566397028462
-33.971804987701432310
-33.202652480970584747
-32.426667918619727971
-31.680907572504338532
-31.031854528749988731
-30.451539994489223773
-29.801159095379546216
-28.992754023537770536
-28.014613315099779811
-26.864136540390234131
-25.554408230788112633
-24.129325533078201715
-22.668032015906305787
-21.262100007050094064
-19.968266110665695123
-18.787920495487981043
-17.671986703287075215
-16.528829667162597161
-15.252840601499997319
-13.823663405536478876
-12.341091487007588512
-10.963923641326800862
