2427.220052539328207786
2208.342243828325536015
1862.003644243788357926
1398.218451641725323498
1409.530465019253824721
1407.719903577123204741
1439.546142720391117109
1528.598376538081765830
1684.187304470663548273
1904.983878807014889389
1813.530878885859010552
1790.302489995598762107
1855.368020919313494232
2007.429268053491114188
2245.229508392083971557
2563.426351973229429859
2951.294953285938845511
3397.100604259565898246
3885.162475376072507061
4397.099570787648190162
4916.708218652290270256
5429.967415602203800518
5932.028410308655111294
6418.496550944469163369
6892.063419235128094442
7357.324895858948366367
7819.173750543553978787
8296.477463011027793982
8788.385145453190489206
9290.591064053467562189
9796.485041581277982914
10299.811951288433192531
10792.135315409255781560
11266.748429520161153050
11717.998774686670003575
12142.380809253105326206
12538.979864701277620043
12905.538573245839870651
13230.190653931962515344
13519.455994861000363017
13783.547201352903357474
14040.286681533463706728
14288.455157209498793236
14113.924403039132812410
13911.646394719695308595
13697.747092588320811046
13479.614973754123639083
13275.295174533965109731
13082.007543857949713129
12893.732630155469450983
12697.183819321791816037
12515.922341885847345111
12354.417979241032298887
12201.918983130466585862
12070.486229164325777674
11959.207293382938587456
11880.778622130512303556
11821.524827554987496114
11776.849568961621116614
11747.994377826971685863
11729.038321614043525187
11698.947421559954818804
11665.140498021610255819
11614.467905469868128421
11557.962143170989293139
11501.751275145808904199
11460.669897725434566382
11423.312613495229015825
11386.372918071720050648
11349.151800573108630488
11311.476853938942440436
11271.096171694012809894
11225.726002073915879009
11173.399299146250996273
11114.094637367397808703
11047.012429090369550977
10968.483263130936393281
10872.876499916521424893
10748.817628745009642444
10597.215612476640671957
10432.697164769982919097
10259.343778203254260006
10084.248252365579901380
9911.647802616033004597
9742.804719388697776594
9579.285676325538588571
9480.201942664281887119
9393.492600422043324215
9325.883056960072281072
9281.497459912166959839
9212.652411940260208212
9164.388789951359285624
9134.826942193929426139
9122.090875824849717901
9122.543972174238660955
9131.990279636571358424
9148.194450694476472563
9166.595996128666229197
9181.321369101755408337
9188.186879950977527187
9185.983667261178197805
9171.005098508921946632
9138.647481727140984731
9085.701564062630495755
9007.672772846508451039
8903.042443426909812842
8774.297065210801520152
8628.267338850817395723
8475.017276596097872243
8324.433407722222909797
8181.553150173771427944
8049.830961913639839622
7930.912532086641476781
7577.857689645447862858
7244.724811493475499447
6933.552723932724802580
6644.797050441647115804
6380.352869895527874178
6143.199347253418636683
5925.619719275722673046
5718.520376530623252620
5524.423737532588347676
5340.363661829028387729
5166.763455503791192314
5004.902096618511677661
4841.850501807781256502
4673.004748908354486048
4501.769401185571041424
4289.169166527150991897
4105.158938622410460084
3902.565040261032208946
3664.905003578630839911
3365.930174247753257077
3036.353285243832488050
2675.029544464297941886
2267.719477401215954160
1849.319708930348042486
1396.062118456179405257
986.752727297886394808
666.993778144138673269
446.820711702175401570
298.044955557787545786
197.611266721658495271
120.206029305538550034
46.310299386016005485
0.000000000000000000
0.003789550391340962
3.221230877562707207
23.768001469318956964
5095.071545003021128650
4700.938352396374284581
4366.006344398648252536
4052.132521627317601087
3783.954828321373497602
3530.248107115482525842
3357.788997546195787436
3329.522710276449288358
3348.142367115660363197
3343.798682473200187815
3528.298137486357063608
3773.352781591076109180
3868.241854742409941537
4040.322839329302041733
4314.408142089225293603
4639.324465637881985458
4994.913594564382037788
5324.680759797175596759
5621.523536333976153401
5923.991671234289242420
6239.513097982744511683
6591.930499760009297461
6892.282392991544838878
7182.101761463984985312
7464.373733996579176164
7789.566927316344845167
8230.675527108236565255
8479.864886417626621551
8631.379745865526274429
8764.063660598243586719
8926.454523610127580469
9101.545224306613818044
9304.277165964720552438
9516.310829760641354369
9724.801772910417639650
9908.752513753903258475
10032.285381655565288384
10137.470080491866610828
10541.855200240810518153
11147.470067799964454025
11790.179557904595640139
12128.223226330797842820
12283.552984220905273105
12419.981455904200629448
13004.588314394675762742
13719.930495436199635151
14463.756965269847569289
14866.934425476092656027
15070.577644399545533815
15296.904214490217782441
15949.053500914187679882
16513.000240254797972739
16943.143300378567801090
17564.861522994426195510
18118.455800278432434425
18643.262982384050701512
18816.671155105846992228
18955.051452194056764711
19126.522986072330240859
19233.528128257836215198
19345.300785102768713841
19168.049902486709470395
19176.891707869657693664
19630.969674290477996692
20210.258328745552717010
20739.080051139542774763
20844.115337026429187972
20804.772466019901912659
20701.745060537305107573
20549.650718245658936212
20345.301770565216429532
20128.408530100459756795
19928.282576116951531731
19753.808396772335981950
19554.246582396943267668
19288.032372444380598608
18978.719934785327495774
18704.559764834608358797
18711.158412550790671958
18991.400930203188181622
19251.493364920817839447
19484.803074407813255675
19619.285401339147938415
19651.112237534911400871
19648.016345202555385185
19670.715933247654902516
19876.781348286745924270
20123.663408852120483061
20319.668632523713313276
20418.586943308502668515
20459.273284419636183884
20500.287890663275902625
20550.563338033309264574
20587.056892002547101583
20612.957007652788888663
20640.048021023634646554
20633.287246439773298334
20617.824951408547349274
20648.165771700274490286
20729.492141933300445089
20786.754344963617768371
20802.587743704592867289
20786.732866042784735328
20734.402282979612209601
20708.653773758760507917
20757.396622561711410526
20897.860113988019293174
21099.169126906454039272
21282.608120241897267988
21375.396085515189042781
21408.108853708148672013
21427.101074091478949413
21496.681407985633995850
21640.804405548380600521
21806.612314510235592024
21992.664820414524001535
22209.554091645404696465
22399.731401181674300460
22451.329074250796111301
22501.798583216284896480
22708.105943817936349660
22928.676971996032079915
23158.435451356333942385
23306.819758750763867283
23254.732154738507233560
23215.659584056058520218
23173.796922294764954131
22897.051095188002364011
23174.298036213309387676
23308.282893249539483804
23135.419648547816905193
22904.901227069047308760
23133.669486014845460886
23033.049203490478248568
23159.466746833644720027
23565.230567872495157644
23729.956734008821513271
24237.563542704108840553
24617.597499126815819182
24697.892440828669350594
24523.935135250376333715
24366.312476317118125735
24285.697681866924540373
24353.314450952533661621
24650.676163471540348837
24836.595034432153624948
24785.765167585654126015
24676.053497026630793698
24583.598445190444181208
1124.160878127942396532
