4.267556973175231860
9.379205591697370892
15.884878759225216527
22.879359675052008072
29.737849708106729452
36.032456633935389334
40.389762207291447282
42.984456619465177596
44.922971833151351007
46.224026571843538136
46.668673007800691721
46.727303692098033139
46.413501746529981062
45.248028436039497535
43.045731800648745491
40.004739245755402521
36.580569307642065269
33.596807653416533412
31.170408132787471800
28.767860504892055928
26.293610347072004174
24.140153758731884182
22.259794515872940224
20.476897674563687701
18.929422287705435224
17.683518324064593230
16.557472453887825736
15.897755158645693996
15.833059380907144487
16.284094366512988472
16.777525104474989348
17.140705715375375462
17.538591362717767197
18.207112273219806298
18.829595115107352399
19.466670419567506656
20.569552911178931254
22.128957098255455094
23.464278965669166155
24.450726202705368451
25.353047906450797200
26.658640216046308069
28.298665403995045153
30.092028065014147842
31.587342759734752917
32.488797602225702121
32.997544025194770256
33.561739063693153184
34.200262492490196564
34.664342808058762557
35.053479152598640667
35.956415202308505741
37.140660607760622725
38.580605327796945403
39.873337753361738578
40.705866140877077441
40.739681211314973552
40.002602853711721309
39.145385872278950501
39.035363605495234651
39.207455587370446892
38.520489985144649836
35.630898515897939660
30.393882347112281650
23.796707677336428333
17.277090364337510664
11.563296704956314898
6.864164989372568471
3.027293782601020666
-0.202595210119085323
-3.088867769823224307
-5.826229468551531454
-8.476537850298882404
-10.914002159816618587
-12.766223045885766396
-13.789978651558641332
-14.216642994713254211
-14.722020608516629636
-16.119985515425071299
-18.855642228059082299
-22.360252592078126099
-25.281902713537363070
-26.786294393136415692
-27.172817959185636028
-27.049844019468366696
-26.938826218849214911
-27.070552744286658253
-27.285960728285431287
-27.309847891534616338
-27.100218566169985479
-26.866733643004920395
-26.694803550116262159
-26.591466845286390708
-26.492887023385208067
-26.360350143878463314
-26.184178605498345860
-25.938116772841226521
-25.737583856230230595
-25.755146989281001879
-25.976148111566374155
-26.161555508460594410
-26.080263032757954988
-25.623433691511081634
-24.883649003489836105
-24.188456752102752034
-23.843252916713538525
-23.961388103048307130
-24.349014758369662559
-24.621282066102594399
-24.521776448198806975
-24.101706571966019510
-23.658400423236969345
-23.559726169744521940
-23.980318797334405190
-24.829712075962106610
-26.017509716826168642
-27.473134207373220761
-29.071424840632630548
-30.713269518167805927
-32.370374448497159392
-34.036055484958808393
-35.640668933856716194
-37.004673050171049908
-37.865636978366694620
-38.179835569153453889
-38.176579738591215119
-37.918772454473810285
-37.417696557381418643
-36.744606469161396944
-35.931642177060950871
-35.011220833434890665
-34.051371735227860427
-33.032530678556270232
-31.831446450267208093
-30.383003715831989666
-28.704757421704130138
-26.827263575449080690
-24.797948332113890046
-22.695320453092051594
-20.633880777615956958
-18.741219623631309332
-17.106599747043333082
-15.752184878081379793
-14.632309550099989792
-13.640838295690969062
-12.642258590538176577
-11.576195422247565148
-10.501107527283295440
-9.542067128851329016
