5.299946180620366931
10.171926830389111274
16.447284674363196189
23.217043815568217724
29.889971313652210938
36.051592262493279861
40.327665458523931363
42.883658313835240961
44.811188773450425060
46.143092117700859944
46.721901530530956848
47.006373019383374867
46.920458733175166799
45.800293845979041407
43.500181650511414944
40.328041492664610246
36.765957476794888237
33.632995899109658922
31.036419335010634768
28.432806737745067949
25.718599238817475339
23.282013992187600593
21.076991417907890991
18.938769929168699946
17.031344027325104662
15.472255824644790323
14.165184295486909605
13.549070747517930613
13.774476328876431808
14.693143890793152195
15.758640204131381779
16.761390554279131493
17.827536341616962545
19.128116535492608818
20.272336859234911799
21.266461132286934799
22.568552424384122901
24.228220133123926416
25.622911823611119075
26.663879853289259358
27.634220408621388287
29.025773713791409136
30.759206126849079510
32.621589421662292807
34.094171379929548493
34.755062567180601718
34.619969313226221175
34.033611475426454263
33.173114807301487872
32.078179845959397198
31.112503081461596821
31.099857092867125630
32.011240894916909383
33.865154295881950475
36.043944737922970489
37.929008728380694038
38.966616005799238565
39.097842379678354519
38.964545824089185544
39.446739238152531470
40.091072170906102201
39.764377610428255139
37.128916835932727736
32.045169061000450483
25.506608993477073000
18.959409209349502135
13.143355151956342297
8.281878711464884191
4.239459664386941995
0.778683974775589149
-2.346392421479521317
-5.314681636085765604
-8.174601491933088937
-10.789521308236231789
-12.778749792629781723
-13.893270767961496404
-14.361374584757783168
-14.859029914833087105
-16.204166988921315351
-18.850174379706828631
-22.240455592034152232
-25.037880795997523364
-26.423750817162158455
-26.711926443521576857
-26.522504812520708128
-26.384580566924171308
-26.530872148156561252
-26.797327897173943256
-26.898107193221733269
-26.778090278763500010
-26.634036654091630680
-26.540323406532820627
-26.495852300664807899
-26.432155350136213201
-26.309592420673880042
-26.121094041240155548
-25.846096475300100792
-25.608151590577165280
-25.589597044781157820
-25.786204353251775956
-25.968879726328736979
-25.914742593130995374
-25.520383039803903102
-24.880274667160222180
-24.320040870197260574
-24.139458692150583374
-24.442951476746827666
-25.024996930181373500
-25.487114823211754810
-25.558491594734277896
-25.276802598773997488
-24.928564520116651693
-24.875099328181477176
-25.289396540094628563
-26.083624991320789377
-27.172538680334412220
-28.490813212940736321
-29.916020373252479203
-31.347324513858609407
-32.752317303978713880
-34.126671918124259264
-35.416749829629907254
-36.468627673758419405
-37.049009818953322792
-37.141681101107110408
-36.989694499953543527
-36.631947789852745245
-36.011523580304356074
-35.189924628766050319
-34.340909883549386450
-33.621454535336283698
-33.050205468333842873
-32.490519419470672347
-31.738769633675019577
-30.596673927785161595
-28.943940285415806102
-26.849087540168511623
-24.566881760618798580
-22.391170782993185639
-20.523226987258624376
-19.015954079933919729
-17.778665069479757221
-16.647459426429122686
-15.493552509652829485
-14.276730623228218064
-13.000993887477136468
-11.708133147352214110
-10.479974119674977828
-9.407809919554551925
