3362.543332901258509082
2839.366882998624078027
2143.896452633723583858
1370.513889858005995848
1027.087589107556141244
738.162882188652133664
605.273960404700346771
701.441102423654569975
1039.133065463719049148
1584.426638967160897664
1310.100681541360017945
1224.343196244114551519
1335.617755106055483338
1635.502028479023692853
2106.069465605133700592
2722.741760372025510151
3455.775522258296405198
4277.511950922276810161
5154.122003548770408088
6048.037623895271281071
6929.316413962070328125
7778.800132809595197614
8582.385671343476133188
9333.103088680174550973
10032.680026556432494544
10685.932093598858045880
11296.223987489323917544
11872.164077322824596195
12418.573533058333850931
12927.012854812588557252
13389.214022197273152415
13796.152837426327096182
14140.753035943511349615
14418.335925840006893850
14616.755299790442222729
14736.905768795475523802
14788.835833714663749561
14776.289251557713214424
14707.614285427540380624
14591.454242960939154727
14434.706692110590665834
14250.173506953149626497
14049.272679007535771234
12962.774549436442612205
11884.085677102455520071
10829.521494650138265570
9821.358749052060375107
8885.423601576716464479
8044.489547535252313537
7315.766453054859994154
6713.370798009906138759
6249.402322054924297845
5913.439790877243467548
5640.259409837512066588
5447.437615231980089447
5360.020513811618911859
5383.642708693082568061
5465.924611024805017223
5605.986085934940092557
5810.808236298942574649
6048.679695904089385294
6193.772532866882102098
6258.789937497631399310
6292.092414038699644152
6332.932144003275425348
6401.694432514298569004
6489.323067758251454507
6608.327634429027966689
6771.430984821178753919
6978.302268437887505570
7219.275108262689172989
7479.678233257985993987
7742.729336796091956785
7991.022201955191121669
8213.362277202679251786
8400.050711567659163848
8542.208535493806266459
8667.773362564277704223
8736.387677446766247158
8658.095206135507396539
8443.092756528247264214
8168.770851130538176221
7873.912131772341126634
7561.613780094787216512
7240.086946635503409198
6920.637283349429708323
7344.002045655790425371
7807.953060888463369338
8324.410576153693909873
8897.996011601409918512
8712.659571794287330704
8580.992607714148107334
8501.216807596281796577
8470.614579901703109499
8482.222426960737720947
8526.357453067545066006
8597.578943824159068754
8685.211206388426944613
8776.130546273390791612
8860.309154376534934272
8933.126991411081689876
8987.422093574252357939
9015.873917710594469099
9011.770106696400034707
8963.824007980038004462
8870.174248619559875806
8734.336098624449732597
8568.960350261735584354
8394.481297648695544922
8229.145739054582008976
8084.114318274991092039
7965.615295286375840078
7874.863784924758874695
7455.461753357334600878
7077.095474711951283098
6743.315707812465007009
6453.283259940597417881
6206.992497366513816814
6000.091096543144885800
5824.373219306758983294
5667.054184102321414684
5522.005203443367463478
5379.838254432196663402
5240.881619835928177054
5103.190518543124198914
4937.895888614227260405
4744.090877573085890617
4527.400648954080679687
4208.000002724261321418
3713.613567010696442594
3153.519116286180178577
2489.517877459406008711
1665.695328553747913247
736.440306785112966281
597.001560371532605132
380.255711207317403932
182.794075161796001794
1.821628589701425494
0.000000000000000000
0.000000000000000000
0.000000000000000000
0.000000000000000000
0.013050004348877313
1.744891182855632605
46.410997162967674967
209.796723762945191538
410.481146760928311323
627.772209098888311019
843.708247825694002131
4799.840917483693374379
5588.152504616016813088
6293.517994463039940456
6049.967074526039141347
5613.515236524659485440
5191.621390417813927343
5025.264946073107239499
5008.336361191163632611
4998.837471721093606902
5033.344683493170123256
5062.360209298904919706
5106.391283988015857176
5166.372242547191490303
5327.635190391251853725
5595.343034292380252737
5927.302229654260372627
6299.947695437725997181
6651.224617293588380562
6970.485147256458731135
7297.742660563141726016
7638.255039471641794080
7958.363658592468709685
8261.174507018193253316
8561.977092932398591074
8852.760781108048831811
9131.850738141929468838
9420.772291239780315664
9668.856678689622640377
9833.093153927600724273
9974.230485361887986073
10122.480131799928130931
10300.095771794933170895
10506.870825467412942089
10727.194429436527570942
11042.620018566456565168
11424.443115663585558650
11777.310495909736346221
12099.303992452194506768
12365.378077713954553474
12571.081614554317638976
12750.751901871930385823
12892.902747939871915150
13012.189575354530461482
13039.067698215796553995
13091.691963446952286176
13195.991275326185132144
13342.955645693084079539
13498.867797584542131517
13654.512690373294390156
13828.308639739623686182
14022.202624519077289733
14203.510424451342259999
14518.050771103962688358
15609.422217096933309222
17127.807767088313994464
18540.864993561692244839
19477.366535344957810594
20207.749747470032161800
20513.634823958134802524
20153.435238165951886913
19343.268760962677333737
18572.921898315296857618
18473.786722537643072428
18604.703989533234562259
18689.102529359006439336
18679.145041756713908399
18820.675911506656120764
19078.955125585249334108
19350.555415745333448285
19603.587764541236538207
19845.828128613669832703
20090.900291678528446937
20343.180840037770394702
20599.870025262356648454
20797.103569242804951500
20873.298216419312666403
20782.995321078706183471
20121.539002244920993689
19220.605622254170157248
18990.752656042197486386
19398.231151909953041468
19785.600972052470751805
19922.676021528601268074
19949.401742936992377508
19951.048927979831205448
19985.847138059179997072
20231.645615543591702590
20443.162563435947959078
20597.381041342236130731
20691.652133023693750147
20731.996813491790817352
20776.073417978677753126
20834.130519836122402921
20883.629295019305573078
20920.562800285380944842
20958.966719149677373935
20966.609874270245200023
20968.832482261626864783
21013.913176797701453324
21109.756469707514042966
21201.189308251334296074
21260.236629051250929479
21270.136779654461861355
21228.223646124417427927
21212.443094395202933811
21250.058485567064053612
21366.683974872201360995
21540.225020870446314802
21694.273916837515571387
21778.909904669519164599
21806.298137935158592882
21819.134211340224283049
21886.529356680443015648
22009.998409320123755606
22157.157682141685654642
22324.480770889182167593
22525.605986404782015597
22730.480894622854975751
22923.439050489592773374
23106.849357577219052473
23320.706492194032762200
23533.907342867008992471
23755.423510067204915686
23895.216880806521658087
23883.430354972384520806
23919.161607619287678972
23895.143251702764246147
23622.077183857800264377
23788.205142445363890147
23816.453429095105093438
23601.672178195829474134
23368.911015772962855408
23551.317225168386357836
23502.411472262108873110
23670.256860434503323631
23802.530856313198455609
23508.762758220051182434
23624.747126839596603531
23693.974487671788665466
23760.809942471936665243
23850.566986968035052996
23885.936978333524166374
23914.590635878779721679
24068.712390026790671982
24315.755249793630355271
24604.977658230523957172
25004.160004554712941172
25333.258360575793631142
25516.858057685585663421
0.000000000000000000
