3.983450671208416338
9.205017551197116177
15.825189363209958060
22.927194573637009967
29.860861784877485547
36.181636571299229388
40.529542517669064239
43.074852354525702935
44.926093987614954983
46.140388684676722164
46.523875876219939585
46.526172519922866400
46.158559450173186178
44.963707841257736675
42.761029897719978976
39.745084157424450666
36.374590898860120092
33.475765612619710510
31.165195618095893337
28.906442253787560048
26.599290786432050027
24.630645728235279535
22.946787866767493824
21.365735315499975400
20.018605810348233831
18.963869057359133308
18.010848121740522743
17.496579448707066717
17.543600718984436071
18.071162132051895810
18.604964839482434513
18.970099383618517663
19.327604352758271489
19.908015477564674711
20.389161270635838719
20.827777462346546145
21.674983729198316951
22.925414242098526074
23.904867427886472342
24.497066381792706125
24.977838561465432576
25.848388907631743905
27.056138487776991042
28.438091911114725008
29.562045564086247396
30.151679424603486268
30.427175104928721794
30.854365563258255634
31.467261597182300648
32.028061905605284210
32.641032265177813088
33.890958322345881015
35.528508277505409296
37.490536558394467193
39.311884602779230136
40.603933138858565144
40.957893994601590748
40.353929817009003500
39.428680930474200750
39.072428709519840595
38.875721332479088233
37.773080127694299790
34.499789237599770786
28.977994140431434289
22.240773651650982856
15.747676000463371793
10.226652369491631589
5.868352959303734906
2.489246198691319023
-0.205449538473402527
-2.523083206469152628
-4.703421631591197638
-6.851137131422376569
-8.877421268433067780
-10.437223582225442442
-11.301657692049616344
-11.701609881603474150
-12.298500781659299719
-13.881968208819785104
-16.869178214986902731
-20.665844234922246869
-23.900762937962156229
-25.727318265399617303
-26.437731403595137181
-26.635462628638379101
-26.836719844619551623
-27.265178497759507081
-27.752450761771797261
-28.012365130463649621
-27.991542765258657255
-27.889495046000035927
-27.784365114831757637
-27.680041455263278749
-27.514272258457992848
-27.254681888125901423
-26.902249839629917005
-26.444973483889782528
-26.015217363769068015
-25.804115151965618224
-25.815911533024632263
-25.829316618560881125
-25.628253096485593687
-25.114902844751895827
-24.388128709443606112
-23.776977624978655967
-23.584004771185902882
-23.915891054686824191
-24.568484683474252961
-25.142791035947880118
-25.364135171043187711
-25.261581500573242920
-25.107680161099892757
-25.245217931116940235
-25.826337558466548217
-26.743254091754693036
-27.895032006170879413
-29.207879836417987462
-30.560571114936124104
-31.864553556639009457
-33.108122072894502708
-34.306570774995009288
-35.416402534168469174
-36.286084027878757752
-36.680228858113196111
-36.578591999002753710
-36.228463528978238628
-35.704079864312575410
-35.021759872097391053
-34.256069622005043129
-33.444555683872636109
-32.621041626857049778
-31.846283710912302922
-31.090549652917331969
-30.221814117079986772
-29.161926023279306719
-27.909805831382698216
-26.477808799166723475
-24.898150974499003496
-23.234668232141245880
-21.582585213013544490
-20.041285038821968101
-18.666289521698388398
-17.452749236810859657
-16.344643686303300001
-15.244129644142049074
-14.039786364731469348
-12.705171332472332324
-11.332702814954416226
-10.071714881812397380
