3616.267677681521035993
3570.086174863935411850
3223.187409267968632776
2567.223001022934568027
2741.394280525055819453
2832.071565146541161084
2656.937565834268298204
2426.261536158023773169
2337.304282359045828343
2313.180414576122529979
2433.457266334563882992
2624.225982450711398997
2898.334525549379577569
3156.248681680569916352
3388.468518284963465703
3636.595998730433620949
3915.259292111953072890
4290.446219360645045526
4753.121654952447897813
5220.575414996715153393
5659.667575063186632178
6095.883390898871766694
6510.115509579135505192
6877.679498606707966246
7219.404150215706067684
7553.529283181176651851
7867.283721035041708092
8244.739756237906476599
8752.249075070199978654
9310.455201762017168221
9868.934110152882567490
10386.574682854514321662
10856.439911107594525674
11312.039087185747121111
11696.584607764707470778
12049.790139907536286046
12422.044811541494709672
12770.571384842090992606
13029.356805836228886619
13196.716375016791062080
13310.540010376411373727
13437.388962365745101124
13579.046615556850156281
13048.606688386544192326
12487.370324436353257624
11872.627957059206892154
11238.031346442494395887
10650.992748309172384324
10128.453667377052624943
9652.425164121726993471
9248.680340183991575032
9024.871804470158167533
8966.295903159356385004
8593.029975695251778234
8286.217194798715354409
7996.132974292942890315
8144.430078469275031239
8374.758003591134183807
8625.583034370090899756
9034.604329798237813520
9555.035845712089212611
9461.139853174741801922
9179.348377382024409599
8673.338958021064172499
8033.129297758951906872
7460.413998949266897398
7056.330662252778893162
6858.891338101752808143
6837.991254961492813891
6950.381178646909575036
7144.292788288102201477
7371.420212953249574639
7598.839755476089521835
7804.186814535385565250
8050.083404984385197167
8388.120052755242795683
8770.087607693199970527
9067.654093430164721212
9130.369228470055531943
8819.533211015612323536
8185.666637791116954759
7558.219599029521305056
7196.384511780966022343
6928.946810986367381702
6664.048632368346261501
6325.384084065108254435
6715.544219021554454230
7085.487365638105075050
7553.030945454775974213
8156.548001861761804321
7934.804632117701657990
7776.023352221887762425
7666.922608647021661454
7635.792209485582134221
7680.169558804221196624
7769.106616411110735498
7936.530034562181754154
8135.880550198821765662
8287.931900551300714142
8369.220887613753802725
8443.900909876339937910
8537.389404292454855749
8661.194068342079845024
8814.856059976209508022
8892.282666651257386548
8843.543296374982674024
8635.122474224057441461
8317.656287467842048500
8018.162854524378417409
7826.073957413933385396
7739.981058444697737286
7712.472928067331849888
7655.605219142635178287
7227.147788367326938896
6822.411131307839241344
6448.292437363113094762
6087.383263435014669085
5782.672733019092447648
5549.351042163008060015
5370.047219597140610858
5174.930958386387828796
4990.759961368311451224
4792.802072998264520720
4695.473398246235774423
4781.324410065538359049
4752.304094670788799704
4737.155457422353720176
4970.831168017518393754
4539.182740900456337840
4382.877663283548827167
4453.867233995345486619
4471.862879329968563979
3880.270068702036041941
3559.979606075530227827
3188.580469525060834712
2506.929703649092971318
2263.298139806756807957
1552.137756462137076596
1032.552944075188179340
732.167069429107641554
548.318419347377812301
438.713523431781311501
332.709676449951359700
155.478926778473010017
0.000000000000000000
0.000000000000000000
0.000000000000000000
0.000000000000000001
0.167818976528198827
4056.841563154645427858
3804.267361638445436256
3439.472257822348638001
2976.109420288234559848
2844.275682290097847726
2696.661143912179340987
2637.157964584311230283
2657.101998213344359101
2719.814220934671538998
2826.650106574401888793
3042.990757939375725982
3285.324682998647404020
3558.508604362928963383
3891.077161739300663612
4285.718997797720476228
4728.268204895846793079
5207.194852813529905688
5698.113445264182701067
6191.282873892157113005
6691.846566206582792802
7194.395313985977736593
7682.624268263230078446
8153.731703005436429521
8611.450762364262118354
9055.195094965085445438
9489.416851297393804998
9927.321615246162764379
10359.977167847897362662
10778.423995081642715377
11199.865537694551676395
11630.441165922764412244
12071.316156009701444418
12515.190579631596847321
12946.461413713626825484
13370.859592306367630954
13775.367111961577393231
14147.218091946177082718
14496.507168196658312809
14840.320897265422900091
15182.879467719152671634
15520.369025187832448864
15842.927818134718108922
16154.701024301712095621
16211.122081378794973716
16274.622617935958260205
16354.384844272213740624
16447.790136516396160005
16545.219149280714191264
16648.078987496337504126
16765.151763203655718826
16895.392980982367589604
17019.489112254155770643
17143.654611649246362504
17373.648118841276300373
17627.659735492754407460
17915.743688899532571668
18144.043631637541693635
18386.358074588108138414
18652.465935245105356444
18908.951162071949511301
19162.327401855811331188
19128.082952626809856156
19151.512966636997589376
19240.692811284810886718
19377.599505628593760775
19521.178029147860797821
19652.561772388908138964
19765.499904795571637806
19866.343808452664234210
19961.825422616140713217
20058.266987539314868627
20159.332711147340887692
20263.799800649732787861
20366.988680182730604429
20445.058718814081657911
20476.819757200533786090
20464.586444115935591981
20431.101391550175321754
20406.836605907170451246
20421.561713895072898595
20464.612015434402565006
20465.758333099856827175
20372.813209021689544898
20229.865872751070128288
20064.597564495488768443
19902.216178333244897658
20193.031802343914023368
20497.462871935113071231
20799.875127803410578053
21098.204595585793867940
21103.054179294456844218
21125.129814451724087121
21168.088306501642364310
21223.585535049354803050
21287.906929650354868500
21362.718308625648205634
21435.639391829721716931
21511.966437528124515666
21604.058271424251870485
21711.787266658742737491
21815.416440378292463720
21903.377471143485308858
21967.723731391586625250
22004.820880564235267229
22036.629457812443433795
22075.358382825259468518
22131.823880549000023166
22200.415234515963675221
22260.609752005500922678
22301.010027836822700920
22329.361379576919716783
22361.534901211343822069
22420.105017570629570400
22407.407909879897488281
22414.416838615092274267
22441.374166037265240448
22492.254859107695665443
22556.067457248671416892
22625.842743653814977733
22700.142882254687719978
22788.362861969060759293
22879.172645612656197045
22972.983714023077482125
23040.217948560042714234
23058.079209532530512661
23086.345442393983830698
23091.363558131200989010
23016.298848314279894112
23055.902774692574894289
23117.505274893923342461
23087.809247182070976123
23026.372202215796278324
23054.774062917131232098
22980.057983582930319244
22820.564814300098078093
22700.197002465272817062
22471.889727428675541887
22341.932588101459259633
22207.392535094317281619
22082.131044057976396289
21993.065682935670338338
21943.789704317190626170
21937.419422778395528439
21980.139579573027731385
22056.073883508372091455
22118.881366146779328119
22129.533420637573726708
22093.198463657961838180
22065.635213944540737430
2698.272730682428118598
