829.008014740310841262
1437.648928067005954290
1710.788703063874208965
1650.548110424486594638
2334.982327588019415998
2803.462413086097967607
3002.373079732148653420
3018.804014645874758571
2940.735932342186515598
2764.714802627950120950
3814.345811858142042183
4815.330358774906926556
5784.065137285664604860
6691.172510224677353108
7540.534757730264573183
8352.011188323793248856
9129.785073480383289279
9890.623830535123488517
10630.794965084656723775
11327.140081650237334543
11970.531434264041308779
12568.153553651640322641
13115.044231507450604113
13603.927345221532959840
14038.639738733803824289
14421.225101975860525272
14744.889178952986185323
15032.808807015177080757
15305.360939752587000839
15534.073932080253143795
15707.241355816800933098
15815.243454177214516676
15858.568366587696800707
15851.819898847437798395
15782.602823606417587143
15668.572914800599392038
15526.036427604600248742
15341.397524939959112089
15099.744789136215331382
14804.511531903668583254
14471.082444551117077935
14123.964460488848999375
13771.667782195763720665
12000.720610495136497775
10233.724272726105482434
8482.074923974421835737
6778.567968331884003419
5171.586744479236585903
3701.943643150174466427
2405.458165102397288138
1333.400287177212931056
565.561893024622008852
157.935062127769782592
0.315167376496307938
0.121338472249718346
0.000013292057424848
0.002581098634752167
0.051044962111071686
0.132495763369942149
221.056946486438505417
946.234604835304708104
315.223960678754963283
25.753821533981717806
1.646842290852684521
0.109775963898590456
0.427090029876684540
7.840721987170008234
175.389743330905702123
556.963533989222810305
1102.307205000693556940
1759.376820966410832625
2478.535233891938332818
3217.064505269879191474
3938.960128707696640049
4635.857225776579070953
5301.641691099721356295
5908.321874128186209418
6410.947169663942986517
6763.204763370957152802
6926.684237767775812245
6918.585837235163126024
6834.006203504618497391
6747.845688386923029611
6615.459782729555627157
6411.837183983965587686
6115.639559348905095248
6907.618070352508766518
7632.714335820113774389
8333.220221414903789992
9027.510489449874512502
9147.253255085506680189
9249.616907156845627469
9332.871363092472165590
9406.917480596121095004
9473.737607405581002240
9527.768490843474864960
9580.850416536761258612
9622.911321304831290036
9634.828049452662526164
9612.316537888382299570
9574.550660421755310381
9529.951937028983593336
9482.717109856530441903
9433.254287089728677529
9353.073468465467158239
9229.187241203799203504
9053.851195009770890465
8842.776915374030068051
8632.400350016825541388
8448.634640099593525520
8292.607326419571109000
8152.971435888046471518
8007.323753911062340194
7749.756966619447666744
7500.901726023259470821
7261.728252510464699299
7026.122511933686837438
6804.037112729643013154
6597.785497055197993177
6400.484045612401132530
6188.383106072804366704
5969.803691828667979280
5735.832905183971888619
5514.995133953163531260
5328.386138695931549591
5092.408301193157058151
4840.672483585351073998
4649.280119259138700727
4185.177530456227941613
3557.362398974649295269
2975.783143977405870828
2329.294802364281167684
1401.815612501668738332
498.534448550503668685
562.289189832222746190
449.043446844273944407
420.720797792260157166
105.063398213645854185
0.507250330269131799
0.054708448017441930
0.061479162209202486
0.690973783829459398
0.282448468707904798
2.073916595165123944
0.017974115699583286
0.100517497548204174
0.071496334513561813
93.159698789800899021
463.071800201439543798
6459.363185240797065489
6004.725118576942804793
5530.800481262999710452
5057.287971716134052258
4640.441651358461967902
4229.412501192078707390
4089.714728446486333269
4095.073250852670753375
4084.405642259806882066
4103.932509590809786459
4260.365323423399786407
4414.583998246862392989
4567.707009840205500950
4817.358232878783383057
5164.413076834990533825
5559.096860949500296556
5982.187688306901691249
6378.291237247283788747
6739.879576149223794346
7107.044433238065721525
7487.194807529815079761
7850.919671564521195251
8202.811985594031284563
8557.274437178251901059
8904.857799781542780693
9242.954670382985568722
9591.859247848175073159
9897.946888909322296968
10113.332045833491065423
10308.747096407712888322
10511.964772170227661263
10744.624998372906702571
11003.220842824992359965
11249.912573387542579439
11514.546172511820259388
11754.897301071183392196
11934.696532981008203933
12094.411696877852591570
12281.246540030851974734
12501.179075435702543473
12734.787565535783869564
12944.044962246942304773
13134.088575946494529489
13258.018183463687819312
13404.937523988672182895
13596.528634615047849366
13817.780834543873424991
14031.860957332139150822
14235.707450102610891918
14449.304796079028164968
14663.243200922335745418
14813.312587451940999017
14915.605372669539065100
15401.188375393983733375
15906.371598257206642302
16451.968811123788327677
16640.846110135291382903
16787.163211645285628038
16959.598008045784808928
17070.711924959123280132
17158.017348965211567702
17198.377447629740345292
17404.987174885514832567
17799.225294344767462462
18311.645778784135472961
18807.917788682061654981
19222.605960613203933463
19538.802054360745387385
19777.056535375493695028
19960.603528315274161287
20115.357572231314406963
20262.567046922864392400
20411.401277936409314862
20562.692278541093401145
20660.152779208179708803
20655.402287668177450541
20568.900231121551769320
20478.409439457234839210
20480.477287374782463303
20666.763260207000712398
21004.787849065065529430
21278.652323116853949614
21322.787828648950380739
21260.962139366001792951
21165.342520947797311237
21098.884364682759041898
21170.557704495458892779
21268.155103415356279584
21326.137386555365083041
21328.644240526024077553
21328.316046713505784282
21330.443915253043087432
21345.343261161509872181
21351.791227070967579493
21346.171047210878896294
21342.463339445897872793
21311.289172299362689955
21276.685320329077512724
21284.142424286332243355
21341.541975566346081905
21397.842566659230215009
21427.501352953197056195
21415.126758591639372753
21355.669913866477145348
21317.906925596271321410
21336.861713581631192937
21439.896829046778293559
21601.237160784414299997
21746.719373776410066057
21828.405671435415570159
21857.926569973169534933
21875.040685476309590740
21943.613920100360701326
22092.815362188408471411
22265.215115207585768076
22458.175512565241660923
22683.231554831811081385
22908.822430194315529661
23119.185494305154861649
23319.012343405989668099
23553.408249874832108617
23788.197641608523554169
24031.990940628977114102
24201.210616909949749243
24229.452252651073649758
24305.668822647723573027
24328.435848403845739085
24089.456860469221282983
24385.849013444149022689
24532.804915915439778473
24379.091186383440799545
24168.075909997256530914
24405.299305101096251747
24319.987786242734728148
24206.420944462850457057
24338.709863108826539246
24165.440272646072116913
24349.550021550563542405
24411.286209751171554672
24339.970077937206951901
24234.399999051292979857
24136.226942926215997431
24108.054807957618322689
24219.153026842439430766
24377.054530757057364099
24429.494171848018595483
24411.975524017543648370
24337.448838908465404529
24298.547047534091689158
507.233926421653734451
