1440.255688634220177846
1837.857511809894049293
1916.697306825804162145
1674.778100176187990655
2249.830627531436221034
2611.239452322289707809
2801.419634298004893935
2861.514530657219893328
2820.478409028103214951
2691.314458991075753147
3689.915420588725282869
4638.240183514744785498
5553.682925620557398361
6442.996046397270220041
7310.700849470858884160
8158.585968910590963787
8983.769685359760842402
9782.773528472633188358
10549.096905365517159225
11274.186549699465103913
11951.666517935138472239
12578.130451141347293742
13150.418011190698962309
13666.618931765551678836
14127.251906961231725290
14533.506854799506982090
14886.043580355817539385
15188.601818008746704436
15444.154271112260175869
15649.874573854593108990
15804.042550152053081547
15904.809826415306815761
15951.342763019127232837
15944.488506396462980774
15882.708826788622900494
15768.324649889555075788
15604.402119883663544897
15391.868930243996146601
15132.743234756315359846
14832.464484184791217558
14499.261717386054442613
14143.739122100963868434
13776.191297100660449360
11975.033999888255493715
10186.254546904210656066
8429.192827859686076408
6731.246032701491458283
5127.410820006691210438
3657.387076940703536820
2364.252639364724927873
1295.744914201753545058
508.162074196427568040
63.809831774255961534
0.472115428265211579
0.057788719410885626
0.006046084054661581
0.008980975264695455
0.060038156304180981
0.272576023785376709
220.097523874279261236
930.960913676794461935
263.132455449563508409
3.021816477297109671
0.169649590763723213
0.251909304015200064
0.570294671782596629
58.435125131239274765
310.995193337277044066
745.000828537410029639
1319.359350212526123869
1991.917832242445456359
2721.548684114752177265
3469.807862203592321748
4202.045949779917464184
4890.583265059747645864
5512.762607148001734458
6048.447128949734178605
6480.459161493912688456
6796.595606492893239192
6991.175631239991162147
7070.144219715441977314
7051.462334122631546052
6950.641239979362580925
6767.624094027510182059
6502.765142626777560508
6156.709531643112313759
6946.043544052268771338
7677.966980975670594489
8370.940144896436322597
9037.502361810311413137
9148.328897764167777495
9242.552060744943446480
9322.198560077536967583
9389.457815689887866029
9444.998469653141000890
9488.334129703929647803
9520.596467151095566805
9540.417352549780844129
9545.171438369967290782
9533.405012512948815129
9505.714523246011594892
9461.221198943738272646
9398.474710434637017897
9315.920296161642909283
9209.895503888314124197
9080.076029974759876495
8928.819173489084278117
8762.785390016842939076
8591.721354827221148298
8424.228002671094145626
8265.706979383507132297
8119.331071395116850908
7985.999103020121765439
7727.796284724234283203
7487.024740203017245221
7263.639283754387179215
7055.629241736174662947
6861.330305139233132650
6677.244856274839548860
6498.211400303818663815
6316.984425788995395123
6129.597576698840384779
5930.507256306375893473
5718.147927949673430703
5489.745160797713651846
5230.484415234916014015
4937.099313855314903776
4609.637878799529062235
4203.674626785979853594
3616.560380313103451044
2966.853888874620224669
2230.826137690937684965
1374.616542079405235199
423.955001753487294991
419.542653986878292471
323.015018876432293382
196.349575139007725966
46.267972569513297287
0.852450059189274745
0.351371239020146720
0.878127692990752218
0.524287789608747112
0.393393816255189988
0.153600502611849821
0.045200207437652365
0.061662629536727596
0.090430587448062927
41.426934912802778399
385.381843457239824602
6470.247404423330408463
6004.029762668290459260
5519.069385977516503772
5035.013950986792224285
4610.867281578689471644
4192.643941868484944280
4051.318394579845517001
4058.007389938273718144
4048.284695822452704306
4069.310982300484283769
4224.064837049761990784
4376.503145803777442779
4527.791151573880597425
4777.593407798551197629
5126.816033654877173831
5524.657530564764783776
5951.495663960739875620
6350.787831047663530626
6714.848890522687725024
7084.598763258041799418
7467.601186226345816976
7833.841642844471607532
8188.012812692387342395
8544.819592816622389364
8894.622232026131314342
9234.763235217700639623
9585.958853783022277639
9893.480125036197932786
10108.453623124511068454
10303.069442238052943139
10505.669751344421456452
10738.338068408509570872
10997.494123803789989324
11244.518211205677289399
11509.873869412833300885
11750.467172631657376769
11929.279273703206854407
12087.607182757410555496
12273.621216630623166566
12493.417696216605691006
12727.171919569738747668
12936.070578027787632891
13125.355542628813054762
13247.522557306967428303
13393.151704716441599885
13584.377133791260348517
13805.882775836798828095
14020.077360881603453890
14223.838176255627331557
14437.563915493692547898
14651.647849472279631300
14800.549528851313880295
14900.698812729859128012
15391.767077283238904784
15898.708564480009954423
16446.334777685566223226
16635.145743540721014142
16781.162943674764392199
16953.792242012765200343
17064.076466232541861245
17150.216565912931400817
17188.140216406129184179
17395.919705492371576838
17792.318349779397976818
18306.710191452202707296
18804.539602362940058811
19223.058058819609868806
19543.411729318191646598
19784.196670988218102138
19969.030839855917292880
20124.377397981639660429
20271.956001377158827381
20421.164426192754035583
20572.895545707571727689
20669.747733889307710342
20662.385051694964204216
20571.706556501470913645
20477.059949130954919383
20476.944932378490193514
20664.888589287671493366
21007.763551112977438606
21285.270134118054556893
21328.454701135018694913
21263.622421274914813694
21164.393546787141531240
21094.984788452780776424
21166.409607299989147577
21264.318115692993160337
21321.816942995417775819
21322.714222759204858448
21321.540387657132669119
21322.885590238493023207
21337.276857385943003464
21343.051812260753649753
21336.517429771476599853
21331.941005739237880334
21299.334392282307817368
21263.227468622342712479
21270.046633914098492824
21327.833128728692827281
21384.489691970808053156
21413.944336794989794726
21400.484466802598035429
21338.950716540723078651
21299.530742627310246462
21317.967866720584424911
21422.195255428232485428
21585.918513699834875297
21733.454475716847809963
21815.880579399916314287
21845.069463506137253717
21861.603430460454546846
21930.670548957150458591
22080.316164752970507834
22253.649409640172962099
22447.976560436374711571
22675.067818153722328134
22902.705936432914313627
23114.800584834887558827
23316.141947460670053260
23552.771843889964657137
23789.816145914966909913
24036.074155877300654538
24206.256710245648719138
24232.601296082797489362
24307.966193933327303967
24328.834611247642897069
24082.598468159758340335
24382.781908479653793620
24531.955614999547833577
24374.291022001707460731
24158.137085167800250929
24399.405472535898297792
24311.441090523989259964
24194.122945430772233522
24327.572570118059957167
24138.831195667502470315
24337.854450783161155414
24404.837489442921651062
24332.880673658659361536
24226.692022187482507434
24127.485177654521976365
24099.228069779303041287
24210.559294601433066418
24369.500190295999345835
24422.172174987033940852
24404.774736995146668050
24325.000056838802265702
24283.584536047757865163
517.033581609640350507
