2940.444355299394374015
2821.333065898183576792
2702.221776496972779569
2571.601242645070215076
2198.775053354463580035
1825.948864063856944995
1863.620006303319769358
2061.287342489396905876
2580.580963289180999709
3099.874584088965093542
3760.887469026688904705
5321.555238152814126806
6882.223007278942532139
8442.890776405072756461
10003.558545531197523815
11564.226314657327748137
13124.894083783454334480
14546.734123691641798359
15902.465721115215274040
17258.197318538783292752
18613.928915962358587421
19969.660513385926606134
21075.590425647191295866
22084.744020718917454360
23093.897615790643612854
23884.333445805572409881
24641.198642113751702709
25382.162596699483401608
24925.640732260424556443
24469.118867821362073300
25058.432449983505648561
25750.823944379077147460
26119.408591483690543100
26319.136907179756235564
25892.835072071131435223
24762.569394746624311665
23041.833136479610402603
21321.096878212603769498
19600.360619945586222457
18967.946989453197602415
19344.752980193552502897
20108.230574050001450814
20108.230574050001450814
19674.948985975137475180
18897.780338221458805492
18212.997541564451239537
17528.214744907440035604
16816.095860801844537491
15378.051987820124850259
13940.008114838408801006
12554.795602783648064360
12754.523918479713756824
12973.810882593747010105
12312.456627370263959165
12457.713584234163135989
12710.105431395435516606
13140.289495966240792768
13444.714106172827086993
13258.032559487130129128
12786.335484890882071340
12686.471327042847406119
12697.405585020573198562
13127.589649586258019553
13523.639005111925143865
13656.791215575969545171
13540.283031422946805833
13148.343057079999198322
13148.343057079999198322
13148.343057079999198322
13148.343057079999198322
13168.029539809460402466
13523.102101039768967894
13878.174662270077533321
14108.327542180000818917
14130.145371387428895105
14275.402328257379849674
14470.737792432799324160
14716.557257899636169896
15118.781010280277769198
15393.675896391903734184
15857.561016704612484318
16899.691825193309341557
17301.334423166430497076
17305.518091279212967493
17232.889612844239309197
16276.053338002346208668
15548.304269829999611829
15700.459049497672822326
15985.785214773277402855
16234.266337937988282647
16357.821388064845450572
16497.315777906587754842
17108.279058119998808252
16928.523573996790219098
16449.175616334901860682
15941.675988369950573542
15231.530865910357533721
14042.825245101492328104
14082.556146604239984299
14881.469409371857182123
14399.262437515400961274
13800.077490439689427149
14100.452949086793523747
15160.352725756662039203
15691.711348115330110886
15904.754884853449766524
16117.798421591574879130
15561.535120234460919164
14527.434862687736313092
13298.139293849824753124
12613.407630909841827815
14300.002296754415510804
15007.708979875498698675
15606.893926951219327748
16007.558592502722603967
16207.286908195461364812
16407.015223888196487678
16474.043612442139419727
16404.572893939137429697
16335.102175436140896636
16259.685390206652300549
16034.991035054823441897
15810.296679902992764255
15585.602324751156629645
15360.907969599327770993
15013.368843665086387773
14258.839651049758685986
13504.310458434416432283
12198.828201433070717030
9527.139836613256193232
7056.468357256117087672
6815.608308521063918306
6888.236786956040305085
6735.453411151527689071
6548.449722020000081102
6602.027097027186755440
6770.219362873057434626
6938.411628718931751791
6994.690222074345911096
6922.061743645422211557
6790.422626483163185185
6642.837458308582426980
6548.449722020000081102
6574.440760169631175813
6647.069238604608472087
6668.447782659999575117
6659.409897406781055906
6615.025827252068665985
6570.641757097356276063
