3.548195990151725709
8.797001574897720388
15.431730876526088991
22.547704302413045241
29.522823464039589680
35.924927584219162213
40.374769653553023829
43.044958570901805217
45.041635080276066105
46.383709901339400972
46.853601658674023156
46.924215386455898624
46.611570059956846990
45.438773395422920487
43.223235526185725064
40.165810822063384933
36.724726585936984691
33.726024492692332046
31.288647835609239678
28.880425751680434132
26.406340455454454741
24.258521836270972472
22.387980842371618451
20.616930247509458241
19.080477847721581952
17.841466297606260127
16.714722989562588396
16.043445398686657200
15.953582536279483861
16.363945618096224166
16.800408192374277405
17.090817014310445643
17.401978381197793055
17.972994557185472786
18.491538960912237144
19.023523368719892801
20.026066179438842596
21.496049233620581731
22.758917989291347794
23.695427988182586887
24.575005597340435770
25.888514752531818885
27.569083008025216941
29.435847807421424704
31.035774117279601114
32.069460637596733932
32.732573118245795740
33.466039962050075474
34.280047729298814829
34.916092497982447185
35.463495048393866682
36.501142434671606907
37.787930270018591727
39.291891710474004640
40.607015542650486850
41.421281980550730850
41.401628631979093598
40.585568984318854291
39.636818416306681456
39.437258239416536298
39.535788022896667826
38.802367087275513313
35.899724464908274513
30.683242934426374404
24.133947893920094430
17.677630519820780819
12.026626319522904396
7.372220302043729134
3.545582177343504782
0.278801157533877131
-2.698201914883441077
-5.579747201600042672
-8.420166677036007741
-11.080044598262674072
-13.169103787031559705
-14.424238752783594464
-15.057160744155197563
-15.726100382523469534
-17.230756773047062325
-20.006164806571689496
-23.477818720891349358
-26.292234125952063550
-27.617610331694436354
-27.760011950093485211
-27.339112350925404371
-26.892883112630670439
-26.674011236824071602
-26.549783164605628372
-26.273415949242860279
-25.829875543232560631
-25.450541262197589276
-25.234296039349032981
-25.191898426526222465
-25.253618626385502921
-25.366673710683301124
-25.501286753681085884
-25.607365697112186353
-25.774839504461851902
-26.150880797888135021
-26.696988912908068414
-27.153104650829277489
-27.271057610513196323
-26.929958476376157250
-26.216247602537464445
-25.457890610855997693
-24.967520669926955179
-24.872266813634325899
-24.997647618709208928
-24.982061289185537589
-24.593819323978550528
-23.907456915066461534
-23.239323900546935420
-22.969642803540295972
-23.277479939174270385
-24.069091899808825019
-25.244792531942948699
-26.721505147296625182
-28.361616109919623341
-30.056562288027578234
-31.773591093415234354
-33.507131363906466959
-35.193248422754209059
-36.660372692470275524
-37.653150091832856106
-38.130826027138539303
-38.319145149168036824
-38.269909865871341026
-37.976468910828657499
-37.487522432925970861
-36.811303095528273843
-35.958871677098329656
-34.983600382066015300
-33.861589899615125887
-32.477396630543864831
-30.784636010876738510
-28.825685641795757874
-26.655700236382813273
-24.346102602963242134
-22.003784094602849564
-19.773271306299761818
-17.804148458046881842
-16.193181107215821157
-14.955296608519915935
-14.027869152126697827
-13.284420670783902096
-12.568440903723455904
-11.798675689379479081
-11.014919989418444857
-10.328038037132955651
