3942.696930018756120262
3656.124824996268671384
3369.552719973781222507
3238.693810083623702667
3139.642848445279469161
2913.492711444723681780
2643.340068120406158414
2701.119795747857097012
2817.975949860317996354
2990.706486990238317958
4164.079417184068006463
5337.452347377896330727
7334.225184963156607409
9429.703306764460648992
11525.181428565760143101
13620.659550367065094179
15716.137672168362769298
17608.132353189514105907
19484.274097187710140133
21237.072996088441868778
22032.122048184726736508
22827.171100281011604238
23622.220152377296471968
24417.269204473581339698
25101.149206128673540661
25782.341784422689670464
26463.534362716705800267
26847.271942748826404568
26856.118284095722628990
25398.291310215721750865
23986.944171313778497279
24383.148017872135824291
24779.351864430493151303
24844.713394053949741647
24773.599883137052529491
24019.995639077173109399
22722.174064770653785672
21424.352490464141737903
20126.530916157622414175
19230.399061670246737776
19519.297699784845463000
19808.196337899440550245
19704.781484183291468071
19330.437833822797983885
18842.520133894260652596
18354.602433965723321307
17838.678733665590698365
17145.322002189048362197
15724.516371642179365153
14135.573862002001988003
12829.111043998975219438
12961.178992853199815727
13093.246941707422593026
12654.426033739999184036
12654.426033739999184036
12884.034707436325334129
13214.204579567573091481
13349.516630380358037655
13096.730716476615270949
12788.572169155384472106
12654.426033739999184036
12654.426033739999184036
12929.586630439362124889
13299.376887227577753947
13592.618011947530249017
13540.406464680669159861
13135.948371318721910939
13153.133871546482623671
13195.155491636494843988
13237.177111726508883294
13365.388198294658650411
13691.673718989392000367
14017.959239684125350323
14159.360952094455569750
14108.001194210000903695
14214.671460589990601875
14321.341726969978481065
14664.314759457849504543
15049.512943610647198511
15571.482278109002436395
16115.291479270012132474
16661.558510977869445924
17255.864280817564576864
17226.218133649173978483
17119.547867269375274191
16408.913930261453060666
15714.584266309999293298
15735.475825958088535117
15966.594736450038908515
16119.461734614787928876
16170.821492499107989715
16509.884341782548290212
16865.451896390262845671
16886.207065171547583304
16470.418817605346703203
15854.101722960629558656
15214.214663583165020100
14558.811153502290835604
14507.451395617970774765
14729.576669462321660831
14344.378485303737761569
14074.887400737685311469
14391.910066991491476074
15064.255988426919429912
15657.998937674317858182
16120.236758653338256408
16059.465760557215617155
15399.126016290418192511
14738.786272023606215953
13746.213214853527460946
12809.336277100281222374
13733.811919070978547097
14658.287561041654043947
15582.763203012349549681
15855.369944113317615120
16086.488854606055610930
16223.694875593495453359
16304.084061852539889514
16384.473248111586144660
16464.862434370632399805
16283.396713875621571788
16043.033046964594177552
15802.669380053564964328
15562.305713142530294135
15260.992244143377320142
14930.822372007811281946
14385.767886349498439813
13461.292244378737450461
12245.646521695523915696
9934.457416771214411710
6893.025744682436197763
6889.221395812033733819
6885.417046941632179369
6881.612698071229715424
6877.808349200828160974
6874.004000330425697030
6870.199651460024142580
6866.395302589621678635
6862.590953719220124185
6858.786604848818569735
6854.982255978416105791
6851.177907108014551341
6847.373558237612087396
6843.569209367210532946
6839.764860496808069001
6835.960511626406514551
6832.156162756004050607
6828.351813885602496157
6824.547465015200941707
