2083.576676834149566275
1872.978812829345088176
1569.497881463809108027
1236.113314032679909360
1172.860923908915310676
1170.138144938477125834
1255.757715262847341364
1448.651946035358150766
1735.257740843131841757
2075.214349964192933840
2419.105332408133563149
2807.691286637293160311
3255.919699720975586388
3764.827834210778746638
4334.352890575499259285
4960.357097936132049654
5630.020470366805966478
6330.446671366390546609
7042.395230938607710414
7742.368546616299681773
8412.570373855245634331
9043.254776195859449217
9627.051359109314944362
10161.594004723356192699
10652.167616670831193915
11106.471044272477229242
11530.488726609875811846
11935.773762670332871494
12330.382051328244415345
12707.364103300893475534
13060.398928074297145940
13381.285447695065158769
13663.031820983724173857
13900.922390323908985010
14082.345065661089392961
14208.891409398664109176
14290.956178656144402339
14331.320590894103588653
14337.058565470939356601
14314.722844717764019151
14271.080267106681276346
14218.550844756180595141
14167.273933085898534046
13479.516129505687786150
12811.899407297776633641
12174.719138958551411633
11580.695559619967752951
11043.119442652836369234
10571.307809723833997850
10168.123590202092600521
9833.467150501499418169
9564.768892899606726132
9317.451623407154329470
8981.032293395695887739
8686.729184949819682515
8474.783605812708628946
8335.531819732812436996
8254.140801781146365101
8218.710736507215187885
8220.484712095496433903
8254.205278214834834216
8312.401099658112798352
8335.435787200887716608
8321.199251209662179463
8311.223915238970221253
8318.538132216892336146
8348.192436454093694920
8418.879268354425221332
8537.105798758238961454
8699.008736823430808727
8894.852890676904280554
9111.905271462719611009
9336.567087790706864325
9555.379426514738952392
9761.175080535504093859
9948.771778109370643506
10121.676922287444540416
10335.719442754509145743
10461.887527173257694812
10466.558169329084194032
10362.437823692853271496
10222.420374243860351271
10076.072539853783382569
9917.846708731936814729
9747.215007860471814638
9571.406586860926836380
9444.066525290085337474
9338.198507063301804010
9265.665567997622929397
9234.831174050445042667
9103.930390012179486803
9016.520289620197218028
8970.229697650553134736
8962.342357568264560541
8986.490126963879447430
9033.861599492085588281
9099.732428150846317294
9174.458388423270662315
9246.100017986565944739
9305.670772695088089677
9349.302815084738540463
9370.697516004749559215
9363.447006490394414868
9321.868988994607207133
9234.756544237781781703
9099.940900735504328622
8922.287511966243982897
8715.189158722274441971
8499.780872815897964756
8295.511749784416679177
8115.411959710955670744
7967.724123683822654129
7855.516164001109245874
7385.376305457436501456
6966.459469874115711718
6603.257515846045862418
6295.159005757458544394
6041.510064806499940460
5837.130638095844915370
5672.768574664001789642
5534.147165602363202197
5414.406105752246730844
5303.177694353953484097
5199.477038855033242726
5100.689061458233481972
4978.931383464702776109
4833.538990871392343252
4672.751640272098484274
4407.004825222850740829
4366.366938907237454259
4271.322553058996163600
4082.213768974678259838
3738.420423757944263343
3297.964766656451047311
2763.449988805675275216
2163.171143990075051988
1565.705062035272021603
943.146329258078822022
441.785078545881845002
119.156635147070034009
0.000000000100653299
0.000000000000000000
0.000000000000000000
0.528923866306163171
42.203266975457381704
132.001738971374550147
233.149425286969915305
345.688480173829987052
456.644893567301892290
2843.721861587665443949
3590.332398592111985636
4349.770878417552012252
4561.669263161797061912
4091.034683939728893165
3625.358979555165660713
3449.118010905406208622
3434.275573164181423635
3414.323429985415714327
3432.358106097287418379
3536.697204398562917049
3642.839347177439321968
3753.094601325637540867
3966.978921166357395123
4285.140338658040491282
4656.402408285849560343
5060.164774109955942549
5438.943687524968481739
5783.488935799996397691
6132.880031721168961667
6493.456769562213594327
6834.981370187135325978
7163.081090261650388129
7493.308202380075272231
7813.470110550117169623
8119.019773604677538970
8431.911179219256155193
8700.306582042861919035
8876.738777673523145495
9032.291289815779236960
9195.824173541979689617
9391.755947262070549186
9622.117299015370008419
9869.392053383646270959
10215.270032533519042772
10617.163911206955162925
10969.417487503635129542
11275.736925013437939924
11521.772230239112104755
11722.799432660367529024
11910.343540483956530807
12067.596865947758487891
12205.814485075045013218
12276.060302521391349728
12372.913444939558758051
12521.577778320342986262
12715.221164473632597947
12922.458294447875232436
13124.968855271419670316
13336.563055000309759635
13564.263705017896427307
13807.091443565075678634
14480.129931265792038175
16660.010643493355019018
18813.235672935483307811
20357.971938749698892934
21258.382562253660580609
21564.468111830985435518
21328.949783786309126299
20600.236943507137766574
19415.403115879831602797
18539.567218186821264680
17989.230282971155247651
17885.054849550611834275
17911.040581427645520307
18054.279163649491238175
18361.643717922186624492
18691.863970008111209609
18982.911125705821177689
19234.350122235693561379
19465.818907999575458234
19695.834711786323168781
19931.229829035961301997
20170.516044991552917054
20353.286581901811587159
20416.004542796817986527
20224.480789329070830718
19108.536883751479763305
18336.676782737427856773
18235.716614739496435504
18725.302950633707951056
19148.733971681263938081
19313.290159216780011775
19385.715438534949498717
19476.671960338146163849
19615.972155723167816177
19764.807825818254059413
19894.036653076251241146
19975.586673980375053361
20001.063782428875128971
20033.991591738496936159
20070.335251657776098000
20120.281933571666741045
20162.110078680012520636
20191.509125937736826017
20222.066320315232587745
20223.855166962577641243
20220.796999904909171164
20258.290730095261096722
20343.797139472902927082
20425.157554096724197734
20475.219382998482615221
20475.693034742318559438
20419.184936268778983504
20387.519448497114353813
20415.515971222554071574
20519.971727246469527017
20678.649843636525474722
20819.230701784566917922
20894.939470406628970522
20916.839737836802669335
20925.044773491503292462
20985.346538330497423885
21093.668614440062810900
21224.124684503691241844
21372.883157168846082641
21554.891229184602707392
21744.302826477149210405
21925.743700594168331008
22100.383316596053191461
22310.593844137718406273
22520.366611922134325141
22738.249420562824525405
22878.782475587955559604
22871.727980699364707107
22901.253780755396292079
22853.211513755974010564
22507.393753500597085804
22653.387452854949515313
22663.497953188700194005
22396.139146623238048051
22169.700791720253619133
22560.411270758177124662
22984.380557105268962914
23039.221024759390274994
23110.088405604390572989
22827.466768343387229834
22904.163174833120137919
22886.623803717568080174
22876.166370715578523232
22919.472499447223526658
22894.488942583098832984
22884.175828850045945728
23004.662603682521876181
23212.606038408161111875
23453.613580705296044471
23792.567402009997749701
24046.880020311094995122
24158.259289246921980521
2166.738169195480168128
