14.000634928724508654
18.120434991700776095
23.620803502229627213
29.616215010517827011
35.497934950257615583
40.881136354358474705
44.434769618797616886
46.343140054327683686
47.699021857468110852
48.499427757319338639
48.510942814434677928
48.214595766068889304
47.637965946965778130
46.305374915059509533
44.028356931250257844
40.998089797103304477
37.661046181735621019
34.830351585393572122
32.611563986404036086
30.459365556321614577
28.266530199159063841
26.414442683886221630
24.845010084823599072
23.372796544451404088
22.126328011666672069
21.162534110274535237
20.290679495674339705
19.848498749540269159
19.956354750563335188
20.527134084851212492
21.080256212455950049
21.436461259395855450
21.754790562996589642
22.266068274467500032
22.649478260615225622
22.962666784540445519
23.655238513562807157
24.717886471992827069
25.471767442068653509
25.795785194962064679
25.960404031874446673
26.460730723326292946
27.237468432617021108
28.120580859154387099
28.670832429974012712
28.605150557583300497
28.137449853862108284
27.728010105484031556
27.406391545955358424
26.932166753370324841
26.410131022651370358
26.431488666848565572
26.765914902939016429
27.395358127588224306
27.935053053928271538
28.100118074384539568
27.585401431991073196
26.452976052048768452
25.385664230966028754
25.277164763030782524
25.678910289683500423
25.453388222938514218
23.247330963718155772
18.894746906987222701
13.353391051886774221
8.026575088263939506
3.606307882704129497
0.265674627350591663
-2.181400467566476209
-4.020944939806469165
-5.543830059515528319
-6.968937011148426564
-8.378829596573496019
-9.664625446279444532
-10.466646100611882275
-10.550127310710706752
-10.151284442187375134
-9.948622526087177675
-10.758443743920906854
-13.029389654380338470
-16.197401806924460743
-18.914815276116087261
-20.348574417215957055
-20.793860540793218661
-20.848001100307044453
-21.014513546152556955
-21.500423658746910860
-22.119060906481138318
-22.566398108888506613
-22.773140193663607533
-22.925488880454850005
-23.090866504139057724
-23.264708442879850736
-23.378207695376090669
-23.393999572888333205
-23.309359745706672129
-23.109639622925897129
-22.925438449917976413
-22.946851934046264887
-23.177637550108613596
-23.396333973562718711
-23.386730898414782587
-23.050669720063069690
-22.486341811199110907
-22.021837953273177391
-21.958655039142911392
-22.402533174200073063
-23.148650190015075623
-23.797653034769439273
-24.074778754040266904
-24.009197412420064666
-23.873643100011179286
-24.010971527999402042
-24.573064082180565038
-25.451517554073575411
-26.544742498474420245
-27.778815439216430150
-29.033441674706295998
-30.222431538572777754
-31.337963766206542005
-32.400476387743594842
-33.372534656297204947
-34.109433948057471753
-34.383056690431885727
-34.180411387155004377
-33.756011786221847615
-33.192165558893293564
-32.514901154383494486
-31.806943101471063073
-31.108885125220353984
-30.457670799650429672
-29.921488198238421319
-29.477642813468889926
-28.997138701264702831
-28.402546094681383693
-27.688555994458965870
-26.858767119322408234
-25.933559784716749164
-24.956944770938889633
-24.001304292518341299
-23.153365822335842950
-22.471305386533572346
-21.960652183303238871
-21.573784716758609648
-21.214540224887741715
-20.765133777940206983
-20.185550087495073512
-19.550515066081629811
-18.990075357383034316
