6.751365030186917693
11.319647735059078286
17.188839453156226966
23.523259684811357317
29.680968759482482255
35.283091893647188897
39.137416508435151741
41.334948456363747482
42.886067099840019523
44.022876089775181185
44.723963263884620289
45.159727978815574545
45.159548055593297988
44.262139656385791397
42.258533484119041645
39.318158228745687666
35.936993821626060708
33.009776049097801831
30.677439063603742397
28.385431625192936167
26.035517786997161238
24.040814578930394418
22.346425899380705005
20.760110839189451326
19.418524673724490981
18.378141275182272807
17.426120274206340355
16.904693309712826021
16.945141107351787468
17.486197774731323307
18.050914358760792311
18.469313529666280260
18.914632525140191888
19.621708267144356341
20.235058389012465341
20.800267896599223150
21.789326442616115287
23.200141143282124290
24.322167571010965048
25.029585835303365116
25.608133610293990046
26.581055039409250185
27.887111817039766493
29.350071255717608665
30.511420220459342545
31.079787685051002200
31.290842709239171882
31.642079819107721050
32.177067650081426109
32.655633008458664790
33.205083522998137369
34.469230966225467228
36.213273013232964104
38.373092164993380493
40.413583350120035220
41.872771886104459327
42.304869922365014645
41.720304194361119698
40.837072636482218968
40.619067511254087322
40.622295188513732001
39.683819055486623029
36.421405948890139825
30.714105890277579647
23.631703064235892953
16.713999183979183272
10.743963652021335520
5.946962795827886339
2.156474616207020745
-0.913346052773306383
-3.566387826904616531
-6.040665257068866367
-8.436260303676561989
-10.652348186512739403
-12.319854793889135181
-13.194771824686426953
-13.521855004882837648
-14.004595161170300344
-15.486011910020863525
-18.418580351266768957
-22.186981608692747159
-25.353898168181785877
-27.034184370161341349
-27.543746283006839803
-27.525265112834063075
-27.527539438637802505
-27.789056522308698050
-28.133262794308592447
-28.258424231983667596
-28.107924124461362680
-27.891657441924991190
-27.690875628814694664
-27.508207823143379755
-27.276283626619033384
-26.959196008583774073
-26.556205157689930729
-26.052842324840753463
-25.587283725110694377
-25.359929658494593241
-25.373734200264550509
-25.393203588801725346
-25.188059297893346411
-24.652626085358065211
-23.888877162021515232
-23.242258636828296403
-23.030918115855911310
-23.367008334415629633
-24.035194192857204598
-24.614974331246685324
-24.817631484501816885
-24.675556824346188023
-24.478383939278842263
-24.589771468704327617
-25.171620124549633601
-26.110879728732584226
-27.301681655970185147
-28.667100342764797460
-30.080595901135382064
-31.450867691272947013
-32.769254719357945760
-34.058829552917813999
-35.284775573196725418
-36.300607082633803202
-36.870947830666636946
-36.984247729093965518
-36.902873955210111490
-36.689614339019215095
-36.325835706803843550
-35.855269738109484479
-35.306076703301528141
-34.698958484593106277
-34.055947849438325647
-33.305059290698181940
-32.293472058296856630
-30.934209732291265027
-29.234212148129472553
-27.254259085495334602
-25.104616391985871360
-22.918286437607378048
-20.828189872687175921
-18.943166017628129794
-17.312959045812704062
-15.924455244116586528
-14.723366091274499468
-13.624961040359096387
-12.523962826417061933
-11.379714249563448902
-10.254584211189808229
-9.265660584868385286
