2054.873297236837061064
1852.116377850146136552
1573.068763427148951450
1233.484533137563630589
1315.353564627434934664
1483.577606216168760511
1603.751573398342543442
1735.500798266333731590
1937.745778893683109345
2179.336211050620931928
2610.951073115713825246
3090.228318648253207357
3619.968743583015111653
4160.636021505310054636
4707.006754347220521595
5270.426062642157376104
5847.356014906761629391
6447.568041348815313540
7060.948758729867222428
7658.613761433131003287
8226.520522367882222170
8767.585670849148300476
9272.786441489710341557
9733.467678978549884050
10159.542679286356360535
10559.916384512762306258
10930.299200636978639523
11294.468082985607907176
11673.636367261795385275
12039.438869171292026294
12378.782506181974895298
12679.447266747380126617
12937.936755041340802563
13159.691266805812119856
13323.124654803574230755
13457.081767683293946902
13593.815581131870203535
13724.826436482937424444
13839.222841378510565846
13934.080589752960804617
14015.186566310550915659
14100.710716384150146041
14193.495703084177876008
13703.195617797840895946
13213.085511714178210241
12716.386400386725654243
12206.706871674306967179
11658.238435971126818913
11074.592407665495557012
10462.797438572821192793
9802.082641074706771178
9169.125313348886265885
8612.084761727732256986
8137.512280570716939110
7745.611401328425927204
7434.182400550758757163
7198.736313207234161382
7033.048515721300645964
6929.961479408148989023
6882.010497438665879599
6881.969727714212240244
6923.732581045692313637
7003.550327129183642683
7120.823064741863163363
7277.795587454152155260
7477.461178029011534818
7716.577462491991354909
7953.625880417063854111
8111.696618654346821131
8227.148552252345325542
8344.814374747678812128
8471.937184031261494965
8604.392954223896595067
8735.896726370137912454
8881.704861589514621301
9054.931685959694732446
9252.606689389322127681
9500.341010300347988959
9721.273786670020854217
9873.436061233021973749
9928.054894406344828894
9861.887650900245716912
9820.262596069576829905
9791.978634163297101622
9748.052587678022973705
9679.932195999537725584
9561.217202495119636296
9439.353033607480028877
9343.478451606153612374
9284.586812773979545454
9195.090653570305221365
9123.881155583152576583
9066.750321874063956784
9030.836011487248470075
9015.184885231741645839
9011.014094690643105423
9026.532803588208480505
9048.758140779091263539
9055.886378292751032859
9040.862336761492770165
9020.106811692699920968
8999.732902385054330807
8982.397694549064908642
8964.772755803778636619
8916.868303291797928978
8827.551816254321238375
8687.494741965234425152
8513.057538808063327451
8342.426698496208700817
8202.844089950980560388
8096.458657508128453628
8012.755741727348322456
7929.981371570243936731
7590.540456425832417153
7268.566023489963299653
6966.274221728501288453
6678.494712220514884393
6415.785317680879416002
6181.125120005344797391
5968.414177456376819464
5754.583778559153870447
5548.118783539172909514
5340.048657971981810988
5159.087026159674678638
5027.200334089423449768
4863.608409319858765230
4703.298851645799913967
4615.648463131995413278
4294.977012500577075116
4037.664547321627651399
3824.695866010258214374
3559.359258795294408628
3083.922438796263577387
2654.199684609840460325
2297.138722904740916420
1832.031494513006464331
1489.601651891330675426
885.025888958458835987
460.551211793558934460
171.971779554613704022
0.935886796190104620
0.000000000000000000
25.640505096749560465
13.944008562814694585
0.000005905973887818
0.000000000007337606
0.370526962926348902
23.817198096783730676
51.601732683599841778
3728.559972481471049832
3983.784533188534169312
4247.933643438372200762
4505.838229153062457044
4211.337003874762558553
3768.123432832503567624
3592.501331626419414533
3566.837680509861456812
3531.153383139707329974
3530.963638160670143407
3622.239506403263021639
3712.032017894891396281
3801.887184756242277217
3989.457386167584445502
4275.374357045356191520
4609.565498186548211379
4972.535659028377267532
5308.686742659843730507
5610.403868350452285085
5917.821996154556472902
6238.620590723609893757
6545.181747477193312079
6847.498355842280943762
7163.257802922377777577
7471.951315147710374731
7760.865995097988161433
8052.025981804871662462
8297.307977940274213324
8451.529028395907516824
8587.170898216349087306
8734.789288369383939425
8919.833256650777912000
9144.990279099400140694
9391.316072383015125524
9708.334337621026861598
10024.075856763440242503
10261.701023227657060488
10448.556263077029143460
10621.220305878554427181
10799.324257331314584007
10982.735884639909272664
11141.425511372901382856
11282.869535998477658723
11394.513680649793968769
11534.040337087937587057
11732.140656391804441228
12017.537509809153561946
12465.108702907577026053
13074.867066032635193551
13835.758096750621916726
14802.686112982541089877
15787.965613976277381880
16672.829063511762797134
17439.815090375890576979
18085.070834777394338744
18607.543024510490795365
19008.509006984309962718
19291.279976548954437021
19460.721843779592745705
19522.653516185957414564
19483.218797099601943046
19551.116551544095273130
19528.631863708542368840
19420.500645254196570022
19231.128055331177165499
18966.338631972961593419
18646.758694999036379158
18384.141109720843815012
18372.828716288699069992
18522.606209635745472042
18717.039708282933133887
18927.156212910616886802
19147.374386203347967239
19374.020987732084904565
19548.623772830680536572
19618.312398083580774255
19572.128106689411652042
19332.744228645169641823
19081.355934889281343203
18920.055483635165728629
18925.157912922841205727
19164.284469276903109858
19291.573940043261245592
19347.123230360150046181
19414.702456241055188002
19527.794524474717036355
19629.861713684469577856
19750.995253173354285536
19831.595587199986766791
19855.154978848444443429
19894.495670077070826665
19934.641796821670141071
19985.716618168960849289
20026.130083919539174531
20051.833049753473460441
20076.961978639294102322
20073.396253806782624451
20065.130184946367080556
20097.272492474210594082
20177.401083057029609336
20254.021147464318346465
20300.481242165213188855
20299.355418973686028039
20250.492091470852756174
20223.959012912397156470
20249.556963377977808705
20359.423129976938071195
20528.135762412104668329
20679.829496436472254572
20766.144591755168221425
20798.845602909794251900
20817.807318791306897765
20886.950293104146112455
21029.272054853023291798
21193.346471849610679783
21376.461978358693158953
21590.541066999325266806
21804.706512235294212587
22003.096508236481895437
22189.469111249738489278
22407.936739917593513383
22624.420845516968256561
22848.216707753676018910
22995.814959378349158214
22999.686353402212262154
23044.006155552928248653
23026.218817294509790372
22758.004422982237883843
22975.200939032598398626
23077.330880057765170932
22951.148111000678909477
22824.261255509481998160
23080.622426599697064376
23093.306258513588545611
22982.459712068215594627
23061.041289532637165394
22815.686954626697115600
22928.563153861257887911
22953.467484972392412601
23006.322032547519484069
23139.567323563995159930
23233.954119387042737799
23325.470601138753409032
23519.825844262682949193
23783.016063169376138831
24040.112834546056546969
24262.723409458281821571
24442.972994759737048298
24587.894487372283037985
1676.782579701734448463
