4.503282170809640661
9.468117316687326479
15.820906797173869052
22.664039160740543366
29.382858506968617007
35.550056170477056128
39.789166367542087244
42.280146370389040555
44.145546008583011144
45.426624435669602065
45.913861377601918434
46.055380358303786181
45.847146178609428091
44.805128398213696528
42.744167159972533909
39.862695336695018966
36.614715074175052223
33.820301181477759656
31.591441542732468406
29.388849486507609754
27.111036710683379169
25.144927875174190035
23.437830064487428672
21.809578293280807770
20.393829192579602250
19.252499211220708730
18.199707513656989022
17.577933800747345572
17.512212950930106103
17.920086222515990926
18.325683010832037212
18.554584700156937060
18.770873375306081243
19.210674050135509106
19.558795005879204609
19.878908731304065327
20.627145498511850974
21.801331034120281060
22.730457652281103265
23.302024497333690078
23.795848190292133495
24.717066953868197743
26.016916004870012102
27.536048634884195963
28.845456083782977430
29.670801587002358701
30.231725602984965917
30.989245147902352073
31.966417729301213058
32.906891991993376223
33.888410186264337653
35.462929991962340637
37.347782726817996490
39.458456287263601325
41.331840667061953809
42.602302117534975423
42.894362285674077384
42.219712129198171624
41.234740848054570961
40.831070732557748215
40.580989981384362864
39.387837495713171165
35.954976781926689000
30.183811740760774001
23.104763300576422580
16.193175821292442151
10.206413911348818147
5.370877445580958920
1.538165850602382534
-1.556826556883351032
-4.199463657837355868
-6.615412062545146910
-8.902304225479753086
-10.970445303513002955
-12.479561010185875602
-13.211067498089590799
-13.411379026425493066
-13.761560617141583407
-15.072806274499640722
-17.782852309787500644
-21.314350317125985157
-24.307896228734762190
-25.923447260250213731
-26.455532036676174812
-26.507019731950492769
-26.591879716001642464
-26.930765206233502340
-27.351969168597236148
-27.565995936501280994
-27.516284001567669293
-27.399293907313733598
-27.290219624547944477
-27.190188481935990694
-27.034562675164238499
-26.789133930961838814
-26.453685483098752229
-26.015622549130284824
-25.607196929556323539
-25.419729009086665883
-25.457753280746032942
-25.500193231723017107
-25.330966203498462619
-24.851932437000868958
-24.161266987153510399
-23.586966647359531635
-23.430240207082817960
-23.796260858243044822
-24.479410363928536754
-25.079519283988702227
-25.321270378449014515
-25.233745809792708314
-25.090068158194640091
-25.233772065649134220
-25.817423530151472733
-26.733036822312442382
-27.878976510317784232
-29.180705944100395755
-30.516714531198829263
-31.798967654774230596
-33.017096896453836052
-34.188185197483846878
-35.270611488745544193
-36.114853689211997789
-36.487787447212838288
-36.371727161488593083
-36.017094789783584474
-35.502623349968985167
-34.850880769387799774
-34.140826096375690213
-33.408916888165947512
-32.687709204809777930
-32.040139760424608539
-31.435551984306243867
-30.732993770148141266
-29.842742518316299538
-28.751869118156719196
-27.457337210173193398
-25.971888106206165503
-24.337609593539582420
-22.630339852131953648
-20.939087601644587266
-19.321401643331398645
-17.783234379523833013
-16.281851464209466940
-14.731805059796556634
-13.033398507734943905
-11.173802291868526027
-9.264282160756692974
-7.479177785342869811
