3148.511104934020750079
3206.917111722108984395
2828.603876889105777082
1997.773082709891923514
2379.919545504315010476
2541.406207964651912334
2420.318247268341110612
2209.139469900257154222
2088.312535011620184378
2051.343270155255140708
2007.877453208681345131
2111.921882223898592201
2385.170286113958354690
2765.042007208247468952
3241.604822721763412119
3832.033587309192625980
4528.792852556643993012
5352.290135553996151430
6275.144854982947435929
7225.675000426756923844
8165.694506866200754303
9096.917626740972991684
9996.784210024257845362
10840.497471571010464686
11630.567056824147584848
12366.429546147261135047
13027.649528323625418125
13655.985888802544650389
14285.830464530024983105
14860.814475554170712712
15350.632334273121159640
15732.924364222013537074
16008.033120028459961759
16203.083816932856279891
16287.844137714429962216
16292.455818453778192634
16250.192492482879970339
16133.490138737988672801
15902.416400437215997954
15556.838301550274991314
15121.940373712077416712
14642.140768140692671295
14124.292446617209861870
12893.318559234667191049
11611.757619553103722865
10277.893095548468409106
8930.089518233477065223
7632.910985787815661752
6424.720570247513933282
5325.558765225116076181
4383.597837354501280061
3697.470840338475227327
3292.056870859234095406
2887.954732775643151399
2765.710323014737241465
2919.621859934097756195
3651.877334590785267210
4748.815399469347539707
6157.148261723226823960
7926.217434372236311901
9976.069827664834519965
9054.330151352347456850
8185.828061560795504192
7353.406731584043882322
6609.208581500638501893
6066.701720965368622274
5771.522699681648191472
5725.482146003714660765
5885.153676993485532876
6197.468508726190520974
6604.311210512530124106
7051.361462641553771391
7496.638912091982092534
7908.444929681422763679
8311.485198480178951286
8727.660628514486234053
9120.351315721158243832
9405.138780720162685611
9484.885025358660641359
9270.773471487040296779
8791.612307102850536467
8247.954595103310566628
7795.460056321526280954
7323.222627058003126876
6768.552832059558568290
6078.996192289882856130
6856.786828824138865457
7545.885886631890571152
8232.057416231395109207
8949.069664811897382606
8985.416875649518260616
9018.680066667900973698
9043.513870448074158048
9080.988225144059470040
9134.068796769272012170
9188.496225909384520492
9269.595945290187955834
9352.939598325589031447
9393.575128722693989403
9380.263864393336916692
9355.082526274289193680
9335.802305020952189807
9330.939330165652791038
9340.855334014400796150
9300.491185557932112715
9179.637269954002476879
8959.183033930954479729
8672.733569081414316315
8401.158410763986466918
8201.988428665699757403
8076.679777821205789223
7998.210222631123542669
7914.255262818554001569
7538.556652329993085004
7190.402818633633614809
6872.906785183316060284
6573.458103568821570661
6315.892879121399346332
6106.618722092089228681
5931.688993262767326087
5743.376558535154799756
5556.305828941342042526
5351.519421466320636682
5195.184915208519669250
5134.230742049825494178
4980.314676827423681971
4807.482981794638362771
4761.476404666601411009
4228.110263445874807076
3619.138017732275329763
3091.530473167158561409
2439.655891187198449188
1270.695736200030296459
147.458934125098636514
414.579451223410842431
352.381956219291225807
475.700513810814015869
144.295847342185965090
20.947919811522943689
5.233668707803404097
2.258618719586310775
2.159695127733872955
2.354697144286768129
0.621621295667922236
0.020480546553045990
0.035613305793985819
0.671584066918951339
48.561508669711741959
381.105761066902459788
6287.119931415117207507
5893.687373845255024207
5453.712987131769295956
4986.170715764540545933
4659.656440884665244084
4327.632265642206220946
4208.095078599346379633
4207.972369470015109982
4203.070750219114415813
4231.758749487984459847
4332.346059975853677315
4445.789057197118381737
4574.546317574083332147
4797.365171460724923236
5119.357395271276800486
5502.643802076806423429
5926.290287474032993487
6333.657245168020381243
6714.552879208886224660
7105.253644721316959476
7510.430203597737090604
7899.322648894702069811
8274.964256668161397101
8650.537379696008429164
9016.384931139724358218
9369.794913428733707406
9730.512001654293271713
10052.330439055065653520
10295.756761828886737931
10516.026838826628591050
10739.991307066522495006
10985.922423052703379653
11248.481932650078306324
11494.827604361482372042
11753.968045954658009578
11992.504946760207531042
12175.478739103529733256
12334.188419302969123237
12514.860640246677576215
12723.546662070904858410
12941.579833727093500784
13132.226984399572756956
13300.998338345509182545
13395.492805830363067798
13510.296090616975561716
13667.211952549798297696
13852.522676213779050158
14031.481610136494055041
14202.501552353091028635
14386.578098707102981280
14575.965754911007024930
14709.165381769342275220
14802.731565858615795150
15198.158147146355986479
15628.174275225033852621
16124.883266184740932658
16388.849040049277391518
16666.102283021507901140
16998.236828117122058757
17288.071222956688870909
17556.346786929370864527
17519.517270756405196153
17645.155128108592180070
17957.102524805759458104
18398.151678077552787727
18839.492475508224742953
19217.312800576095469296
19506.854947555486432975
19724.435854969739011722
19891.605802653615683084
20032.545611374887812417
20166.858049873175332323
20302.405269139810116030
20439.023119126373785548
20520.950083284369611647
20500.306317535185371526
20396.562032997575443005
20285.254408807653817348
20260.345517719328199746
20411.065321367819706211
20705.491724428149609594
20932.707377295675541973
20930.969231188159028534
20820.975030322359089041
20673.112561153953720350
20548.909815953997167526
20673.155958833958720788
20819.189965028512233403
20925.617007583521626657
20977.966615182733221445
20988.801993920744280331
21002.938238131489924854
21030.550499520482844673
21050.869368496878450969
21060.207283348012424540
21072.011805485439253971
21057.407270929146761773
21039.646380994974606438
21062.888823061333823716
21134.526147608787141507
21204.368221845921652857
21247.058023321435030084
21247.149711504171136767
21199.378463279004790820
21170.704477942912490107
21195.371339827612246154
21300.389855621760943905
21461.135317494456103304
21605.927133077624603175
21688.748549847452522954
21721.658968343512242427
21744.011215257170988480
21818.495295572702161735
21953.373830028562224470
22113.204073607048485428
22295.492670356692542555
22511.216695334427640773
22729.432314891313581029
22934.424252196251472924
23129.649212570919189602
23353.168461044329887955
23577.071388828397175530
23809.267486971275502583
23967.711198736225924222
23989.933989449131331639
24060.632017952862952370
24085.578410595589957666
23893.214339241636480438
24114.610480912710045232
24213.431978564836754231
24076.356548283332813298
23895.145557428168103797
24060.960877327892376343
23957.431402116482786369
23940.049008037112798775
24090.840371065824001562
23919.331401052902947413
24075.242096645924902987
24146.214710683125304058
24121.124280293672200060
24078.475189687440433772
24046.916441956574999494
24071.907863291355170077
24204.559084802382130874
24371.186943749689817196
24440.534328846046264516
24444.051971277149277739
24394.012725169577606721
24394.601408664490008960
0.000000000000000971
