2014.478968380324204190
2011.292427467048355538
1834.254868519141609795
1503.142376792413415387
1796.753471773711908099
2005.739456776513634395
2159.473176369479460845
2285.304158377370185917
2397.165279997753714269
2494.409644631211449450
3389.338492711291564774
4287.549053146344704146
5199.596085063588361663
6127.067387428369329427
7070.342349388036382152
8027.932914316447750025
8994.557266993137091049
9965.167328474764872226
10932.540249632904306054
11888.201484938987050555
12826.480996359858181677
13093.731721950987775926
13337.929110358601974440
13556.948854525046044728
13751.370636051124165533
13922.561703087549176416
14071.387258839804417221
14201.756639215695031453
14316.917986650199964060
14414.441964554365767981
14492.850005277823584038
14550.308425721450475976
14585.772085537313614623
14599.715244535093006562
14590.486578622774686664
14560.821307833297396428
14514.477579630029140390
14453.234777956800826360
14380.103346457881343667
14301.005252372326140176
14223.673717398683947977
14157.129039826091684517
14108.778199460335599724
13316.441973383934964659
12557.312570038695412222
11839.976543827884597704
11173.765542030025244458
10567.574859060894596041
10027.237530698945192853
9554.952226110566698480
9150.503668933868539170
8811.784099969883754966
8526.423829487115654047
8253.799328820323353284
7989.864858879120220081
7748.981427371811150806
7556.140998936984942702
7400.991515912002796540
7293.460165735118607699
7244.603269515803731338
7151.700762882274830190
6952.454976049813922145
6729.306092599808835075
6516.272364746610037400
6335.588782243514287984
6203.474553676098366850
6131.561930169646075228
6130.134712534082609636
6203.107385923231959168
6348.045218291300443525
6557.029598568408800929
6817.967134669641382061
7116.010240209612675244
7434.770606219099136069
7759.914191862906591268
8078.098462828274932690
8375.797504233696599840
8641.362529300056849024
8866.530125380302706617
9039.170849868109144154
9155.374273758401614032
9231.164831518448409042
9281.442092212928400841
9306.900530772993079154
9309.482913083867970272
9291.067420259632854140
9296.923632941414325614
9292.406881481867458206
9286.347809519313159399
9284.674923238339033560
9247.284115698868845357
9218.188614278273234959
9197.705114492040593177
9186.054472527201141929
9181.794932865042937919
9182.264421246050915215
9186.410176111743567162
9190.855700197163969278
9191.015995852087144158
9183.351661974278613343
9166.269185480105079478
9136.832552714786288561
9091.852243974333759979
9028.485046807696562610
8942.278013637747790199
8832.630361376333894441
8702.238366530582425185
8558.479594086598808644
8411.998012066260344000
8272.364739495305911987
8145.886227894821786322
8036.455826908860217372
7945.469785784038322163
7654.374923033164122899
7386.997977068606815010
7143.763074345496534079
6922.957822007277172816
6722.992540561990608694
6540.215118167663604254
6369.116090179080856615
6201.964840275886672316
6034.182575734414058388
5859.542473513369259308
5675.706574439022915612
5479.188398849114491895
5254.710508495471003698
4998.474631608201889321
4710.236850060729921097
4346.126742728967656149
4087.784128903394048393
3773.846437462312678690
3386.927619923878410191
2900.842792987374195945
2349.099804249383851129
1973.337631833662044301
1531.027939929515923723
1072.141732499767840636
590.675455658365535783
209.641631738493742887
2.072062554884926744
0.000000386158086794
0.000052231510563443
0.026284335306240740
0.136970305668997927
0.154346747150279656
0.000002108755576778
0.000001150414880641
36.372656396995772354
232.708395548404752162
4248.829858354290990974
4447.440436763669822540
4614.537673645354516339
4281.850142232694452105
3855.372224721676502668
3416.360197880648229329
3253.633257495195721276
3241.424892177840774821
3216.717449680942081613
3226.860648012087494862
3354.743791576888270356
3477.986092082065624709
3599.271637985652432690
3819.272500473857235193
4139.019258619168795121
4507.690089642685961735
4905.566223357381204551
5276.105886169934819918
5612.105250274265017651
5955.293355398153835267
6314.069541060661322263
6634.104532812553770782
6949.744623079624943784
7274.540111961399816209
7591.097370268915256020
7890.997471158619191556
8194.630296730572808883
8450.599198074907690170
8613.144201492772481288
8756.591895759092949447
8911.481183031408363604
9101.573616523004602641
9324.740397559357006685
9545.673995990209732554
9796.080952628881277633
10025.134841403234531754
10188.794741689887814573
10326.623689599626231939
10483.514129493336440646
10665.094365699707850581
10856.154995355544087943
11022.233294686371664284
11170.469220671382572618
11280.954844027668514173
11418.498276242811698467
11608.242413348036279785
11840.672690462715763715
12081.964815731706039514
12323.536047773699465324
12583.694728040598420193
12871.462091389472334413
13178.200229474623483839
13694.906692526241386076
15249.044193393709065276
17663.581300969173753401
20238.025344628473249031
22021.948622995940240799
23035.552123318091616966
22898.951789288144937018
21293.905787083607719978
19269.549460142348834779
17786.436632359793293290
17274.070017614285461605
17164.656645631894207327
17230.125454886518127751
17396.197115687791665550
17650.677417039893043693
17916.916031878488865914
18157.732600722105416935
18370.161665515803179005
18569.848827228506706888
18772.988087109348271042
18985.127470848161465256
19204.126651164540817263
19369.603787213858595351
19426.411682697867945535
19378.277195175378437852
19253.428964143375196727
19081.528316511787124909
19080.461314373864297522
19371.118231371434376342
19674.398237425204570172
19764.462529952827026136
19745.339573496516095474
19682.566856331541202962
19647.393366267435339978
19703.194543033885565819
19802.025328857631393475
19868.784445077730197227
19881.262311806276557036
19911.396203412077738903
19942.792263858711521607
19985.348856063919811277
20016.838816325664083706
20033.509345540722279111
20050.539938392084877705
20038.927910237947799033
20023.328796448869979940
20049.782617595032206737
20125.858072101396828657
20198.948745473997405497
20242.238989664932887536
20239.022416043440898648
20183.909877877231338061
20149.487948206391592976
20174.461006090597948059
20286.170234750483359676
20456.812178650841815397
20610.177060481979424367
20697.373679589214589214
20730.385609014330839273
20749.857528913111309521
20821.041262669863499468
20968.765810807595698861
21139.485488431728299474
21330.552990317639341811
21553.762731054895994021
21776.906457177927222801
21983.898919834038679255
22179.562481097866111668
22410.002420136959699448
22640.385217069855571026
22879.508111805480439216
23042.201676162654621294
23061.234256454801652580
23130.554048544392571785
23148.266691175103915157
22903.523951383947860450
23209.761383386197849177
23381.655875880020175828
23253.195237813444691710
23074.301428046223009005
23358.848374021239578724
23312.513605480002297554
23182.145310598687501624
23283.405276561585196760
23044.907295355777023360
23191.449668262048362521
23225.846530013925075764
23163.548632305381033802
23100.282803712903842097
23038.001835176317399601
23039.196675775616313331
23184.499935722549707862
23401.198837610954797128
23560.473307108673907351
23702.921624081151094288
23794.683335226996860001
23877.106747914789593779
1767.011059460130582011
