2176.417712511091849592
2083.647071728723858541
1792.522557835752877509
1417.208674108788045487
1523.826830176919202131
1603.060241258405312692
1692.002509646578118918
1824.326729683721850961
2003.418043371103294703
2202.825538364925705537
2635.537145687429074314
3097.398446103317837697
3608.758220366279147129
4174.697954311235662317
4798.470773121362981328
5478.255931072063503962
6202.365195461002258526
6958.188153259774480830
7726.350532312735595042
8482.951804475740573253
9209.607344440601082169
9895.671491194465488661
10532.326465523117803968
11115.368294707406676025
11647.844262654209160246
12134.618035756113386014
12578.570084517301438609
12988.492181624662407557
13370.726591869413823588
13717.776893665093666641
14023.646354631709982641
14281.180217520755832084
14485.044535746861583903
14633.097822954538060003
14717.765590709466778208
14742.914209765021951171
14715.255508481059223413
14635.354376849089021562
14506.635647972107108217
14337.776205177991869277
14139.723944907367695123
13926.937260799466457684
13711.531941442206516513
11955.015978640498360619
10223.595157410798492492
8538.783201738246134482
6929.798759140329821093
5431.169130105048679980
4074.518002653645908140
2882.951242619000367995
1874.267247981945502033
1070.376473020281991921
490.981579140578560327
117.104171465567020505
0.000789180404347595
0.000000000000000000
11.277679924102429254
211.373298410797417546
661.953791412212694922
1388.698139460557058555
2312.788093657756235189
2433.862343728678297339
2595.730745709787242959
2832.171422836771398579
3154.362179508043482201
3567.580609895426277944
4063.789767120596934546
4630.054180977558644372
5245.926753015321992279
5887.196317143838314223
6528.384514544758530974
7145.470481012909658602
7718.045422286830216763
8229.933800046925171046
8674.658400351050659083
9049.587847636517835781
9352.154535533731177566
9593.079205147827451583
9786.981851680695399409
9838.310222297226573573
9727.283969320978940232
9531.523431635348970303
9294.626483626117988024
9021.053891417901468230
8718.566548139051519684
8396.754590955739331548
8515.819417571792655508
8651.591696416164268157
8823.352282166504664929
9042.139991813135566190
8784.735537408418167615
8580.854725643692290760
8431.579855226305880933
8336.452376502449624240
8290.217213877338508610
8284.378585344691600767
8313.964259692180348793
8368.667212351172565832
8435.444016871573694516
8503.660173540207324550
8567.272777136267905007
8617.521257926078760647
8645.553556380025838735
8643.795571876727990457
8601.662392620821265155
8517.695860351896044449
8396.576714467822966981
8252.736901276215576218
8108.146611831554764649
7982.613350300582169439
7888.727309910056646913
7833.648473090552215581
7818.931161686809900857
7376.673496532139324700
6987.514832984795248194
6654.746388431635750749
6376.731754373696276161
6151.938740385737219185
5974.010840137878403766
5832.404474559274603962
5711.627143846651051717
5603.642873183063784381
5496.862591016352780571
5388.959442415186458675
5275.617757678533052967
5126.406552584478049539
4937.431203271581580339
4713.109936889271011751
4358.095251201149039844
4104.845372858599148458
3769.589827887144110719
3311.270415384646184975
2665.613536097131145652
1900.854669099406464738
1666.017843862544395961
1302.829700976836647897
909.134085024755336235
460.467562251164281406
127.728628149269368919
0.002551017928947220
0.000000000000264746
0.000004913699030377
0.013455535754760363
0.821092809337693574
0.037331902932076277
0.869449879109084001
12.287613753970628494
79.099923973864719073
258.363333850942581194
3814.374942634417493537
4395.569561288160002732
5108.861005799928534543
4800.589712217036321817
4364.032539698533582850
3920.289665380058067967
3758.221217768323640485
3752.166496217327676277
3737.895325504740412725
3761.107832194166348927
3892.462163569543008634
4022.723769592531425587
4156.783702853042086645
4395.287356050514972594
4738.458773832752740418
5134.942637658355124586
5564.479557460743308184
5969.576114090103146737
6340.505194920295252814
6716.537882054867623083
7104.589312391380190093
7475.528148445720944437
7836.773410674157275935
8202.770488217794991215
8557.361421179852186469
8893.588368635835649911
9233.612597329503842047
9527.671794427164059016
9728.883773316301812883
9907.702985134228583775
10093.805238266881133313
10312.896537212322073174
10566.419519843702801154
10827.559089387388667092
11140.529757666925434023
11450.874462384084836231
11699.472577814034593757
11917.520098190771022928
12132.403266438594073406
12342.413385675155950594
12544.393286559978150763
12714.768751109264485422
12865.038703330306816497
12861.269301276917758514
12883.880929094557359349
12959.520611825295418384
13082.050916724447233719
13217.583918372958578402
13353.581101514520923956
13507.741371531001277617
13680.722700987616917701
13828.180719629508530488
14022.369088990106320125
14833.423559794291577418
16026.330670517108956119
17395.767715593632601667
18325.200035083136754110
19104.159402625256916508
19619.093070102113415487
19371.280925135470170062
18861.854738959638780216
17891.788238024353631772
17748.779013913852395490
17933.339479163565556519
18266.110067335790517973
18636.412391313926491421
19016.056860431188397342
19360.104189765279443236
19657.412217424665868748
19915.932386069966014475
20155.308856223164184485
20392.913278622276266105
20633.861431534984149039
20874.869066981809737626
21053.902129372349008918
21108.344770769468595972
21003.306949550729768816
20583.040760862371826079
19653.547215060796588659
19178.690173087961738929
19428.146405845960543957
19747.359213959312910447
19853.112334752186143305
19855.396218811834842199
19827.726110217383393319
19834.331887985623325221
19979.995679595434921794
20137.931388331438938621
20251.054407594299846096
20308.838693273708486231
20339.115424978295777692
20374.004789803362655221
20423.425853679240390193
20465.914538543755043065
20497.680214385916769970
20532.094494918615964707
20538.550698901646683225
20540.855781679572828580
20584.580622260960808489
20677.017527682008221745
20765.726253425633331062
20824.379042641150590498
20837.785821481062157545
20802.562709967580303783
20787.593891897962748772
20822.297382617754919920
20933.758058287232415751
21099.613854983992496273
21247.409917960070742993
21329.790904972782300320
21358.697159771549195284
21374.980929643716081046
21444.037171757761825575
21555.032348390112019842
21690.080466336381505243
21846.467524018720723689
22037.039821426846174290
22231.784258493065863149
22415.075236834960378474
22590.033815026476077037
22800.417433493046701187
23010.667444891838385956
23229.167335516267485218
23370.727112283617316280
23366.876119705993914977
23407.086080104538268643
23387.885439950816362398
23100.217010949567338685
23350.916719382494193269
23477.436098740916349925
23311.120084063295507804
23109.511555932051123818
23390.609433420373534318
23367.187496463426214177
23351.356355915992025984
23476.362779153525480069
23230.608891153249714989
23360.170274233507370809
23397.926511722915165592
23383.569155498997133691
23373.797272226158384001
23340.664476358113461174
23353.247124783087201649
23502.905337667179992422
23724.072056066561344778
23898.972090663963172119
24072.195836747123394161
24187.235801433438609820
24268.446296143916697474
1594.881127121456756868
