2180.448365512240798125
1957.982372672393466928
1653.174943844956260364
1279.269933331258016551
1409.938331491557164554
1621.393604940871910003
1772.763673692022166506
1923.673299611072025073
2134.902285543163998227
2378.406410707302711671
3200.103359061062292312
4068.228204015937990334
4986.058765695486727054
5913.847095339478983078
6846.714051799458502501
7797.125229904777370393
8763.268634912976267515
9757.276130773567274446
10772.165385389740549726
11782.833932442144941888
12779.250113757840153994
13033.048572637899269466
13271.679260320710454835
13485.835636076719310950
13681.669117400862887735
13863.853785163955762982
14024.898590539611177519
14185.966544594342849450
14366.265141337777095032
14536.291754462879907805
14682.600135204527759925
14793.066253968994715251
14864.359928148669496295
14901.709035670584853506
14882.640651158319087699
14834.991922603292550775
14790.944217493333781022
14742.200644370841473574
14678.009631859278670163
14594.161675334804385784
14494.803619849491951754
14397.280490161418128991
14304.156956146922311746
13842.979350090714433463
13379.342910211560592870
12907.094336768192079035
12422.750629621237749234
11904.951252413979091216
11350.384744968532686471
10759.866588337063149083
10113.794806519734265748
9494.121653067417355487
8948.480055640502541792
8483.454346931403051713
8099.722452407622768078
7795.520052042961651750
7566.711016532146459213
7407.290723452267229732
7310.157185017473238986
7267.778764661322384200
7257.156449587784663890
7287.735517622337283683
7355.462490909870211908
7459.331180153707464342
7601.120623684103520645
7783.779845834293155349
8007.250891413778845163
8246.210857683512585936
8417.911670300913101528
8527.525228321965187206
8630.442876385128329275
8740.577128653507315903
8855.502579268561021308
8969.500599673037868342
9098.154854590195100172
9254.868593387291184627
9437.822832983234548010
9670.398530468448370812
9870.449555075862008380
10003.525137884622381534
10047.628971026791987242
9974.899841141614160733
9921.299221622726690839
9879.325324133958929451
9819.888466370503010694
9736.585625909818190848
9605.357408161460625706
9471.070892033985728631
9362.736019592819502577
9291.433857115858700126
9203.013335777286556549
9132.829152236279696808
9076.639019226358868764
9041.562167535948901786
9026.633190898777684197
9023.021227065273706103
9038.860312307859203429
9061.170087667896950734
9068.172372194238050724
9052.836766621054266579
9031.614313542700983817
9010.671606962632722571
8992.779343211726882146
8974.646918666716373991
8926.161477640062003047
8836.015777727185195545
8694.906582948111463338
8519.319459526765058399
8347.493996304423490074
8206.694499509478191612
8099.090063157043005049
8014.186743741316604428
7930.250698102583555738
7590.234639720682935149
7267.757485739644835121
6965.050043016281051678
6676.957035330185135535
6414.048546980059654743
6179.306601878424771712
5966.626926731574712903
5752.932421425613028987
5546.695489624625224678
5338.931409081174933817
5158.336672703374460980
5026.856212128369406855
4863.689234319346724078
4703.788806322783784708
4616.406066511746757897
4296.056212816422885226
4040.884998905310112605
3829.448037012315580796
3565.069852116711899725
3090.340378805959971942
2661.014474028730546706
2300.930311276471456949
1832.451724085767409633
1486.651948629839353089
879.653524121732630192
455.434536733495065164
172.344595825557973967
42.983747001868714221
0.000769160303547941
0.330204160616906717
0.431244785420204224
0.219074456327844919
0.033175403010750067
0.868821576081398206
27.892220459568225266
55.394552996428785718
3689.615330243573680491
3965.006131991010533966
4250.036541766728078073
4530.441772321518328681
4253.975063237731774279
3813.836287226389231364
3639.869636926797738852
3615.260082305132527836
3580.283344217050398584
3580.560986089282778266
3687.572839996209950186
3793.018257945753248350
3898.477962094186295872
4101.579103205574938329
4402.953672184758033836
4752.563001453474498703
5130.974642470232538471
5482.670009344594291179
5800.101627383301092777
6123.439765406132210046
6460.329905948491614254
6753.518224903134978376
7041.057709955542122771
7339.995280280905717518
7633.026283149523806060
7909.481741932630939118
8190.394451461994322017
8426.344892198843808728
8571.551643250422785059
8698.242178583321219776
8836.800254348332600784
9012.614489514751767274
9228.540943962472738349
9466.499957136744342279
9777.900047509143405478
10092.165953507255835575
10330.766770252570495359
10518.079394264212169219
10687.606901697499779402
10859.548781380126456497
11035.694879103562925593
11186.651696369566707290
11320.021781714902317617
11432.006762232414985192
11571.236607330405604444
11766.951062785748945316
12040.981228677286708262
12457.721649778908613371
13034.963053719835443189
13777.878788110265304567
14739.519827326097583864
15720.220598986543336650
16603.412748225382529199
17372.248568058919772739
18022.229916889667947544
18551.664461943179048831
18961.318131448326312238
19254.151001180620369269
19434.848391188730602153
19509.205948012546286918
19483.467433347272162791
19567.002545897103118477
19561.761267311019764747
19472.437587864627857925
19303.329188427258486627
19059.299426560999563662
18752.514476042222668184
18454.722748471853265073
18375.085114203975535929
18500.942090560834913049
18690.630924566325120395
18899.703350310810492374
19119.390238959076668834
19345.533831931854365394
19519.582379794424923602
19588.475216417122283019
19538.738207168815279147
19298.676267920738609973
19062.570923696806858061
18913.914325113113591215
18912.185801485695265001
19136.219760764401144115
19263.018094357179506915
19323.418000944544473896
19401.335994541463151108
19524.822612461899552727
19625.465049008318601409
19745.487893710371281486
19825.439095562527654693
19848.422087479604670079
19887.713318000842264155
19927.794055613794625970
19978.755929799390287371
20018.962565377863938920
20044.327887220952106873
20069.064003228686488001
20065.213853224508056883
20056.759991307470045285
20088.758035712959099328
20168.751344270571280504
20245.212009561946615577
20291.406592110437486554
20289.680762182888429379
20239.837293904867692618
20212.287709394258854445
20237.298014597716246499
20346.973297933131107129
20515.613623626271873945
20667.257050573545711813
20753.529133056148566538
20786.191593586823728401
20805.118874291347310646
20874.232741939966217615
21016.555405420960596530
21180.643484972290025325
21363.786050772599992342
21577.896803199033456622
21792.086101968794537243
21990.490965914792468539
22176.874502998853131430
22395.353633743921818677
22611.854990885029110359
22835.674858829253935255
22983.302994138761278009
22987.210598752299119951
23031.560623431694693863
23013.806788587440678384
22745.852524425139563391
22962.958651240347535349
23065.542402679522638209
22940.831173248778213747
22816.122998953607748263
23074.392768690198863624
23088.690504974314535502
22977.553265899518009974
23055.970838364275550703
22810.070597346588328946
22922.637963025132194161
22947.079431971513258759
22997.408363928941980703
23126.442792731453664601
23216.702741587207128759
23304.086914784642431187
23497.528663776731264079
23761.622742747214942938
24021.062825704870192567
24246.807593735687987646
24429.988858072483708384
24577.384848521764070028
1690.099811508737730037
