3964.063817762802500511
3719.107783821783868916
3057.657151274798252416
1959.988563864552816085
2137.781106954310416768
2098.897199626755082136
1965.376034189132724350
1850.067632774776939186
1821.466519571930120946
1897.596845942568734245
1709.360083165578544140
1665.224222006854233769
1790.923950075392667713
2093.648955231303716573
2570.182339789220804960
3207.418533741281407856
3982.083293985655473080
4868.640229151299536170
5832.569978770496163634
6833.869187892005356844
7839.140225496233142621
8825.097554316489549819
9772.768593527642224217
10669.505188100178202149
11510.654413520891466760
12294.101987334364821436
13016.484208933648915263
13680.910490394679072779
14288.513873853744371445
14829.056119382432370912
15294.258903661499061855
15676.520828876742598368
15971.229965396882107598
16177.645225900776495109
16289.748194597750625690
16309.618160613023064798
16241.046346049613930518
16082.223324223006784450
15831.352178116012510145
15492.951431220655649668
15076.383538442672943347
14595.064963389067997923
14060.091092909262442845
12624.338639880163100315
11156.790883656312871608
9674.318222009620512836
8204.735757034652124275
6785.048244747126773291
5454.590439935683207295
4253.616171092422518996
3226.242737505755485472
2422.393718538755365444
1882.604749547379469732
1607.207204616379613071
1646.411603444938464236
2025.818944913912218908
2810.039257617254861543
3996.013760941384134640
5566.343001979185828532
7483.195123101012541156
9677.500025264502255595
8598.306151887087253272
7721.978897954700187256
7051.069400917091115844
6585.239284567173854157
6323.065661191155413690
6250.726105031733823125
6345.635692916427615273
6577.212243260384639143
6911.654117812331605819
7313.562306081465976604
7748.065455859064968536
8182.973401825475775695
8589.749752890886156820
8949.543659436943926266
9246.684309121139449417
9461.421428750223640236
9570.444198582215904025
9551.688582477745512733
9388.708894302792032249
9084.691285612771025626
8667.010870952719415072
8157.552175581157825945
7544.605766029271762818
6820.819696547904641193
5981.731046782306293608
6804.703521629033275531
7555.517887306807097048
8269.082141957467683824
8967.239734874388886965
8985.222008502831158694
9002.322120509481464978
9021.820079513448945363
9047.335968097359000240
9078.786022672877152218
9113.300883941150459577
9151.930868168719825917
9189.870725999595379108
9219.327891794559036498
9235.161846748778771143
9237.060915053827557131
9221.361976275156848715
9183.422103904589675949
9118.743172510276053799
9017.887929601465657470
8879.122291356416099006
8706.586321606975616305
8514.365054823707396281
8324.015938640288368333
8154.694323210785114497
8018.146693958597097662
7920.828337339521567628
7863.623210362184181577
7466.676845689622496138
7120.671939126922552532
6827.148036830518321949
6582.874042523650132352
6385.278089201275179221
6227.147278519616520498
6097.240586920968780760
5979.841185600930657529
5866.115429080226022052
5744.104890454068481631
5611.613064483262860449
5463.824657642526290147
5268.002211839176197827
5019.057493829169288801
4717.628960642356105382
4276.034372215392068028
3751.185661113698643021
3111.579587873264244990
2309.047144490592472721
1273.586991179933420426
49.379784453837977765
263.288797410715233127
280.302076600472844348
220.340114896458857174
74.027945145323826637
7.238567377991662610
0.384546081341356372
0.045169394183100682
0.702560343978243740
0.543618859456866721
0.319145383735625565
0.158785903802948436
0.240252831184720933
0.036104324545391517
31.308065535170502613
359.770678075829607678
6351.348172949637046258
5921.460740566655658768
5446.116278892413902213
4944.232566572081850609
4591.536697826366435038
4233.568709979504092189
4109.277508349369782081
4116.551605318702968361
4118.596813909582124325
4156.732343287062576564
4243.581784445840639819
4343.163829296559924842
4458.362092223686886427
4675.805369651301589329
5001.323007048460567603
5393.552550401554981363
5829.725512097584214644
6247.928059138209391676
6637.118185458009065769
7037.147850692806059669
7453.204206856403288839
7851.648809337001694075
8235.889340082085254835
8620.457126932475148351
8994.846121803699134034
9356.139741528029844631
9726.005824032645250554
10053.819830720191021101
10296.290220856468295096
10513.906732242292491719
10736.034270242607817636
10982.634400899525644490
11247.811831917442759732
11495.555147252200185903
11757.638409469211183023
11997.471546612076053862
12176.746075978198859957
12329.717032934040616965
12506.983636057666444685
12715.151938021621390362
12933.774372366602619877
13122.609919374393939506
13287.684203800627074088
13359.518053738593152957
13453.769890047155058710
13594.386050557592170662
13766.458352924879363854
13932.098111703360700631
14089.812211822456447408
14262.874626550177708850
14443.052504249095363775
14563.264160180733597372
14641.859091223166615237
15052.424124852044769796
15501.636355163023836212
16025.096348768147436203
16295.963194074585771887
16584.121076446408551419
16935.187923976136517012
17242.122541563450795365
17527.004938160967867589
17472.346251788603694877
17597.091452958229638170
17927.320814561280712951
18399.909194169988040812
18873.055838764317741152
19276.258688382637046743
19582.025937127975339536
19808.137199310382129624
19978.304675327370205196
20119.246170191083365353
20252.722825907418155111
20387.654421124818327371
20524.179943965555139584
20601.519919670547096757
20567.471692578565125586
20443.425995462737773778
20311.933709923698188504
20275.589218483361037215
20431.922883963470667368
20746.077461895500164246
20987.335516631697828416
20978.677692205539642600
20852.147886357342940755
20684.509677326448581880
20542.827016099708998809
20671.887190850826300448
20824.708772477733873529
20934.087291885720333084
20984.186707472701527877
20992.185871550140291220
21003.792699714998889249
21030.159286770802282263
21048.523120584737625904
21054.843204970737133408
21063.857980578544811578
21043.920648956420336617
21020.512852598967583617
21042.022008058040228207
21116.531454197363927960
21189.020337953632406425
21231.687179501343052834
21227.585889536050672177
21170.902174599599675275
21134.942655286151421024
21157.198400127861532383
21267.317055388775770552
21438.426261028482258553
21592.068837788330711192
21677.849254312000994105
21708.996454968269972596
21728.670833193515136372
21805.616507284797989996
21939.395372246803162852
22100.726549564809829462
22286.929241955585894175
22510.048191960326221306
22736.140269690575223649
22947.948668742887093686
23149.245485873896541307
23381.742977840338426176
23614.862649887694715289
23857.310819735936092911
24019.248521194200293394
24032.305170268246001797
24098.907024122992879711
24115.817554389363067457
23894.969726058243395528
24127.501283279030758422
24234.784816935145499883
24083.853030150836275425
23884.482471005205297843
24064.731760289385420037
23949.156740949270897545
23925.434752727480372414
24085.226152611881843768
23880.832899324970640009
24064.827369580096274149
24144.381491514090157580
24119.524492445725627476
24075.975676985766767757
24043.500722747048712336
24068.472857757697056513
24203.325301845510693965
24372.644226456475735176
24442.925384513200697256
24446.100861723789421376
24392.568821900811599335
24392.349464428505598335
0.000000000000000000
