8.726738436398179033
13.331398267849451145
19.321066617803126064
25.795788649257609393
32.135092701663673154
37.934711452869109394
41.847407118847186780
44.055795272618688330
45.662054545022300545
46.677646401654193653
46.878935991631287550
46.741878911886672654
46.287058345649093383
45.038061524887687881
42.809257299477287972
39.795937611557768321
36.448941732723206144
33.585665577119769409
31.315678343546437645
29.097240422767626455
26.826094096600286321
24.885896892269201430
23.220226064407512467
21.644973209064886532
20.289955902649424502
19.213588725115144484
18.226922013544211154
17.669790104512500761
17.664938434442589710
18.127881872657368945
18.580890885819854930
18.847775213522027116
19.090876788687623389
19.544577578924062777
19.891917143501771648
20.194753449665540757
20.907336584125786771
22.025533273677737611
22.876305535100954103
23.345096676741292185
23.709744522438882086
24.473667256347795274
25.586933772113411578
26.890044207547106225
27.955531342122242222
28.513226088933919300
28.790687141002536009
29.261716176074202167
29.967730953356010559
30.676003259184511762
31.491066333746687178
32.990306128422048459
34.908094483324191515
37.160223918387629283
39.260340220935006528
40.794927895356721592
41.324282472151651291
40.797188572340104429
39.829587516151974569
39.309807475145788658
38.844556811303988297
37.395911114168171707
33.730424024105417402
27.799817467997030462
20.662553216155856717
13.798919073170083038
7.953466437175421788
3.330059938915468365
-0.244281312105186998
-3.055839714581054523
-5.405086651688776556
-7.526434375789733622
-9.521154988035192446
-11.300099152938827274
-12.522641147716029764
-12.970946838616896457
-12.894755371288283641
-12.981651105844520089
-14.052061845072358892
-16.554137223959685343
-19.919981515729233479
-22.796649990004482333
-24.346282200151676989
-24.861076838719327498
-24.937786633829091443
-25.081820124445982856
-25.504352570805679079
-26.024615840660032973
-26.345376415926807567
-26.404077665206557413
-26.392940244057172094
-26.384423643222646660
-26.378059624035586239
-26.308384856845407285
-26.140833728849997897
-25.875089433381788240
-25.498586815199359989
-25.143672403271125404
-25.001805550197616412
-25.077712468745403385
-25.150587483850131321
-25.004728763097375577
-24.542504999146103728
-23.862713386301720675
-23.294032598973956283
-23.138330144954920797
-23.501330925978663799
-24.177805454748238390
-24.767794822974394719
-24.996032289584945829
-24.891523103005795292
-24.727212879973308191
-24.846369862640699466
-25.401201483048794216
-26.283271999719431733
-27.390423419783587633
-28.647560385082840639
-29.932622652491374993
-31.157087276521963304
-32.310225176605229080
-33.408973384496107428
-34.411887797933843558
-35.170073693773190371
-35.451634726357724503
-35.240889802414585574
-34.791225494605839685
-34.185432173292667812
-33.451205630153083348
-32.673402327429585057
-31.894536736006386946
-31.152717071146355465
-30.515660572488570779
-29.957008683461992860
-29.340039536278652577
-28.579103595735944054
-27.664789355816424177
-26.597161013283596276
-25.392434099500462708
-24.097352480830863897
-22.793311694713565885
-21.573790088911323437
-20.497414677971335095
-19.567357153238731371
-18.735044231588801722
-17.906476957742540890
-16.969740610616781851
-15.894512037831077578
-14.768843333994425393
-13.739278280987321068
