14.206979102422678807
18.283906769382483049
23.733713385311560273
29.679966972230431566
35.520572261629936861
40.875932621150326440
44.417198229840764157
46.324931108228867060
47.685264791152476960
48.490602860327754797
48.505815957842798980
48.212578077854225000
47.640231920384636055
46.313884320052032706
44.044676075493022438
41.022858383085385015
37.694016592347971084
34.870666095744567770
32.658044783710295178
30.510728888987060259
28.321512285517698615
26.471860286424487185
24.903784150084320004
23.431958133254198628
22.185017012247328694
21.219997003352588649
20.346269982335741133
19.901682087997286885
20.006713258345101281
20.574368948846796457
21.124181068123604632
21.476986021957870321
21.791897942605686467
22.299787972642505451
22.679863844810881801
22.989778052777367634
23.679129123259528455
24.738594298990975062
25.489304774566278411
25.810127659871795913
25.971479954573425175
26.468414527265338165
27.241581257936019256
28.120898789373228510
28.667099236921700367
28.597090839947014729
28.124782875047856123
27.710474264578408565
27.383800981832450816
26.904540432132023398
26.377973910772027466
26.396274518717774527
26.730385068606040022
27.362628332526071517
27.906657086283985336
28.075069348836564131
27.561145511141717179
26.427056312402640970
25.356743298653412921
25.245196465175922640
25.644953792875156751
25.419365999760287878
23.215707640367412523
18.867998910809205881
13.333276654646113002
8.013474514425439565
3.599002353750421435
0.261709528576062667
-2.184979101880912822
-4.026858322365171716
-5.554108414528542426
-6.984787478005785033
-8.400729088731509364
-9.692495056110857377
-10.500000153975150852
-10.588160325329056377
-10.192923677117505576
-9.992601043076177803
-10.803430289475926429
-13.074165347846303575
-16.241028935729730165
-18.956728287052499127
-20.388553003635138339
-20.831904878415855364
-20.884176202976277636
-21.048830442931887319
-21.532789014755678636
-22.149287030013283584
-22.594244156984473193
-22.798356825949781523
-22.947853691632872142
-23.110209007010666937
-23.280924554477849142
-23.391262671021593178
-23.403920481253635444
-23.316221811133573283
-23.113552620401094373
-22.926539088742629247
-22.945305056731626792
-23.173642984291063840
-23.390130268873349451
-23.378587058968207657
-23.040863164495192450
-22.475131175035869546
-22.009446016240644894
-21.945274543705693304
-22.388356453185679129
-23.133908730417203969
-23.782645223181873462
-24.059869695506051812
-23.994790840490622941
-23.860139945632056424
-23.998732158808820714
-24.562383468060772884
-25.442615220059906278
-26.537766171948589999
-27.773854065442606043
-29.030539758505483405
-30.221599515292098204
-31.339189485300323668
-32.403749239764579215
-33.377884130134248153
-34.116962855106294228
-34.392936816011172141
-34.192824171597294480
-33.771048022307468273
-33.209723388719339709
-32.534664534738908515
-31.828540484945733624
-31.132146134107131275
-30.482705113172698930
-29.948590048425501209
-29.507354151439301404
-29.030201956367307048
-28.439145333106125690
-27.727194707812316210
-26.895293261256938422
-25.962737123395811523
-24.976861835975967097
-24.013770692820401109
-23.160910768954408923
-22.475663267922357136
-21.962884539786728055
-21.574739308350501688
-21.215226788362883781
-20.766942174935991261
-20.190193296896723041
-19.559277882995900200
-19.002826576695326821
