67.212844420432318771
72.207516894852403766
78.550470115350634615
85.344078978300586868
91.977626520199976312
98.026958448118236333
102.125899672545330077
104.405138842181514747
105.911082097436690219
106.648571512285471385
106.405460405971723503
105.644692287348149762
104.332779809402893534
101.860573096507422974
98.127215914766992455
93.471142778082423774
88.399783956846064825
83.757151482165880907
79.675821268610903303
75.637612136813046959
71.563227289071107862
67.862863362458995198
64.508551348791044688
61.348051297861275089
58.550859482559388880
56.232156027771793561
54.285524982490017010
53.133276591201223482
52.904665403045328276
53.427308691364089555
54.129271284914949547
54.775057523488399625
55.464897441690425239
56.343784670533878511
56.994162378674275260
57.394106035900790630
57.971593144998323055
58.744308470039257486
59.056704010739792921
58.787520055019854226
58.190135461906635328
57.732377326853423938
57.319823561219294561
56.736537435661006157
55.475501120974684000
53.143029023802938582
49.799921831666921435
45.851855734063860837
41.550437184728707507
37.019993030562204694
32.714755339948169421
29.549997739912839734
27.583842411549767348
26.912098955116249499
26.979169471055570284
27.208009307441727742
27.061643590497226342
26.470860676768722897
26.041129876925680264
26.594697493526695098
27.607218722016426682
27.871357070554552138
25.981420696392120817
21.741998257110793702
16.103264217140065284
10.476548293708702886
5.569449492096595122
1.571998950404292827
-1.685791332953670008
-4.473136781202981638
-7.060119610338063012
-9.638483110836773449
-12.257418200706041489
-14.771170689261367670
-16.783963957417057600
-18.029844030313796566
-18.721206915702282458
-19.520098360404801952
-21.231481680730865946
-24.294540357025084631
-28.135118730745972471
-31.394366073109182480
-33.228811259771333653
-33.927220124090268882
-34.087594249966656434
-34.222626414133031858
-34.555538376530165579
-34.919298652844304343
-35.030235185611161342
-34.839151324449289859
-34.551815620590616618
-34.255009714679488297
-33.964532374752877786
-33.634721621876281006
-33.255672651097370363
-32.856621842697506963
-32.457223837009451017
-32.220095356681838439
-32.359232550322360566
-32.889361573220753598
-33.585204879938316935
-34.213707499954523428
-34.651415842645064913
-34.968479110666805809
-35.467112578384217159
-36.427731151154262079
-37.939567355075325850
-39.783445543842105963
-41.544804054228279711
-42.930945192937940647
-43.950434370193192990
-44.854218118553035310
-45.963963127529780195
-47.412068734484194010
-49.072265525433977018
-50.825316583244841695
-52.577588483993679347
-54.184718012481539517
-55.531474552868019146
-56.580967027472695463
-57.337805645587877734
-57.774511374726330359
-57.783275141165518107
-57.196895385200207329
-56.081188124964228336
-54.768992204192784357
-53.386253538913251759
-51.950247982307303118
-50.575954503266586926
-49.464968188856857978
-48.774350726513546306
-48.496073028337150390
-48.445325115886703315
-48.357660477637466556
-47.969859436533283770
-47.097669938698970782
-45.748714617101768454
-44.121464245081369882
-42.461379177301523669
-40.934995076106076795
-39.580547760298941284
-38.316459584972392349
-37.009662184667604379
-35.576045650157482214
-34.022685884139264090
-32.392926855878727110
-30.755705438622953807
-29.209493864298053722
-27.854771812558794863
