2055.762642746472010913
1851.093262370649426884
1569.684487579559799997
1232.591289839853743615
1335.789213567478554978
1512.606000202401446586
1638.544228195337609577
1772.952376496718216004
1974.595404725284652159
2212.446240781231153960
2702.532798627507418132
3236.325611306681821588
3815.541272050043517083
4399.769774774487814284
4983.285332324425326078
5577.263222830853010237
6178.238375123922196508
6796.239513168197845516
7421.560203804122465954
8025.816592974068953481
8595.479178903839056147
9133.854197206468597869
9632.119283688112773234
10081.918482180311912089
10493.455742756734252907
10875.479768596562280436
11223.490594776234502206
11561.137735700369375991
11909.667132394532018225
12240.987546680056766490
12542.473250250237470027
12802.547207064382746466
13018.559138285378139699
13197.500834874363135896
13319.759788074759853771
13413.556453526867699111
13509.402339466128978529
13598.429852346354891779
13669.849036830073600868
13722.426355853214772651
13763.501579391058839974
13812.106035808888918837
13871.785941906113293953
12719.748686715238363831
11574.703328832212719135
10433.380581517445534701
9296.153430353488147375
8150.991263142193020030
7004.256847121170721948
5858.383815785459773906
4675.489748309252718173
3524.347375047888817789
2474.772095100785463728
1540.052151971905459504
720.815199921884300238
4.636375573165759434
0.000459524034250608
0.012364259784182152
0.511457232515223681
27.887199513137911566
52.654476923595268545
59.191292911470881677
40.405926830051676291
5.564212322699787272
11.688701409558868605
329.051297760357613242
709.379856262420958046
1100.361171432978835583
1454.840543460561775646
1830.049582657961991572
2258.080971919740477460
2734.771662903299329628
3245.003746544388832262
3770.430759631495220674
4313.690141284547280520
4875.896754147460342210
5442.047044645844835031
6024.930657722979958635
6568.052200491019902984
7021.936522440896624175
7348.831700529022782575
7547.289798969343792123
7771.091004335712568718
8006.524795967683530762
8228.969478550259736949
8428.803484959275010624
8584.990609913045773283
8739.808052771333677811
8922.783354287365000346
9144.433580087694281247
9060.389229411446649465
8995.300449822991140536
8944.842138325686391909
8915.998585916389856720
8907.651723778792074881
8910.885478685011548805
8933.842725344024074730
8963.440315168170855031
8977.790053022356005386
8969.774390214255618048
8955.761871054912262480
8941.814624851140251849
8930.576323035405948758
8919.609341401665005833
8878.998635624804592226
8795.624147040871321224
8660.663152369839735911
8491.088218130846144049
8325.147392810313249356
8190.096717717287901905
8088.071008268581863376
8008.529233141783151950
7929.697057070848131843
7593.401991804802491970
7274.253575747839022370
6974.388000325518987665
6688.575542232832958689
6427.337339333579620870
6193.610302601486182539
5981.246110821513866540
5767.128179342951625586
5559.728376982324334676
5350.093875577827020606
5166.936071024908414984
5032.147739851936421474
4864.612967180124542210
4699.015484199002457899
4605.914044541538714839
4274.952340480748716800
3968.834950254605701048
3711.769594955843786011
3405.587511350058321113
2882.380973988066671154
2410.993559652275507688
2045.588403065150714610
1572.117654486695528249
1229.870944686639404608
627.751828861516969482
223.934376523666969661
1.125621470189165585
0.000795200525379009
0.147980761413637141
1.028246933663202967
1.214729536582043856
0.047257204842803407
0.082287470244890887
0.589299817172693308
40.002286911183993823
71.819154711182648043
3768.261353274729572149
4055.858024301839577674
4354.652053869101109740
4635.626554874551402463
4312.825019424462880124
3869.236234091789810918
3694.129641359593733796
3668.957500020628685888
3633.687082812770768214
3633.895508279788828077
3728.172475449249304802
3820.673253780258619372
3912.982943766000971664
4102.782364191142733034
4390.700535212429713283
4726.669376732625096338
5091.198234750736446586
5428.704420931203458167
5731.638180109200220613
6040.244271805933749420
6362.331150619803338486
6670.527442663969850400
6975.141462560116451641
7293.418548961140913889
7603.959894193548279873
7893.992812616177616292
8185.626614606765542703
8430.903773882762834546
8584.872300625705975108
8720.143949437788251089
8867.312470769744322752
9051.660368488404856180
9275.283842904354969505
9516.877589954096038127
9822.487377883695444325
10123.005345469520761981
10347.187280813819597824
10524.632604954073030967
10693.118345466606115224
10869.680345600057989941
11052.042224710194204818
11209.790675807242223527
11350.380991130559777957
11435.769375115263756015
11549.129296355125916307
11720.443583870148358983
11971.362424897315577255
12353.176688789420950343
12868.931011478822256322
13526.485367927449260605
14427.548620687530274154
15407.145824477363930782
16297.917776556469107163
17073.099781567678292049
17730.436732410395052284
18271.097823498454090441
18698.472641719745297451
19017.747633159688120941
19235.339737014906859258
19358.244619681630865671
19393.387275464549020398
19370.183246194676030427
19270.990987129218410701
19100.912953525054035708
18864.278055460315954406
18567.974298651010030881
18244.261826819023553981
18040.324451980442972854
18097.417465807520784438
18278.003326374309835956
18489.855689875770622166
18715.178980978114850586
18950.909146607529692119
19193.557888300900231116
19384.363114750329259550
19470.553437404225405771
19447.547973224649467738
19255.955734831506561022
19024.033265559559367830
18878.523195437755930470
18928.889497092321107630
19200.953454226051690057
19338.444417729977431009
19395.925508498399722157
19452.609143860026961192
19549.295599690882227151
19662.797640900291298749
19795.347261037495627534
19887.200084792861161986
19922.074172454282233957
19961.667772267795953667
20002.070824541806359775
20053.412689897257223492
20094.115972418014280265
20120.155216959054087056
20145.650549795933329733
20142.363190854681306519
20134.316945260165084619
20166.656089696953131352
20246.966715828948508715
20323.760024271319707623
20370.418623987454338931
20369.501868569765065331
20318.665203822518378729
20287.844366485100181308
20311.832254815653868718
20421.623358972527057631
20590.376601702369953273
20742.126422822580934735
20828.482499087484029587
20861.211806738647283055
20880.204172996993293054
20949.379000904438726138
21091.710582872437953483
21255.802726811070897384
21438.954321944460389204
21653.068045918447751319
21867.222178738662478281
22065.562564115283748833
22251.906732131792523433
22470.451672010538459290
22687.134419073168828618
22911.199989165783335920
23059.149218471073254477
23063.638636069154017605
23109.656010053076897748
23095.391372209178371122
22829.596019927623274270
23059.574373551804455929
23169.160857018967362819
23036.986371183975279564
22893.821603830230742460
23148.437863290757377399
23142.202017528954456793
23027.713072059930709656
23107.130654406311805360
22853.676161596049496438
22967.742734423984074965
22993.421481923352985177
23030.063459057604632108
23141.787439108491525985
23211.602206011208181735
23287.501895444929687073
23477.823651589813380269
23751.480788976452458883
24038.016265689984720666
24300.345255323496530764
24517.182538361419574358
24692.587934954786760500
1605.516332775613818740
