2477.242858965953473671
2243.912312619412205095
1873.248748765561913388
1385.457566856456878668
1337.252609556266179425
1282.588865141033011241
1282.190449680213305328
1382.962863375044889835
1605.102063494036883640
1945.911684397203316621
2115.967811446793803043
2407.731639655966318969
2824.082531525586546195
3356.950207845890872704
3992.335794345044632792
4711.667617658175913675
5492.498808625048695831
6313.090319284957331547
7150.284472905712391366
7980.870108908834481554
8786.317132922211385448
9553.806839244653019705
10273.377886893629693077
10938.819938221271513612
11548.529961590034872643
12102.910512156793629401
12602.397155774862767430
13050.515849440913370927
13449.941147121407993836
13798.172978835760659422
14093.200902044578469940
14333.026337146107834997
14516.782281907588185277
14645.182915523913834477
14717.035130498037688085
14735.806500702830817318
14706.387180950876427232
14631.631166163679154124
14515.265346216201578500
14364.161318877426310792
14187.309130858377102413
13995.547249493123672437
13798.634835672683038865
12218.242130247155728284
10654.488599401067403960
9123.197788141793353134
7644.909717498017926118
6243.583522527846071171
4943.021938411015071324
3764.621875916661792871
2727.295126975116545509
1848.635383697152747118
1138.633593259443159695
586.798116994307406458
208.534289842239388690
4.007828020067099928
7.325710519415734367
162.267347238543635513
436.737603621080154426
829.614212606491037150
1307.999619956720835035
1118.935975598575623735
963.985061289839563869
858.689331858949003617
823.795527810412750114
880.996742254109108217
1041.689760962896571073
1310.204852904905692412
1682.290814520815956712
2146.153868910608707665
2683.839751054822045262
3273.152145592487158865
3889.696146785905057186
4508.578714470317208907
5108.536273684394473094
5671.073611203210020903
6179.520121636159274203
6621.614683416310072062
6990.888467901920193981
7276.246838511525311333
7477.001550212977235788
7616.177152837382891448
7714.510697112749767257
7776.396979375848786731
7806.787468785569217289
7810.116156731073715491
8142.924674104242512840
8464.928501142449022154
8786.851008848427227349
9115.289335804463917157
9071.453367416574110393
9037.748507696636806941
9014.508953012191341259
9001.963510573074017884
8998.591376309399493039
9001.592283953272271901
9009.870640849434494157
9019.893919792360975407
9026.874084288290760014
9027.148775144518367597
9019.135871020027479972
8999.853805384276711266
8966.039742337969073560
8914.730693591656745411
8841.135422621553516365
8744.380554167189984582
8626.910572873648561654
8495.934220565148280002
8361.973593371623792336
8234.350933473775512539
8118.962270798630925128
8019.267348777647384850
7936.268226661708467873
7632.838354831968899816
7351.408173860760143725
7092.660790102586361172
6855.269504418628457643
6638.226312806656096654
6438.496713926675511175
6251.202091289891541237
6069.354967202481020649
5888.749970319944623043
5703.653343751604552381
5512.391701495647794218
5311.962851278502057539
5087.067523855875151639
4834.354720006336719962
4553.135982243972648575
4205.017184359804559790
3685.868653365344471240
3111.945187138182973285
2464.274732630537982914
1716.793842823540217069
894.997636029149020942
752.605545834681493034
544.298977336474536060
325.714505226754511114
103.193057038432996819
0.430859652699870033
0.013360928236099341
0.004697007158295244
0.488829934301854396
0.575819057793084732
0.397293242126529222
0.677607988209030454
0.285512258320860357
1.662133321388178375
130.444185660381208436
385.719460397964951426
5037.747923042594266008
5794.634690712077826902
6093.960087714755900379
5750.570682120394849335
5355.814141565384488786
4964.885451689095134498
4816.437736195252909965
4800.614070499575973372
4774.904338669087337621
4779.007739263593975920
4848.666944350909943751
4921.304462999357383524
4997.910647723163492628
5164.029324099874429521
5424.861059088808360684
5739.488349668934461079
6086.596758739103279368
6405.832054843150217494
6688.621130731007724535
6978.116983142003846297
7282.455047797866427572
7570.818571167064874317
7850.260869267179259623
8136.825403433926112484
8416.469886546145062312
8682.122983976047180477
8954.236912213485993561
9183.493199585918773664
9328.783065142421037308
9453.679092413321995991
9590.886264681901593576
9763.357967997335435939
9968.137804211310140090
10175.140264825808117166
10420.193146948171488475
10654.542661066740038223
10827.221190037176711485
10969.350199998594689532
11125.787914098364126403
11301.787485332637515967
11483.587055178659284138
11636.791921575029846281
11769.951366866700482205
11839.053803938679266139
11935.917136766256589908
12087.242354482097653090
12283.681199912554802722
12490.934662325258614146
12701.087932762045966228
12933.828000754156164476
13198.293756573844802915
13475.833833706081350101
13902.628589603287764476
15020.965896776349836728
16438.199754630448296666
17765.229163047868496506
18527.242319021912408061
19044.605161361261707498
19264.421778340809396468
18914.093715606442856370
18459.044978606933000265
17646.590121863671811298
17457.555494502805231605
17549.137763906735926867
17738.145655516320402967
17927.503836774700175738
18150.639018750109244138
18384.921203506153688068
18606.841584572284773458
18811.880486956812092103
19013.501118869560741587
19225.797072710087377345
19451.810762653727579163
19687.107343245796073461
19866.404985928653331939
19929.754053650820424082
19877.242439087993261637
19727.246082612309692195
19495.507080296792992158
19449.477773637412610697
19744.610290319531486603
20063.911481440019997535
20159.396955607764539309
20139.038193243442947278
20070.851584891686798073
20029.667315947684983257
20110.236399876837822376
20231.857406294533575419
20317.956714422034565359
20346.106024023571080761
20379.159643754195712972
20413.598064206969866063
20459.966502876752201701
20494.792767237897351151
20514.050341153029876295
20533.657166798602702329
20522.895609311657608487
20507.852219695185340242
20537.242511122443829663
20619.102410096551466268
20697.853573540047364077
20745.187719228109926917
20743.497459113234071992
20687.144482195253658574
20652.944012968291644938
20681.666221547766326694
20801.802259175907238387
20983.956111839514051098
21147.720525695935066324
21241.459592797567893285
21277.792847730695939390
21299.632075107234413736
21375.913281440509308595
21532.615447322768886806
21713.372399417068663752
21915.377185822584579000
22150.874462867323018145
22385.973955135694268392
22603.794794948782509891
22808.767429604544304311
23043.623534458063659258
23278.163861782202729955
23521.714461646337440470
23684.239946500387304695
23697.675184381489088992
23767.664109869714593515
23792.250623548821749864
23584.432084075750026386
23842.873433754633879289
23979.197310577619646210
23868.497891410075681051
23724.812460684242978459
23979.470250820817454951
23946.739004837301763473
23874.772304137150058523
23978.984673877232125960
23712.201584691330936039
23843.726486190891591832
23891.544778422841773136
23868.883229740877141012
23844.978502516551088775
23827.840164227414788911
23862.767151441821624758
24015.491288430017448263
24232.805650643163971836
24409.858126759005244821
24584.000298683640721720
24718.306576921178930206
24833.004034628916997463
0.000000000000000000
