1164.380343873137690025
1105.770787476781833902
1010.181857599575550921
987.488442177505589825
982.863958009166822194
1045.331651477893046831
1199.984865668318207099
1437.892114856404305101
1726.206546105957158943
2449.329492442164792010
3160.826927215111936675
3851.125316528580242448
4317.525638585244450951
4757.981637673786281084
5170.404540166457081796
5552.451550072035388439
5901.912476670783689769
6216.877404671868134756
6495.854545836654324376
6738.245531013551953947
6945.257775857211527182
7121.034470875823899405
7273.754825681562579121
7416.409451868279575137
7566.603356137144146487
7744.816739924390276428
7971.169584687688256963
8261.410946821741163149
8623.603914624269236811
9056.720361563191545429
9551.473454558645244106
10092.708050008426653221
10662.455599903227266623
11242.732418747535120929
11817.545923736715849373
12374.027068470924859866
12902.815952097822446376
13397.866640075235409313
13855.974184352018710342
14276.262960774934981600
14659.676504198609109153
14454.351647981457062997
14216.538236797970967018
13949.637290637381738634
13658.544122743420302868
13349.844053396282106405
13031.948315998026373563
12715.026483844438189408
12410.661427067070690100
12131.176397515515418490
11888.571271791910476168
11693.144261033250586479
11552.077397918466886040
11468.121855363837312325
11438.887422961721313186
11456.925735837681713747
11510.776133429622859694
11586.649582743761129677
11670.249355518550146371
11748.275157691607091692
11809.437319532939000055
11845.197718214198175701
11850.366197850578828366
11823.460406324700670666
11766.518265540362335742
11684.378508787345708697
11583.690267954689261387
11471.999264221241901396
11356.932441754075625795
11245.456076998741991702
11143.190230973443249241
11053.817121458920155419
10978.662728262199379969
10916.555493589630714268
10864.042926896792778280
10816.005687201177352108
10766.537398543678136775
10709.961369280859798891
10641.849402634148646030
10559.780448018706010771
10463.535752387797401752
10354.593544466715684393
10235.254855850495005143
10107.965047724001124152
10000.508386368073843187
9889.584296744658786338
9777.482034167687743320
9666.754452841652891948
9560.085475235506237368
9459.876183892160042888
9367.730801354557115701
9284.068901450393241248
9208.132115541231542011
9138.386972538644840824
9073.162586821272270754
9011.216960916382959113
8951.965740933212146047
8895.243043309485074133
8840.670186102124716854
8786.893378420631051995
8731.092865031465407810
8669.099134778289226233
8596.173523358360398561
8508.272521059210703243
8403.428234811392030679
8153.515320949205488432
7892.312621216729894513
7627.329956850820963155
7367.567103243909514276
7121.443078942920692498
6895.002570760894741397
6690.929901480216358323
6508.614235003393332590
6345.062886691116545990
6196.127631412912705855
6057.466412767082147184
5925.012445887901776587
5795.202781074841368536
5665.240852096487287781
5533.501461694763747801
5399.945571972177276621
5266.248119994009357470
5135.372894652286049677
5010.595674018090903701
4894.314225356167298742
4787.066257073863198457
4686.845474881502923381
4589.097970991403599328
4487.115782308811503754
4526.748510115397039044
4545.398257543159161287
4514.125788787362580479
4423.640640879793863860
4270.580518746525740426
4059.083267091842117225
3801.503928906204691884
3517.754047605555570044
3232.903620002572097292
2972.692853228239528107
2757.717122906381973735
2598.714934435561190185
2495.484779897010412242
2439.887044297318880126
2420.709850045068378677
2427.452563854957134026
2451.574777968861326372
2485.804223024223574612
2523.283801431554820738
2558.008876727405549900
2258.286131568198015884
2349.889593167891689518
2437.981526775389738759
2522.467313572081366146
2604.069502659324825800
2684.556419149074827146
2766.904204813581600320
2855.353339363749000768
2955.335289397174619808
3073.265629379397068988
3216.220132859798013669
3391.523762883129620604
3606.286167589708384185
3866.912076230239108554
4178.604191673997775069
4544.864216098007091205
4966.988127488604732207
5443.547694657061583712
5969.854119323193117452
6537.414689029894361738
7133.423808050702973560
7740.380648018662213872
8335.998821554596361239
8893.659054502350045368
9383.717701701199985109
9775.946958937851377414
10043.148688194296482834
10165.510610920404360513
10134.704961270052081090
9956.433675707025031443
9650.457413571928555029
9248.054665397950884653
8787.800755501863022801
8310.965478625908872345
7857.591548832730040886
7463.755182704258913873
7160.001756799050781410
6970.668582002837865730
6913.735457686347217532
7000.889841197315035970
7237.577443601252525696
7622.889155804099573288
8149.200007471033131878
8801.532322496514098020
9556.680178264623464202
10382.229199842637171969
11235.761663685689200065
12064.768452830483511207
12808.062201138231102959
13399.640417949103721185
13775.641665940582242911
16076.038640571352516417
18007.872728167425520951
19481.892847233837528620
20449.737693694507470354
20928.279374486741289729
21002.105438250353472540
20801.445631467500788858
20470.586486941603652667
20143.085981570326111978
19929.351874285013764165
19913.761139025351440068
20156.360848562104365556
20695.228689775849488797
20071.610246052168804454
19706.611764809993474046
19540.136015807882358786
19508.186132229155191453
19545.929506740296346834
19592.538482281477627112
19597.488067580183269456
19526.940427964113041526
19368.102965633624990005
19129.661595212925021769
18837.774569041059294250
18528.947770117421896430
18242.191460180441936245
18012.585747807657753583
17867.247171877843356924
17823.602620694764482323
17889.339543173577112611
18063.355235863200505264
18337.189602957147144480
18696.578331200027605519
19122.846669067905168049
19593.946853064317110693
19882.664242270329850726
20165.260236082027404336
20416.044164784212625818
20612.442296893608727260
20738.162790925038279966
20785.598409439444367308
20756.101632381523813820
20657.865040627802954987
20502.599518583341705380
20302.836831626485945890
20071.073783146261121146
19820.701607996747043217
19567.599189077431219630
19330.963613216339581413
19132.449054907268873649
18993.575971957736328477
18932.082036593215889297
18958.095179671978257829
19070.840938506687962217
19256.405030867816094542
19487.103308212492265739
19723.198500323280313751
19917.639489137272903463
20023.648007476262137061
20003.318075250823312672
20828.574338673359306995
21482.901480920801986940
21962.746338715896854410
22281.900496389385807561
22465.918049272429925622
22545.206303025326633360
22549.019143654895742657
22501.092275827591947746
22417.065672705495671835
22303.923466734569956316
22161.703450387194607174
21987.336605837932438590
21779.767885610159282805
21544.875473677322588628
21298.634516618734778604
21067.650460208551521646
20887.237792811876715859
20797.998454735901759705
20842.007702515646087704
21059.350065198377706110
21476.487166619986965088
22119.468412756988982437
23003.200449123145517660
23044.477433190026204102
23273.567167256132961484
23621.462845898207888240
24004.829781284446653444
24334.621061839672620408
24530.426655958162882598
24536.041820722479315009
24328.147461552529421169
23913.460172418108413694
24348.808159471765975468
24624.361822842416586354
24771.288267297837592196
24823.938818906768574379
24815.039828572669648565
24772.426799582277453737
2726.771624734651595645
