3556.474914859459204308
3012.133085866460532998
2289.531403403522290319
1404.459968490420806120
1053.208350364761372475
750.007398614513817847
599.461357377939862090
678.713141813173365335
1003.156076147635644702
1539.796631918040020537
1171.898249321136290746
995.293748473567461588
1017.199404876039920964
1227.633565947237912042
1606.498816041220379702
2127.819581010143792810
2762.377269266386520030
3484.324701582497709751
4261.495044771080756618
5057.416706884687300771
5842.724294242406358535
6598.794337073371025326
7313.105790344216075027
7981.598019916231351090
8608.263218439537013182
9201.673739283927716315
9770.674995047043921659
10328.406470100166188786
10882.104073722415705561
11423.657475316829732037
11943.615941234293131856
12430.939328349364586757
12876.804399331260356121
13278.361745347368923831
13625.120208715503395069
13890.682600439538873616
14068.849954199904459529
14169.422523410954454448
14231.399170506794689572
14275.572744421477182186
14288.412861831269765389
14277.136586008775338996
14250.672896506028337171
13736.081251147483271779
13223.088160201250502723
12720.871586716612000600
12241.968562828193171299
11799.913753595705202315
11404.782200498184465687
11061.774561495838497649
10772.249465325539858895
10522.667810581951925997
10241.104133607694166130
9994.257224853967272793
9820.071928335426491685
9706.440287937697576126
9636.493079589039552957
9592.558369703025164199
9558.390185429254415794
9520.399360045463254210
9468.504405546287671314
9397.075124437355043483
9305.009229465385942603
9196.141541777717065997
9086.207074404626837349
8989.549742192690246156
8913.115290014611673541
8840.116746019119091216
8774.213230580960953375
8738.347738844417108339
8736.409044974947391893
8763.074734271755005466
8809.057073236086580437
8862.667203973514915560
8916.483660805506588076
8963.803206453885650262
9031.667219717317493632
9071.652264247346465709
9029.774843991333909798
8906.882472152517948416
8713.011852865278342506
8465.620537223720020847
8214.435486077998575638
7962.422315327801698004
7715.166110269205091754
7486.857859849593296531
7776.831724013716666377
8132.805836712446762249
8539.011585193362407153
8996.975032955195274553
8886.584047883174207527
8821.749204617417490226
8798.832251602794713108
8814.166400841219001450
8860.655594058112910716
8928.956512427326742909
9014.269840085049509071
9106.855931783880805597
9194.791603584550102823
9269.500598390453887987
9328.043986160051645129
9365.116183607546190615
9375.792871394061876344
9357.700743870687801973
9290.245590067292141612
9170.321875292027471005
9010.750098549217000254
8819.671871353733877186
8615.741029855720626074
8415.614245095097430749
8229.767827007617597701
8064.443915691041183891
7920.353559514499465877
7531.041011139855072543
7174.978510692059899156
6855.095434462165030709
6570.238076627087139059
6320.260263825416586769
6101.369254083213490958
5906.537267559659994731
5724.574835562985754223
5551.400594518922844145
5380.112748733738044393
5213.992216599192943249
5054.652076220341768931
4877.955072492064573453
4689.433036063179315533
4503.313876452607473766
4254.628129467384496820
3964.157866229071260022
3643.203055136929378932
3250.963469160512431699
2755.339543081600822916
2175.504381725626899424
1683.563083642764240722
1231.784708216855278806
818.339192032745813776
415.033015660707917505
141.963508116080276977
0.952061636887344132
0.000000589285750816
0.010954465869585584
1.081353955560353297
4.107987110819522947
83.245579529083414627
194.054080505864078532
321.406039578411991897
444.846843899317605064
548.402352764592137646
4967.348842141487693880
5417.314116906441086030
5784.126933455834659981
6025.758655779735818214
5593.625189848137779336
5169.470252163503573684
5000.154710059963690583
4979.609008497060131049
4967.207453362659180129
4999.510413275307655567
5018.152883617969564511
5051.203270280129800085
5097.915494141702765774
5244.005990927538732649
5497.193698829034474329
5815.424273331381300522
6174.132986213571712142
6511.338059938624610368
6817.356732826738152653
7131.927795394061831757
7459.478898330538868322
7764.589625827891723020
8044.141513409507751931
8307.223497368437165278
8562.475333689884791966
8820.215974701799495961
9096.945279695572025958
9336.523163648791523883
9494.268488179401174420
9630.497067398722720100
9772.780097751932771644
9937.142706713571897126
10108.500514034556545084
10218.317261373300425475
10299.681658884888747707
10583.454661848028990789
11124.982604659895514487
11848.923160857091716025
12404.882384438069493626
12655.918231713210843736
12839.666164976011714316
12985.085396742966622696
13108.315130303624755470
13177.114684857575412025
13271.611825687716191169
13416.835683740617241710
13602.822910209659312386
13800.078972674216856831
13997.627975772744321148
14210.199378341085321154
14461.840591513833714998
14900.498652813919761684
16255.155283668802439934
17737.440939669173531001
18831.739383514272049069
19539.984915457745955791
19914.002909034636104479
20023.502700512584851822
19938.784187715573352762
19719.776563001229078509
19408.256151332552690292
19553.215437704988289624
19645.054415953516581794
19696.737673947602161206
19638.025557553039107006
19439.510923083267698530
19155.670370880980044603
19079.203643616277986439
19255.421392907461267896
19481.466965222545695724
19708.744235418507741997
19939.869623516864521662
20178.476684689616377000
20422.831251981493551284
20609.607120307446166407
20666.603192782236874336
20175.105062447833915940
19521.204245140172133688
19185.102230982523906277
19139.431097938213497400
19335.446919601512490772
19703.111716707011510152
19856.590805029976763763
19902.187363479159103008
19915.655751571917789988
19881.826857957086758688
20400.946915806420292938
20610.704371245574293425
20746.807098638724710327
20822.288908558010007255
20861.655941261928091990
20903.956645195125020109
20959.840081938120420091
21006.499683717051084386
21039.207670822674117517
21072.323888524580979720
21074.770472381616855273
21072.079919266539945966
21112.184867283885978395
21203.008430891164607601
21289.480764221054414520
21341.980820128454070073
21333.809026299604738597
21226.156005871031084098
21195.467747388240240980
21279.247887571131286677
21399.850808304592646891
21571.917788130096596433
21725.472992887694999808
21815.648137822387070628
21851.957830566905613523
21869.656363900048745563
21939.059807679968798766
22072.329517205060255947
22229.034365894993243273
22404.047962431955966167
22610.006944179142010398
22819.376095248648198321
23017.121139151062379824
23204.987885474885842996
23422.893228979501145659
23639.757168813637690619
23864.662588528328342363
24007.640512153022427810
23998.314669477873394499
24031.582597258940950269
23984.019813643408269854
23634.801818424730299739
23587.424434396107244538
23325.028712526232993696
22871.598386909809050849
22575.488232136274746154
22720.582880772330099717
23107.703431890611682320
23984.953846233187505277
24097.576616460588411428
23802.776529915714490926
23868.662959847184538376
23889.732716616807010723
24151.272345309102092870
24552.901218084243737394
24695.596912280292599462
24746.466301787742850138
24874.845715932624443667
25062.044440564586693654
25192.183454572539631044
25223.044018896809575381
25179.911824759648879990
25108.181222894087113673
0.000000000000000000
