5.274464263044407630
10.121996394666467722
16.367212264904459573
23.110913690068088044
29.727849115943342895
35.784157683125307869
39.921927124955693955
42.331676645441106643
44.132592633386110492
45.363881883915368576
45.813071890469025504
45.920792973231684186
45.677767302035320540
44.597338330455869482
42.492147675067108992
39.558670211910296644
36.249756502353548626
33.385575242093921133
31.079527274582531504
28.794740355227062878
26.432788743755935457
24.384201679434042376
22.600449300554359411
20.905978871220639803
19.439221443975100101
18.266702386611925135
17.206745952202410876
16.605492379684534399
16.590976057171090474
17.082918500183893684
17.606597632316379531
17.987479657775082842
18.388071566260848044
19.041355856892479892
19.627449773361718144
20.203945900961073789
21.219789114907058547
22.664868349893666277
23.859829858148316362
24.683655619366874134
25.407537007413651509
26.527744885432070987
27.986119320611578587
29.613073518296033626
30.968359632107876678
31.765666221912340461
32.212873112467946157
32.761278358435845348
33.428952670571959516
33.962494649371564037
34.453514441695602954
35.480474296890719188
36.799234002839511959
38.372221351470670925
39.785254037034206931
40.715653475811393491
40.817523491804678315
40.114057275468979924
39.254288161736269558
39.106582168411421208
39.209329717925413661
38.426986669969977584
35.423659543777574754
30.064292853698191266
23.347911841083828222
16.725616310892775118
10.939735387931108335
6.212257454276482349
2.400892416086918502
-0.744854467365172468
-3.490729180944782684
-6.041662546141822077
-8.476616347218623559
-10.691173953964579368
-12.334922575315090398
-13.183539309326476996
-13.481504425608505926
-13.910879381074295225
-15.285558353456963232
-18.046166923031364604
-21.617074746553754494
-24.638839527197887946
-26.270101790315010248
-26.804000315641587804
-26.843151851237507799
-26.903021571871249762
-27.207347226373485682
-27.588394016158360955
-27.760677903944156242
-27.671023639922793791
-27.518314022115589523
-27.379144338941387105
-27.255115883318239867
-27.081276431453090936
-26.822462505933970078
-26.477022177894184551
-26.030623455940769873
-25.613657394057270267
-25.415611774256888111
-25.439329819725685411
-25.462285843251720507
-25.267333324548701512
-24.755871762914921419
-24.026458459813227364
-23.408439884182882906
-23.205223879825041422
-23.524668747050270667
-24.163853498606158610
-24.724909000553395799
-24.934192915291760073
-24.821817475259820185
-24.661443911991625555
-24.796908014908126461
-25.381113082324020525
-26.306680221949875431
-27.473016185324638627
-28.807153553347177422
-30.189695775415884782
-31.535212902770979326
-32.836298059440480301
-34.113093331198967917
-35.326645323534023646
-36.328861715952427858
-36.885561841624678436
-36.974039942963088379
-36.834463034753582633
-36.529604787837172353
-36.061286153669925625
-35.485596130802889547
-34.818157083648770822
-34.077180237148525066
-33.320833089863128862
-32.523981400450566071
-31.559799836318745747
-30.357383927055593631
-28.921376232816157881
-27.259765663722646423
-25.392924712781564267
-23.379374801472124545
-21.328314177980644217
-19.376855289171771801
-17.633452496799691289
-16.141440485488601553
-14.872484341042422784
-13.732511095721633865
-12.593519290372057640
-11.399028373307316997
-10.208823842437027452
-9.147777293127262510
