2065.250646817749384354
1871.854818006165942279
1603.118200327586691856
1269.384134467112289713
1205.531076551471642233
1362.271878000641891049
1497.501913069032298154
1643.649351960405283535
1857.285790449391242873
2106.864986735083220992
2403.447297609994620871
2744.406825325942463678
3134.428154323911712709
3536.134293143427385075
3946.235621269856437721
4377.825371478188571928
4829.017415073974007100
5311.148021634377073497
5815.641292754517053254
6315.287481517792002705
6798.497751769239584974
7276.223889409726325539
7764.922573767804351519
8248.556381729524218827
8699.538149793183038128
9106.152206115637454786
9483.713531561043055262
9873.228705472522051423
10299.893916192408141796
10735.459131352996337228
11165.249703167180996388
11573.439034172435640357
11948.647221881801669952
12276.446151099695271114
12549.140293152515369002
12779.438937708609955735
12977.373092005596845411
13160.647179251800480415
13376.167661425330152269
13610.239227471023696125
13828.087246214752667584
14041.702014284954202594
14251.877079457004583674
13981.280190276367648039
13695.044452327472754405
13371.891725644743928569
12895.922614398219593568
12369.777802637907370809
11856.493865643873505178
11363.718760520652722334
10896.860804524319974007
10460.918218510443693958
10060.646577774155957741
9700.372830603426336893
9383.552203467323124642
9112.236412335045315558
8886.747348382526979549
8705.688268778772908263
8566.217217295365117025
8464.432887175580617622
8395.883047567132962286
8356.307800941025561769
8342.648469672660212382
8353.901870875992244692
8391.213473197660277947
8457.090918549019988859
8554.242404698699829169
8684.534690645272348775
8848.002308837820237386
9034.328083652366331080
9153.455840434387937421
9196.499975461434587487
9232.653876027288788464
9267.692324628453206969
9320.158719933049724204
9411.240321671881247312
9592.306770835446513956
9739.210685972164355917
9838.030174486413670820
9887.587736481318643200
9890.703347405746171717
9853.096340857597169816
9782.898383113075396977
9690.195528441639908124
9583.517395002872945042
9473.353753755443904083
9370.507852377288145362
9290.119257615688184160
9253.896914823928455007
9258.808629942544939695
9183.749428793449624209
9127.408085796463637962
9085.229578329266587389
9064.844807138264513924
9067.096026639703268302
9081.978469662581119337
9112.126916879036798491
9145.248271196760470048
9161.137610454687091988
9153.524602450497695827
9139.725345032888071728
9130.260716426821090863
9139.558477880869759247
9117.435317327570373891
9048.985309370513277827
8936.917070829629665241
8791.476163094359435490
8612.582770537721444271
8434.410643237444674014
8283.235403489243253716
8160.560444986957918445
8055.612748008770722663
7946.320475245272064058
7607.087873477603352512
7279.674120174797280924
6966.361497475178111927
6662.146465810943482211
6377.835099757287935063
6117.185674153447507706
5875.288670730791636743
5630.816816887968343508
5394.013399367776401050
5157.277054616292844003
4951.277760192154346441
4802.271352197514715954
4649.035129037696606247
4543.545678491293983825
4457.653774607876584923
4305.583828622521650686
4182.574992197917708836
3998.046879100558271602
3743.856095177620773029
3418.605199804858330026
3030.575039854513306636
2622.637012952473014593
2242.461645183002929116
1982.303198145031046806
1473.787243455939233172
986.744410014703930756
518.559540563044038208
206.112719155209589417
44.034473884446988734
5.790185985087485498
15.349753379425150612
63.434873537735782634
145.072385553610473607
236.727583052156887788
324.218019175218955752
396.587461592028262203
3988.462278392993539455
4114.638081360022624722
4241.062219986277341377
4365.989658300097289612
4482.268722124506894033
4112.309477323465216614
3939.985742073460187385
3914.331178286363410734
3879.944655764107210416
3882.266259019407243613
3963.809899961632254417
4045.534236699852499441
4127.800776921408214548
4307.779971075700814254
4586.037382623761914147
4912.436949317366270407
5267.518326949396396230
5595.688473474751845060
5888.696779260210860230
6184.791667587679512508
6487.154658682472472719
6749.808071513432878419
6922.202595389494490519
7044.347542737859839690
7194.047522192456199264
7415.854393408667419862
7689.231561721752768790
7927.622642810719298723
8077.351373615523698390
8208.785013275633900776
8351.797830185305429040
8534.191433156389393844
8770.506801371617257246
9082.938434428417167510
9479.085147029958534404
9919.522860219531139592
10375.451211965379116009
10803.229755933656633715
11090.905526141727023060
11279.062788925020868191
11462.207877660675876541
11620.323856943274222431
11761.003990626068116399
11876.504277830059436383
12021.591069107271323446
12256.608632222007145174
12874.987871123854347388
13630.533059113700801390
14373.863823278648851556
15091.330386836005345685
15774.195433728496936965
16414.558977340282581281
17005.230508863602153724
17539.858924606694927206
18013.191602060145669384
18421.316662890279985731
18761.831318862106854795
19033.880201202897296753
19238.029683988625038182
19375.979036890199495247
19450.145678652686910937
19599.819916407755954424
19690.684946976580249611
19724.669225460882444168
19703.290131031841156073
19627.914386382832162781
19500.258283933264465304
19323.001937766872288194
19100.914405110943334876
18860.965516569129249547
18822.889039660909475060
19002.139974712448747596
19217.801037669079960324
19442.152840725600981386
19613.873273721907025902
19664.534361593348876340
19452.327825764150475152
19271.194241294040693901
19148.103542078300961293
19084.722371268420829438
19078.954762477325857617
19125.950843202030227985
19216.767343852454359876
19337.895927045188727789
19479.626038592046825215
19627.383504051689669723
19830.797987135767471045
19998.915836439424310811
20088.533536730279593030
20115.577670327729720157
20155.435224513155844761
20195.806211615919892211
20246.259392376847245032
20282.896015624319261406
20296.485821808102627983
20303.731240564316976815
20290.040938181315141264
20277.633207426937588025
20307.721565826519508846
20386.125892243682756089
20459.437715148880670313
20490.462030731512641069
20432.957995473097980721
20402.255523772437300067
20430.835752977571246447
20513.563596853680792265
20633.059060150899313157
20802.872458989641017979
20955.309308457020961214
21042.666961923569033388
21076.735382492941425880
21096.782075832710688701
21166.711445487828314072
21310.944746873476105975
21476.707653236564510735
21661.059396208314865362
21876.046100970117549878
22091.362641443283791887
22291.025943979078874690
22478.241492677672795253
22695.786047507244802546
22908.788413047008361900
23127.299606322896579513
23267.645823454349738313
23256.884549475642415928
23236.653951477870577946
23068.172451687001739629
22809.177768005400139373
22658.931067027700919425
22569.351654247431724798
22554.739276420452370076
22627.106876384881616104
22785.768872355336498003
23012.673599697485769866
23222.378749113489902811
23314.427974219237512443
23100.674837671442219289
23218.947797446926415432
23400.735046772704663454
23689.325511005466978531
23938.527102400657895487
24138.291174485213559819
24289.005627894010103773
24396.706172326594241895
24467.477213895199383842
24509.459396700534853153
24530.747749786980421050
24538.485840340992581332
24538.440845088727655821
1445.516495100258225648
