1408.475385365261672632
1266.805313273093588577
1012.028525908039114256
1119.344114653458063913
1177.450777220261670664
1248.403909801755617082
1357.737361426069810477
1519.905112652540310592
1726.523706923052714046
2434.388839574297890067
3141.277304056849970948
3849.059257902422814368
3948.545880354084602004
4046.256836410947471450
4143.543759247952039004
4243.853887265446246602
4347.205406197939737467
4455.306521071754104923
4567.059284744078468066
4678.922425903204384667
4790.225655491970428557
4904.919524160800392565
5029.639554241884070507
5176.617184495736182726
5365.602408069006742153
5619.728747204228056944
5959.632569438544123841
6405.195573199128375563
6964.763501483532309067
7618.564342664750256517
8344.448148943003616296
9115.172064758042324684
9903.048915668052359251
10682.646113299038916011
11430.463354669729596935
12129.810838528377644252
12771.046758168424275937
13347.519641562961624004
13853.613301998033421114
14289.076971588499873178
14657.571125592079624766
13993.195009001130529214
13267.645886363081444870
12481.967049181184847839
11638.753675080879474990
10744.688799762827329687
9812.952826559339882806
8848.695623575906211045
7886.772251925108321302
6960.168070978305877361
6104.641807876334496541
5730.611207800046031480
5495.059042391291768581
5414.247118042923830217
5486.844585293971249484
5697.365509689562713902
6036.606179468802110932
6464.215877001320222917
6949.601027100936335046
7471.572620933030520973
8006.834516530671862711
8534.505324674973962829
9037.577186588803670020
9509.622808102940325625
9646.322876949076089659
9762.631086692083044909
9864.500291868729618727
9956.505237309847871074
10041.094545233980170451
10120.150227466750948224
10194.761630903494733502
10265.245599323012356763
10331.219312676446861587
10391.245952582605241332
10445.544511168951430591
10492.875347505920217372
10527.829479186637399835
10542.219569839648102061
10528.109669187138933921
10479.937916580085584428
10401.204033464515305241
10306.994275316243147245
10210.215047159330424620
10108.057787142643064726
10044.187463379797918606
9975.030555370536603732
9822.284841460936149815
9672.123436817797482945
9532.294354806032060878
9407.323203246111006592
9296.015133922113818699
9200.527390236829887726
9119.970238754574893392
9053.773246195107276435
8999.656845393350522500
8954.183227883309882600
8916.296149437610438326
8882.148357542473604553
8846.422492464911556453
8805.046803892271782388
8756.166291798892416409
8695.875799635237854091
8619.716777111627379782
8523.705290231182516436
8402.133095814533589873
7867.217772485157183837
7308.299675679879328527
6734.969238494397359318
6163.131066591179660463
5609.029251859314172179
5085.189904965185633046
4835.686612116116521065
4626.273789173008481157
4456.619261028006803826
4329.215144290830721729
4242.097369073332629341
4191.215190902299582376
4173.104721920020892867
4182.207217288448191539
4211.595323221202306740
4253.982763506720402802
4303.984710749065015989
4356.514733276737388223
4411.627831622241501464
4467.132532760165304353
4506.722327465794478485
4527.369164092189748771
4523.507600382128657657
4487.258013495793420589
4591.768935252121991653
4665.627281175214193354
4621.869157551417629293
4496.766629754043606226
4301.148339013850090851
3741.923952232763440406
3149.461488368157915829
2548.999875205017360713
1968.439972397698966233
1440.250442250235437314
993.275900743515421709
642.468445742704830081
385.015907463216308315
203.789455105231780863
223.885519748987377397
265.709202441916488624
323.492262205144015752
391.815247104901743569
463.342819922755325024
529.209703690524179365
2996.793825338902024669
2703.953354259770094359
2405.619613135333565879
2143.275022994777827989
1906.886839710327421926
1686.756595831190452373
1735.578439532988795690
1929.940633305260462294
2112.433235344141394307
2348.530012347844149190
2661.674772371070503141
2967.414988855956380576
3233.692515577919948555
3613.442014794541137235
4097.208273916953658045
4613.986036598311329726
5143.738563369030089234
5631.794373469286256295
6069.343149226292553067
6493.207035566974809626
6908.942599968640024599
7286.978424665048805764
7630.662128359972484759
7953.297500525127361470
8246.068249830992499483
8507.547480119414103683
8759.065811107970148441
8903.782063665028545074
8842.070409604571977980
8751.313500679432763718
8663.158401453938495251
8590.603585737862886162
8527.737563004049661686
8466.847498530805751216
8443.084139378437612322
8462.943228736057790229
8499.686984177380509209
8554.233209994879871374
8675.517399567994289100
8871.691852801403001649
9125.147394353869458428
9349.451463483464976889
9595.845306375887957984
9869.335721916380862240
10193.730677557470698957
10581.323983581918582786
11007.653530799472719082
11690.151846310162000009
12420.267220814253960270
13131.805871807151561370
13801.207107283147706767
15002.118612123651473667
16082.930019783345414908
17025.856194641739421058
17873.299678939816658385
18664.150050757867575157
19130.791095276093983557
19495.938891369019984268
19802.483383845807111356
19972.273404040963214356
20047.048830048675881699
20119.680867665625555674
20315.538199613725737436
20672.254529570869635791
20607.044751713990990538
20543.182678528100950643
20425.745212281919521047
20236.331387766484112944
19995.660411674853094155
19729.066933833553775912
19464.457030708221282111
19225.534996609967492986
19024.856930516816646559
18867.372230901466537034
18703.484950112950173207
18490.897848826200061012
18252.388508946092770202
18064.299794696500612190
18019.522344337805407122
18204.974647084185562562
18587.598845480893942295
18957.431215996752143838
19151.000932985243707662
19280.273100814669305691
19408.999920260161161423
19587.088634380546864122
19710.311288867738767294
19865.723907594052434433
19978.954717136577528436
20027.717426964394690003
20078.176261103744764114
20110.925231245899340138
20134.449114948245551204
20128.879504059772443725
20092.843926947913132608
20043.088176912828203058
19955.698754978518991265
19858.537156283735384932
19800.318848223108943785
19793.766246893268544227
19794.908505064850032795
19783.468721221674059052
19747.510378523602412315
19682.937519944371160818
19653.799773365892178845
19669.613422675756737590
19769.419707441789796576
19919.871654110451345332
20039.977302619390684413
20073.413336903020535829
20021.613562325426755706
20328.470087317953584716
20633.750292000382614788
20963.421753213886404410
21255.348773304671340156
21506.157461751390655991
21727.654459522629622370
21894.461364463921199786
21998.526311343899578787
22049.843205716653756099
22073.783751943585230038
22079.421100356681563426
22086.517055273445294006
22026.816112584903748939
21863.235149006832216401
21792.667218012284138240
21756.992104943947197171
21734.551079632656183094
21744.064226928359857993
21839.972648840179317631
21759.080567495147988666
22097.389098515763180330
22519.280383435467228992
22991.621252527238539187
23135.161767073564988095
23238.597243420106678968
23290.705745636572828516
23335.989866919033374870
23407.993820990755921230
23518.479715031942760106
23661.685372817042662064
23808.948379559464228805
23918.064258134763804264
24154.497984147059469251
24338.571537711344717536
24467.810862979604280554
24551.250343761523254216
24604.265274428609700408
24654.582620754197705537
2690.460613412810289446
