3232.350099056156977895
2742.015439826897363673
2097.132422931837481883
1384.335642512611002530
1112.903314485845612580
884.428181872071945691
781.467450405841304928
867.216719260735771968
1167.162455691519198808
1662.993744376149834352
1489.637377260339007989
1498.928223567070290301
1699.471376473499276472
2083.708887084027537639
2635.290356695231821504
3330.685412695103423175
4139.690707070190910599
5033.335295167070398747
5976.796533110209566075
6932.148395414827973582
7869.550951839687513711
8769.971548299279675120
9618.873808608663239283
10408.116294830168044427
11137.743604154973581899
11810.390181032720647636
12427.150257452440200723
12994.961332532000596984
13518.031338148992290371
13988.352907391448752605
14398.844355934967097710
14742.151338702846260276
15013.095258461935372907
15209.128754412853595568
15321.549833952498374856
15353.641163506497832714
15313.795209507377876434
15203.965031286455996451
15028.839081471978715854
14797.098453619739302667
14517.947472467778425198
14204.970046220430958783
13870.189758280439491500
12290.493880688010904123
10715.507121372000256088
9165.426666193086930434
7669.399713428070754162
6263.320215637063483882
4982.228444160792605544
3855.997154621451954881
2911.321399360874693230
2176.015988696569820604
1665.398534582941920235
1350.977680969303946767
1258.404967612738801108
1378.033131409192492356
1706.793019643521347462
2178.326526546416062047
2760.954571413905796362
3475.152276772836557939
4292.556474351776159892
4539.921160643364601128
4769.219220228699668951
5007.106714309563358256
5273.846212171466504515
5581.021668504097760888
5919.613037654395157006
6287.878347207161823462
6682.378297091777312744
7092.926755848747234268
7504.461651521080057137
7900.410432622678854386
8265.129831916507100686
8584.772249893052503467
8853.368944796224241145
9067.044456400772105553
9220.665649193580975407
9326.601820259676969727
9400.483937371445790632
9323.861995286331875832
9085.898604205482115503
8772.208409296934405575
8425.787003954143074225
8051.325006459075666498
7658.328667372444215289
7258.989684507941092306
7608.795664963872695807
7992.541636971690422797
8426.908096541643317323
8919.024548543702621828
8696.314470827814147924
8530.529760978330159560
8420.499785202886414481
8363.835969370729799266
8353.657216175255598500
8380.214575559879449429
8437.922293138968598214
8515.934915676378295757
8600.904735211193838040
8682.464757058734903694
8755.517687857964119758
8812.335683950970633305
8845.022182915989105823
8846.543802548812891473
8805.932905390478481422
8721.268144847419534926
8596.146803332345371018
8443.702340246778476285
8284.778166379062895430
8137.984705002890223113
8014.704999035347100289
7921.248477132470725337
7858.776422415413435374
7438.755554024597586249
7062.519416599693613534
6733.254948385197167227
6449.736851808787832852
6211.567432951322189183
6013.868259539111022605
5847.811237286950017733
5699.985430768737387552
5563.631755371100553020
5428.695707123506508651
5294.753543455357430503
5158.932970073144133494
4991.063450570284658170
4788.587870654094331258
4555.110170299869423616
4207.905805179456365295
3672.583771033713219367
3055.597827510163369880
2314.193806149971806008
1386.137050379591073579
320.966380601961759567
344.347744203609011038
246.816754234251163780
145.728753746113881107
20.889103026047287415
0.347304331326517945
0.069891032156162353
0.011267419673500980
0.357768452368487089
0.632762675598473101
0.493499939659202191
0.242849840165250658
0.521754605415257200
1.578576052505627381
168.379642552969556846
411.401822371703644876
4712.522928543124180578
5740.899289152026540251
6452.179775476351096586
6071.070912504937041376
5644.239342459633917315
5230.274455253905216523
5069.391057649334470625
5054.593124166561210586
5044.497854414826178981
5077.219820495333806321
5118.831938049890595721
5175.408598274858377408
5248.347944304001430282
5422.759495869343481900
5703.217277819018818263
6047.526521117112679349
6432.395925993632772588
6795.689207866830656712
7126.385540088631387334
7464.583752443398225296
7815.906747721803185414
8147.355853977630431473
8463.438676120455056662
8779.739747466963308398
9085.355348552702707821
9376.364712532542398549
9674.379952296912961174
9929.905343417898620828
10100.549082931280281628
10247.285129737438182929
10401.284347356140642660
10586.005559939365411992
10801.736262743099359795
11029.341218433828544221
11328.979769168046914274
11656.664511390843472327
11938.481370278423128184
12190.200530364370933967
12421.436703817735178745
12623.781582892095684656
12805.801494962388460408
12949.587915013455130975
13069.695348255432691076
13063.240859827583335573
13081.909709410854702583
13152.159024123107883497
13266.184423797240015119
13390.460522452616714872
13516.617223296147130895
13664.460040271322213812
13835.080989556336135138
13984.205282351225832826
14188.556568025882370421
14919.403332754709481378
15868.161260392986150691
16853.171367398539587157
17492.933916314763337141
18138.940806826820335118
18848.059315595994121395
19130.826228080630244222
19029.627667160224518739
18416.612745404552697437
18374.004585616421536542
18564.259381657404446742
18787.052684869115182664
18958.180170869898574892
19187.783707918712025275
19459.714885859360947507
19726.649541051356209209
19973.731233476471970789
20211.405813440174824791
20452.807043501234147698
20700.999143120632652426
20952.019212285485991742
21141.049597853874729481
21204.949783814659895143
21112.135209633437625598
20661.940152032235346269
19622.440215040038310690
19179.882746869967377279
19506.767151881864265306
19864.927297786824055947
19985.725227784754679305
19995.973721287347871112
19976.133281698555947514
19991.227605010961269727
20193.213560533433337696
20393.350753680908383103
20542.114886357492650859
20631.777807704598671990
20671.820715978996304329
20716.111307749411935220
20774.911005612393637421
20825.584559140952478629
20864.141822540230350569
20904.573508258155925432
20914.456460959816467948
20919.031009978985821363
20966.594238390836835606
21065.019992478581116302
21159.087026738172426121
21221.145727024460938992
21235.343125682327809045
21198.888306440789165208
21185.413992554756987374
21224.018392204154224601
21342.563021631827723468
21518.046814071556582348
21674.004891630131169222
21760.386379081421182491
21789.640650651897885837
21804.701481393800349906
21874.611260039062472060
21997.953284689079737291
22145.738360474319051718
22314.859207912802958163
22518.439891597427049419
22725.020518723034911091
22918.573119975299050566
23102.065706169702025363
23316.019185943921911530
23529.504658386860683095
23751.445608899262879277
23891.894250800552981673
23881.582540083381900331
23921.295103326800017385
23906.772210849103430519
23651.567789186450681882
23847.926227126947196666
23912.962684894213452935
23735.104382574572809972
23533.629279230284737423
23740.009171309025987284
23676.446924032334209187
23758.006462066692620283
23904.959540182429918787
23637.242769317574129673
23775.486002661873499164
23851.702474150526541052
23892.087906008597201435
23939.281919923800160177
23961.588442261792806676
24012.309796981575345853
24171.914415900311723817
24399.120649444594164379
24607.821362449307343923
24840.736903854933188995
25028.965145010301057482
25156.495300738286459818
0.000000000000000000
