9.018045871571715111
13.359297746042486210
18.921741295713317754
24.857883599473908021
30.400170945346900453
35.384511136748926674
39.273828994623038113
42.106564059713548431
44.331726753896326443
45.854814453054316914
46.475751907392847784
46.482475929834116357
45.997704360626315179
44.844290124705096900
42.781207864701798371
39.812489621189783406
36.356647833315378193
33.297891576565533001
30.797549908938563590
28.330871464297189277
25.832069304845674651
23.740055625269377515
22.003619268293547862
20.420779937414991423
19.114575343181485323
18.117168892981737827
17.176817498596420819
16.606081050657991227
16.534288514883940024
16.936969527529100787
17.370639632263561225
17.690114407153373577
18.080085465902214992
18.768556012580091874
19.373579243951127182
19.924899391785942271
20.905232950772216327
22.331476525280635315
23.498766280245206417
24.289512793169990346
24.998106816137465103
26.154687670404541677
27.688296666226619891
29.404311723643246523
30.814179740737699831
31.594059796753072078
31.953826631436754724
32.371318971116465946
32.869568745830889611
33.197540386989572880
33.501941476878442927
34.485778373431429600
35.977036233758610706
37.942680825436468695
39.792427486177189166
40.986225788718058993
41.048968475476385720
40.040879175592806405
38.779277246414096680
38.323621333808631562
38.272119940040113306
37.460750309858156015
34.474091415181760567
29.155396041835956567
22.539420103565817044
16.126528136986877371
10.644768125455499330
6.264815150518813880
2.778667103088764634
-0.118022951393015774
-2.724024316371753685
-5.252915702766358663
-7.767559360213169839
-10.123494938217902472
-11.906355657285757843
-12.836587483974653878
-13.142813973993327181
-13.533403068242478184
-14.872436728793729799
-17.639378476297906673
-21.236885750668136552
-24.236140011643840353
-25.769564902939464446
-26.185658927175040844
-26.154744194958311709
-26.237498949511575574
-26.662890529515379967
-27.223663955188044383
-27.578406958980735908
-27.638290758661810287
-27.597309811077195718
-27.533269930658434532
-27.455781778308221419
-27.308659482628002024
-27.067123352247165258
-26.737960365919946071
-26.308835855949553206
-25.918676305289750417
-25.767575554168388408
-25.854291784186614223
-25.935452588226553416
-25.773567069847388211
-25.258141818054298255
-24.490141609074044027
-23.819114639071869988
-23.568767571725231846
-23.856097375911133440
-24.467713872852755230
-24.982843378464735906
-25.113754909641954782
-24.896230754281532427
-24.624151076470184307
-24.664954289981608326
-25.182079559869919194
-26.062644483181770738
-27.204390878183232871
-28.535508127854484428
-29.931500823214776119
-31.298904125946648946
-32.623315127210389619
-33.921105761762419206
-35.152056631533753261
-36.164292088737624908
-36.715364559796967114
-36.789275040634663583
-36.646673420276044908
-36.340140459988333532
-35.835886971138393164
-35.193625774455426836
-34.512379864079889558
-33.873997139078937835
-33.294414651100282754
-32.662511958800564571
-31.790954919222428998
-30.538342999135750233
-28.855338404225165050
-26.801066496952216767
-24.544299826243729967
-22.303495859483746244
-20.274874005491255957
-18.574342897546728182
-17.207899125902144988
-16.100450780387404848
-15.161931156742582516
-14.317821493329461191
-13.484693586202638471
-12.619674575293231555
-11.770540578017232747
-11.046056986684391177
