71.834753937409658420
76.926742805012679582
83.386889184943072451
90.316196870788672868
97.106999452721410648
103.331805417974806005
107.604378491026295706
110.076906829646361530
111.836027730135981528
112.897624897347270689
113.045387789395036293
112.741951972611929023
111.996094137599726537
110.327650982657161194
107.556530434363011750
103.888690315801085262
99.786569204289605750
96.081447862052272058
92.899141122977297869
89.715818876663021797
86.445889048553894440
83.491284616709847910
80.812070285371618183
78.237368097738581696
75.905794346627658342
73.879629934014786841
71.969215646830321020
70.509917976140997098
69.616846880022862365
69.195992923905023986
68.760569701119393926
68.126884059505798064
67.451236532203623142
66.962462555183805080
66.336811513638977544
65.626197019035501512
65.270051038059634152
65.243976690016580733
64.849967153199187919
63.945197343160515402
62.778022647987739902
61.823985486823431756
61.010135697170284175
60.162027139626360395
58.847998732282803758
56.806165047495227327
54.285440187009299962
51.793696105184864109
49.418340723930356262
46.983978748353308674
44.663961436652471093
43.116927692278949280
42.172377312870878541
41.856099520077151510
41.803140564085197184
41.719845314091372757
41.263767031941227970
40.434058791681508183
39.830597176203554000
40.253158586061942970
41.159853475129267508
41.332147684456913339
39.357058700200326484
35.034223215932343010
29.310561031808646248
23.595539813933044115
18.595953869924471746
14.501640420081514549
11.142604148640145922
8.249594556065318329
5.552520080103676037
2.859860644995848133
0.123066465039045170
-2.511013819327104102
-4.645223396048550057
-6.012273217970260930
-6.823621887179399437
-7.740976376906928635
-9.569524940577537109
-12.749013299489035944
-16.705867083481734880
-20.081498739279879828
-22.032053314189170123
-22.844954932267398817
-23.115695247826010927
-23.353574822084851803
-23.778973187157760094
-24.224357243513054527
-24.407789699036129605
-24.282368096841139504
-24.055596006754285554
-23.815355858082455143
-23.578294174433892749
-23.299746993331268641
-22.971143058495044897
-22.623281535440298740
-22.277331204290760525
-22.097132422406104979
-22.297528403459921265
-22.893746512132963744
-23.660697299187859244
-24.365161481420386735
-24.883057239414824835
-25.283308828532483403
-25.866249428619482842
-26.909887694395251856
-28.500922749331380146
-30.418096463776237215
-32.245725005175074784
-33.691135857315316571
-34.763924719131637175
-35.716878337356149586
-36.874339979018941449
-38.372475751924014276
-40.090139342666361699
-41.914651366203827365
-43.760253788276941123
-45.491803013549201751
-47.004555056338745089
-48.270173397026042039
-49.290710851317271590
-50.018136635095856946
-50.310842248950450539
-49.961752244751664875
-48.997646158817360629
-47.727965991990174643
-46.297786477899251167
-44.794162526849561345
-43.348484831665075490
-42.029197547448802652
-40.878212372537802821
-39.948512636357179417
-39.186547265764318126
-38.423594326197701321
-37.543000906155612029
-36.502374096860762620
-35.257993531912973140
-33.773706307404665949
-32.052488490512757835
-30.154731687770606641
-28.181188901839448135
-26.225207836702622899
-24.343333688517532210
-22.546787070050754664
-20.795466695739264651
-19.014626007721631140
-17.190078936848749436
-15.410235466029746476
-13.816514805303143021
