9.266833886223238892
13.783387558964719233
19.686992487516953076
26.081746599483899729
32.350827242465037159
38.092218751205031424
41.960379683177258414
44.140763797485426778
45.740504502238152895
46.776365476872392435
47.021723613112293094
46.938031106032411799
46.534630147116686771
45.330458207174402219
43.138582764718798046
40.154299623363534977
36.828541871929914464
33.978628202792165780
31.714031036641330275
29.493124464981292476
27.212208371397665019
25.256078443268933142
23.569956853272415742
21.971608035507841805
20.592612387167719135
19.492793659146798291
18.484159190684238183
17.907060399464484135
17.884390340108765827
18.331533648042750428
18.770443046775568519
19.024498245958184839
19.255553931836459469
19.697486504550568043
20.032843381681971096
20.323037253875313013
21.021959358183579525
22.125246657457452670
22.959793724691962780
23.411140089271270881
23.757323230369109979
24.501915094717588772
25.594847020489680745
26.875881097792444052
27.915908749449044990
28.441996933202602804
28.677733727403250441
29.091822064442311557
29.719728161366305130
30.322463796941292458
30.998943103529427390
32.323180365478947351
34.031059192270674885
36.048307484474946705
37.909400712112528709
39.230999657634498590
39.606626313488106916
39.012710227526753215
38.080216736452285886
37.696955226199463596
37.454837784165704306
36.290675672554158382
32.940512587819057444
27.326366441125230722
20.482509525479372314
13.872694389577020502
8.232544849143437204
3.763285653834941513
0.294298273947305233
-2.454631612075473868
-4.775821192356346501
-6.895032046354145905
-8.905574413304293557
-10.711680112531070108
-11.967640423000091232
-12.451969517944007748
-12.411954802296406797
-12.533690620831464457
-13.636880412446373612
-16.169551132011235950
-19.564117610080927534
-22.468183190293132157
-24.044466079359665400
-24.585598973639434917
-24.688513154840052266
-24.858497575712988237
-25.306329696300906562
-25.850653440452674658
-26.193609368254612946
-26.272151240798450544
-26.278275967270644742
-26.284517444114953832
-26.290710781113091343
-26.231802206471513728
-26.073628582717503832
-25.816201575765660436
-25.447193354573357738
-25.099113728029124104
-24.963540890953595408
-25.045296534644535313
-25.123646701566258344
-24.982918159935593394
-24.525444657498894685
-23.849925557740220938
-23.284910895414270726
-23.132160924361187426
-23.497358537462218919
-24.175304824186071073
-24.766106577246262077
-24.994535441600135073
-24.889557700071065938
-24.723996318766808145
-24.840955649389741211
-25.392506426005468256
-26.270164618224782771
-27.371844446301338394
-28.622644705379912011
-29.900804892383064271
-31.118189566659225420
-32.264535557754300044
-33.357317967776566547
-34.355677342970921018
-35.111280343037776674
-35.392653284871357755
-35.184273979990337011
-34.739345373735943667
-34.140141536813985113
-33.413618168044422418
-32.643847419811720556
-31.872703002556647789
-31.137942587321504107
-30.507349277538708066
-29.955177943069600133
-29.345851192857480783
-28.594933102032200622
-27.693951653414046632
-26.644308336508743196
-25.463624210060515907
-24.197893195701283275
-22.925323262707991034
-21.736321759109387131
-20.688867845554852920
-19.787319951043912170
-18.984627534068920340
-18.188050640223480059
-17.286483205722845469
-16.249676678656271633
-15.164533038259150999
-14.175225720047535560
