3.350532998625439518
8.526168520440037923
15.105249188097829460
22.190242387364598642
29.172458244400708338
35.613157574241647296
40.123880603351949503
42.875377458809360576
44.972908949537639955
46.456086151179427191
47.158206100008420947
47.526513318533801566
47.484888216525206417
46.386619897222800546
44.104600646998733282
40.957295474858305795
37.431411420327151518
34.347100386128801119
31.810129956536002283
29.273492894474145487
26.628357331452747303
24.256355833685191214
22.103911007858741300
19.998228213017455346
18.095220692780031868
16.504846973042219815
15.124388034811630632
14.388394127544017920
14.445809118754809219
15.149994316829065610
15.959470091519918356
16.672788713778558645
17.427006024756693137
18.406231517317451107
19.234058952580298296
19.931514228076991913
20.970862291652963449
22.414524444762534472
23.650714213486580206
24.598965599674187388
25.547968630309867422
26.992490443944319622
28.853668110326594842
30.916936555919477314
32.660210047632489250
33.656917118952407009
33.916829099528399638
33.777103912981630174
33.404680511803206855
32.824835483076952869
32.380699610825786294
32.868010709668595837
34.222900231050061848
36.425853430011954970
38.824521273746540828
40.776383004330824633
41.720460196511510276
41.609316209744491744
41.112474228319541680
41.147740553456145562
41.302559978124520512
40.481747966761048474
37.379505482870484911
31.881343154142456342
24.999069093086319526
18.190419668272426179
12.199169629457003339
7.244302029056939318
3.177599808064542231
-0.257421737789940153
-3.328847221962547565
-6.236967669053228747
-9.047490846857044744
-11.634880992141546585
-13.622658785989528951
-14.759595628682006918
-15.266451118958315192
-15.807671187032326543
-17.187061914740183965
-19.842850445045797869
-23.204154328435606658
-25.922675220142366470
-27.173882516152389144
-27.272757632734681010
-26.847958886569472270
-26.443768466213725787
-26.312851834117282124
-26.313450474015951386
-26.181886788681197231
-25.882823181299215776
-25.628520988840534756
-25.503127406316195902
-25.508709367955702874
-25.573168604958766537
-25.646921010948062758
-25.707651015434123565
-25.715583405728750677
-25.772586907202139628
-26.038419732247291449
-26.487025791310145451
-26.869918052256934971
-26.948815016732453387
-26.610054228558624345
-25.943483657081912952
-25.275426687657386537
-24.910788368259659364
-24.962491585187819965
-25.236183096986565033
-25.347222065792664125
-25.041982761887027209
-24.379516312623422891
-23.671981665173348119
-23.309034746240513414
-23.491282408563336048
-24.153442201882910467
-25.223982005054722322
-26.640547556565650211
-28.273272663947125238
-30.005556755847123895
-31.783772447390219895
-33.579677025410092028
-35.315116137251095552
-36.812348072813165345
-37.815578329184404538
-38.287600551660091242
-38.452064995149044080
-38.330440249868843239
-37.851413241024715717
-37.066940085889029888
-36.148202158825597508
-35.258000713767728485
-34.429087626226078100
-33.545601029338001808
-32.429024280494218146
-30.908159821544415991
-28.890291902258354639
-26.471477992076017927
-23.932592105780031488
-21.588122358512748633
-19.648645193056495373
-18.160569776067973180
-17.011361363654373235
-16.006928519148800660
-14.991680308300090019
-13.910637800295035049
-12.763870085620283135
-11.594061731282806704
-10.484277290267527860
-9.525536317001581210
