5203.953297147926605248
5362.586402523755168659
5048.141850209689437179
4223.840849227360195073
4932.670437363585733692
5312.167777204522280954
5158.225130683150382538
4707.978119372034598200
4216.512123845182941295
3660.209597590165685688
4017.403915923818203737
4382.800879578776402923
4779.471629156091694313
5107.655895892915395962
5367.405787241315010760
5615.475233905405730184
5878.061421230993801146
6233.474225020223457250
6677.826227101787480933
7127.677783100483793532
7552.333644445120626187
7982.946472679356702429
8400.542983989125787048
8776.392751395458617480
9126.143682711392102647
9458.931561827066616388
9748.995904190473083872
10075.533945228133234195
10502.873157175439700950
10945.160434336030448321
11352.659808438400432351
11688.866688341555345687
11955.201724716167518636
12196.292335909160101437
12358.988919474832073320
12492.003325784811750054
12653.963928786817632499
12802.366656166494067293
12868.877052544054095051
12853.621852876618504524
12799.026855633357627084
12778.258519915423676139
12794.899267073195005651
11732.765919959987513721
10664.185617993083724286
9569.351497334884697921
8489.075064374728754046
7499.742627308008195541
6622.213048975704623444
5838.443834431047434919
5177.321959332029109646
4758.548820097610587254
4577.315544345617126964
4137.741855203998966317
3869.792614708977453120
3746.276044764903872419
4248.446906669269083068
5024.525988414870880661
6026.141341715293492598
7397.983092278441290546
9063.548528714825806674
8137.153733067527355161
7164.118661793395403947
6119.492199794583939365
5103.481575246297325066
4324.184158350355573930
3868.876101695674606162
3747.539695262382338115
3894.511078075644036289
4233.301720447153456917
4683.963593660189872026
5175.992189150126250752
5660.401865495198762801
6103.758335968685059925
6567.151820430867701361
7102.850323766253495705
7658.664133646029767988
8097.907830405837557919
8259.705058004676175187
7993.081556812394410372
7344.895040473428707628
6654.929674515238730237
6183.608721087922276638
5729.222076457309412945
5173.968936058946383127
4415.963623167183868645
5400.588262498358744779
6245.563523718990836642
7095.916438782745899516
8007.909764320429530926
8032.349067222808116639
8054.659073447539412882
8064.405658493295049993
8098.491999467289133463
8162.954701525457494427
8234.141777143486251589
8357.780296485278086038
8492.935539436204635422
8563.268760871444101213
8551.922050803721504053
8535.637249688874362619
8548.966308527316869004
8610.236097992163195158
8723.021883042201807257
8775.417101594823179767
8713.643624959117005346
8499.810001443001965526
8184.962723853854186018
7901.120586592191102682
7739.428973919055351871
7693.518772909475956112
7708.056873002171414555
7684.905159830209413485
7330.549260695501288865
6989.923378632493950136
6668.517722721227073635
6346.339208081967626640
6068.906206615000883176
5852.753711277167894877
5680.139340983065267210
5477.318098953442131460
5273.835538144104248204
5043.634973260074730206
4909.442639019802300027
4960.043666893782756233
4877.118724938633022248
4799.310174827977789391
4978.591315412977564847
4435.853328537898960349
4066.849570265461352392
3918.727154812009302987
3682.326964702630903048
2750.101898091694692994
2046.057485237959326696
2007.634280163679704856
1568.244486496995705238
1553.254962697606288202
966.378061326615124926
546.818693308462229652
328.296423604898848225
208.288647037144528440
152.122105423555609605
109.783095738377824091
34.507509396988432115
0.984366073973646949
0.474405667187669411
2.674482620578944925
60.155296020447423189
241.672169137874334410
6966.855701250362471910
6672.989888650207831233
6161.654897236802753469
5437.044703009390104853
5429.103924601436119701
5289.310007878067153797
5134.936872868039245077
4967.794088238871154317
4769.389211645752766344
4565.550444931205674948
4839.155297750970930792
5115.952275830250073341
5406.666270064740274393
5746.168514042748938664
6142.149591387291366118
6584.211617443624163570
7063.520111989551878651
7555.856310309549371595
8051.602181540632045653
8556.620345812447339995
9065.298713126638176618
9560.162791886585182510
10037.714375360394114978
10500.548665777037967928
10945.487632640399169759
11373.743280405175028136
11795.460859027543847333
12197.416499298911730875
12567.610028232078548172
12923.909439478986314498
13273.867912649484424037
13620.683346967582110665
13958.871921558918984374
14274.039736064167300356
14574.467133262054630904
14848.021649906582752010
15082.634622752791983658
15290.689303669445507694
15492.109261806415815954
15693.172483925844062469
15891.778043422318660305
16079.567706047251704149
16263.282776802292573848
15953.267880460642118123
15663.911162182992484304
15408.891606679699179949
15189.410675725946930470
14998.919428777802750119
14841.990532739286209107
14730.323110309893309022
14664.942174461051763501
14628.466096210320756654
14633.519336213756105280
14802.361370726986933732
15057.422370686435897369
15421.210697646811240702
15805.971205928533890983
16303.542058680332047516
16931.406242570981703466
17651.500342137362167705
18457.914860334516561124
18096.902409895621531177
17876.909328815469052643
17812.444825536258576903
17885.650928564693458611
18048.845309025833557826
18272.232461713334487285
18534.907889637135667726
18827.770156625352683477
19143.005711960715416353
19474.348016713702236302
19814.761586351829464547
20153.824990931803768035
20479.017395400980603881
20758.690917803793126950
20965.514958436433516908
21098.998544095371471485
21182.029401473901089048
21246.530271142928540939
21323.317049921821308089
21398.311792221953510307
21391.593886121809191536
21241.652758767271734541
20990.548786329352878965
20662.580273697112716036
20279.265844095622014720
20787.734901886447914876
21262.706300417386955814
21699.496487258926208597
22105.578031421482592123
22135.044783496505260700
22166.452263000348466448
22205.905302745315566426
22246.952065898920409381
22288.278880865098471986
22334.210791005425562616
22373.657210750458034454
22414.072802633818355389
22470.117809294282778865
22542.773324156096350634
22611.746651450503122760
22665.236822917970130220
22695.070636560139973881
22697.531919482400553534
22696.326735184800782008
22704.857211721810017480
22735.285083438717265381
22782.469478051207261160
22825.547730445057823090
22853.491083727316436125
22875.562230603547504870
22909.350314904266269878
22979.228903338513191557
22988.927988202263804851
23027.291947965695726452
23094.020083158553461544
23192.405720830007339828
23309.385698229820263805
23435.913774018492404139
23568.624995189948094776
23715.559048513823654503
23862.345195843521651113
24007.006572115817107260
24115.278442802376957843
24160.246511835863202577
24203.884969757022190606
24207.861771865176706342
24108.959354254882782698
24114.339662591832166072
24089.895541355541354278
23939.542168486663285876
23722.926689388543309178
23565.976012187620654004
23253.652422911683970597
23176.327114563984650886
23099.233692858171707485
22867.231443024462350877
22723.456499803611222887
22560.851692593423649669
22401.283898416790179908
22279.371655138031201204
22204.262708110054518329
22190.766577695030719042
22261.062140599129634211
22384.947931193604745204
22434.309283731457981048
22423.530088082035945263
22385.620160116151964758
22424.130366619217966218
1841.301165350377459617
