823.025233799882812491
1437.288748299790313467
1714.691138526356098737
1656.715747337849052201
2353.119565092199081846
2831.286807221069921070
3037.668698848070107488
3059.505163945501408307
2985.096374105743052496
2811.469039625626010093
3954.774905916109219106
5049.331674487247255456
6111.629854741201597790
7112.203856275737962278
8054.913577129851546488
8959.752354893440497108
9831.225321192338014953
10686.628373059387740796
11522.966589400610246230
12317.990957692723895889
13063.577662012183282059
13592.571513218359541497
14075.536166423255053815
14505.062140177911715000
14884.613855046949538519
15215.726402898581000045
15491.062282769362354884
15733.301895955983127351
15962.418895500539292698
16149.641941998324909946
16283.051953721422250965
16352.868892983575278777
16359.433974021458197967
16317.180554653896251693
16213.486414192966549308
16065.707786805200157687
15889.765691600256104721
15671.591705741891928483
15395.733889671237193397
15065.048750044419648475
14694.342954482030108920
14307.582659765274001984
13912.815131003360875184
12373.992969453285695636
10833.803961839203111595
9300.605161432422391954
7802.915948938606561569
6383.249252995979986736
5074.802583082650016877
3904.078687478871415806
2910.089926512653619284
2152.821354275696648983
1656.790774103461444611
1278.267116674448971025
1169.905532871699733732
1344.125564532861517364
2005.872277734616091038
3079.408261470328397991
4531.471459548374696169
6357.395329225144450902
6678.114105638783257746
5608.492991309023636859
4742.184955498785711825
4061.578986209958657128
3571.917090868641935231
3300.780870063233123801
3244.505412407448147860
3381.329439680043833505
3672.442492704202322784
4077.528675739439222525
4556.006927609584636230
5070.260867846147448290
5589.163472331539196603
6087.270141322514064086
6565.325892050460424798
7024.424111727014860662
7441.416006866483257909
7773.658831601274869172
7974.904068227902826038
8005.196044894697479322
7879.316598568406334380
7689.686073526334439521
7508.663332259147864534
7289.390596523180647637
7005.010591928159556119
6632.596073994974176458
7309.393290725374754402
7920.595345718571479665
8507.244652961500833044
9086.985283599404283450
9208.172679593488282990
9311.064287547736967099
9394.061136759963119403
9467.195435457171697635
9532.571039424396076356
9584.730224460645331419
9635.601739420995727414
9675.183107376677071443
9684.406675461768827518
9659.035073526321866666
9618.280834362862151465
9570.593460755742853507
9520.187375194012929569
9467.480772773578792112
9383.990571170827024616
9256.738237893046971294
9077.993869142668700079
8863.491861632584914332
8649.699060505627130624
8462.561976318058441393
8303.234563635003723903
8160.381526028671032691
8011.593573335522705747
7759.343771570821445493
7515.680327822446088248
7281.385680104072889662
7050.168930559995715157
6831.834091515269392403
6628.586947976597002707
6433.482000364582745533
6222.748945325224667613
6004.717328247815203213
5770.502537774054871988
5548.668679540403900319
5360.361790522263618186
5122.043504914641744108
4867.375577418822103937
4672.503548505731487239
4204.422931018147210125
3610.021886298779918434
3061.768446037272497051
2449.001541901391192368
1556.138955416833141499
688.462885045631196590
731.349963141323428317
591.782017245198630917
527.291001841823458562
175.281765539385077091
20.040111959434099731
2.123565201401054647
0.744673031421801190
0.727537713153709853
0.888275672621920198
0.093629455257697003
0.146934029313417119
0.292748176904941648
0.170774496175987750
76.612813207595579001
442.027300852883456628
6366.170056175646095653
5911.909089858271727280
5438.312268236238196550
4965.052555551741534146
4548.855188605983130401
4138.388216134588219575
3999.168302911478349415
4004.926200136893385206
3994.592104928356093296
4014.405685806931160187
4174.805467477761339978
4332.990617365195248567
4490.083177314573731564
4743.703283690691023367
5094.725297538107042783
5493.379862547540142259
5920.458081303312610544
6320.587108349416666897
6686.269124231219393550
7057.633153714765285258
7442.129594589982843900
7803.327042766612066771
8152.889240050504668034
8505.215164594657835551
8850.842560828343266621
9187.145801706397833186
9534.399721422721995623
9838.962414135947256000
10052.934953279071123688
10247.040515221056921291
10449.046094335100860917
10680.587899918307812186
10938.155700135328515898
11183.905336261133925291
11447.675781772071786691
11687.232442166920009186
11866.291697541053508758
12025.302993170676927548
12211.448267039339043549
12430.681590784855870879
12663.556488669582904549
12872.021775226641693735
13061.192650877266714815
13195.337720964031177573
13352.280668016668641940
13553.573261798257590272
13784.023219508055262850
14006.550026459346554475
14217.773055506053424324
14437.288039130606193794
14655.177591707095416496
14806.421058222544161254
14905.832482285037258407
15383.125837777912238380
15884.474004745861748233
16437.528379650244460208
16653.371725630335276946
16843.079028951247892110
17074.279971127023600275
17249.471579380689945538
17320.002778824637061916
17344.092646229546517134
17528.699595653026335640
17897.374277240185620030
18390.829905197802872863
18876.667315610968216788
19289.446436617778090294
19604.240679076156084193
19838.736255774183518952
20016.387564893200760707
20163.571842303626908688
20302.039212045172462240
20441.446229604349355213
20583.071025305835064501
20671.013397293838352198
20657.202005183786241105
20562.308262900089175673
20464.202669978592894040
20459.447878554175986210
20639.652270696282357676
20972.249056275835755514
21241.240933413453603862
21280.964361003010708373
21215.103577904956182465
21115.755622969340038253
21045.814952692911901977
21111.808523888550553238
21203.845107358025416033
21256.336467623183125397
21253.393428402359859319
21252.355871971896704054
21253.805772290288587101
21268.062748395746893948
21273.907644284154230263
21267.726546388559654588
21263.501940182206453755
21231.855856477526685921
21196.825074068510730285
21203.899553012430260424
21260.959706948324310360
21316.962708552189724287
21346.363856805008254014
21333.769400570541620255
21274.128234323132346617
21236.214490863494575024
21255.050669486980041256
21357.998594373657397227
21519.283159677823277889
21664.741642569842952071
21746.437072602115222253
21776.000447983864432899
21793.190093189743492985
21861.870689603674691170
22011.547686522353615146
22184.444174715586996172
22377.913382957834983245
22603.481457685542409308
22829.579693936269904952
23040.439041019344585948
23240.746422308322507888
23475.604062941831216449
23710.834547405564080691
23955.047327841009973781
24124.664459198473196011
24153.281663132267567562
24229.852592935461871093
24252.953210771320300410
24014.287403923633974046
24310.973310404438961996
24459.728436767039966071
24307.809328715127776377
24098.603784583632659633
24337.673082097589940531
24254.249392131263448391
24139.438289236171840457
24270.268630530310474569
24096.674841827600175748
24277.340589484181691660
24334.437709699472179636
24261.300100004988053115
24155.461648270142177353
24056.758749574524699710
24028.561645531939575449
24139.004255495299730683
24296.831501299959199969
24349.085383496712893248
24331.714088768290821463
24255.338361933099804446
24215.948700697335880250
601.338844623993509231
