3289.022796476844632707
2941.669203970533999382
2594.315611464223366056
2246.863537911635376076
1897.338985451842518160
1547.814432992049432869
1399.413841757327872983
1363.099602539839906967
1326.785363322352168325
1324.318045053020568957
1388.231106075744946793
1452.144167098469324628
1516.057228121193929837
1670.129481971675886598
1888.779427570958659999
2107.429373170241888147
2326.079318769524434174
2544.729264368807434948
2763.379209968090435723
2982.029155567372981750
3200.679101166656437272
3419.329046765938983299
3637.978992365221529326
3856.628937964504984848
4075.278883563787530875
4293.928829163070986397
4512.578774762353532424
4670.386837593922791712
4694.968784140620300604
4719.550730687318718992
4744.132677234017137380
4768.714623780715555768
4793.296570327413974155
4817.878516874112392543
4842.460463420810810931
4867.042409967509229318
4891.624356514207647706
4916.206303060906066094
4940.788249607604484481
4965.370196154302902869
4989.952142701001321257
5014.534089247699739644
5039.116035794398158032
5063.697982341096576420
5088.279928887794994807
5112.861875434493413195
5137.443821981191831583
5362.816534781669361109
5642.436176749624792137
5922.055818717580223165
6201.675460685534744698
6481.295102653488356736
6760.914744621444697259
7040.534386589399218792
7320.154028557355559315
7599.773670525308261858
7647.225773501182629843
7627.352309253476050799
7607.478845005769471754
7587.605380758062892710
7567.731916510355404171
7547.858452262648825126
7527.984988014942246082
7508.111523767235667037
7488.238059519529087993
7468.364595271821599454
7448.491131024115020409
7428.617666776408441365
7408.744202528701862320
7388.870738280995283276
7368.997274033287794737
7349.123809785581215692
7329.250345537874636648
7309.376881290168057603
7289.503417042461478559
7269.629952794753990020
7249.756488547047410975
7229.883024299340831931
7210.009560051634252886
7190.136095803926764347
7170.262631556220185303
7150.389167308513606258
7130.515703060807027214
7110.642238813100448169
7090.768774565392959630
7070.895310317686380586
7060.417094980121873959
7056.612746109719410015
7052.808397239317855565
7049.004048368916301115
7045.199699498513837170
7041.395350628112282720
7037.591001757709818776
7033.786652887308264326
7029.982304016905800381
7026.177955146504245931
7022.373606276101781987
7018.569257405700227537
7014.764908535298673087
7010.960559664896209142
7007.156210794494654692
7003.351861924092190748
6999.547513053690636298
6995.743164183288172353
6991.938815312886617903
6988.134466442485063453
6984.330117572082599509
6980.525768701681045059
6976.721419831278581114
6972.917070960877026664
6969.112722090474562719
6965.308373220073008270
6961.504024349670544325
6957.699675479268989875
6953.895326608867435425
6950.090977738464971480
6946.286628868063417030
6942.482279997660953086
6938.677931127259398636
6934.873582256856934691
6931.069233386455380241
6927.264884516053825791
6923.460535645651361847
6919.656186775249807397
6915.851837904847343452
6912.047489034445789002
6908.243140164043325058
6904.438791293641770608
6900.634442423239306663
6896.830093552837752213
6893.025744682436197763
6889.221395812033733819
6885.417046941632179369
6881.612698071229715424
6877.808349200828160974
6874.004000330425697030
6870.199651460024142580
6866.395302589621678635
6862.590953719220124185
6858.786604848818569735
6854.982255978416105791
6851.177907108014551341
6847.373558237612087396
6843.569209367210532946
6839.764860496808069001
6835.960511626406514551
6832.156162756004050607
6828.351813885602496157
6824.547465015200941707
