85.343061936672313550
36.523404431969957784
36.000426314886119883
32.343011254535369403
32.203453834378386489
32.184174589126556043
32.157256225622496970
32.125985860734751043
32.110657091183327339
32.105369368008993547
32.099554767034661040
32.095699362203262694
32.093151922572744184
32.090146897192752817
32.087816831587005595
32.085215845603656248
32.081724859241845138
32.077651052879744498
32.073336579526909418
32.069220786590982186
32.065378174329886463
32.062007261233468114
32.059112357122351966
32.056691114343983884
32.054735665640507136
32.053139300875358231
32.051817605544513867
32.050705466201790728
