4.374215852943436289
9.417236339009264157
15.855812328805164668
22.788802405445480304
29.595921123124178109
35.848592115039494388
40.170982243287411961
42.741296223859492898
44.677353394574289780
46.013564330673204950
46.533503979548818563
46.681738641168990966
46.451191634367688721
45.354945199034929715
43.206696902508213043
40.205852532833795010
36.809124083257387383
33.840730644550205852
31.417999380759894734
29.007900114084364418
26.515824334139566076
24.335911360334463893
22.422757351385584457
20.603343915474766845
19.018158163084066814
17.735488156494298551
16.575239487575530006
15.884979317342285299
15.794043658512549655
16.223442401385412381
16.699921169542591315
17.050787938696160495
17.440868087572937384
18.105881896749338011
18.728855044794940454
19.370022750744567475
20.480124516686672109
22.049349050150752305
23.396548671862518631
24.396392538380524684
25.313101816080376238
26.633544166557129529
28.288334294429574811
30.095798184633906658
31.603947511773384349
32.516372084116937913
33.033673786182220056
33.603557056231608158
34.244589036038036056
34.707857534054170401
35.092907678211275879
35.988704769857918109
37.163116525190929451
38.590981273216016234
39.869919428361100699
40.687618890772085933
40.706495852513569389
39.955574423494994107
39.086970895323872810
38.969261964146483024
39.138171238786014783
38.452680485597966253
35.568719821697726502
30.340509037833044204
23.754104582655770628
17.246016082611362208
11.543471474648299591
6.854526923230196189
3.026279820342494986
-0.196787804425241575
-3.078064481830182331
-5.812116043317644198
-8.460551616758095861
-10.897270564578178664
-12.749540476863330696
-13.773812935780341604
-14.201164767546032408
-14.707151031778693095
-16.105459655860443036
-18.841086054599514910
-22.345270486037009050
-25.266169467209323329
-26.769641455168340372
-27.155299797469410805
-27.031769604821249686
-26.920745322119046250
-27.053196832005596661
-27.270149188997436340
-27.296376186934480756
-27.089744918713847710
-26.859680698703414237
-26.691293642308323797
-26.591306985774451732
-26.495606805680949947
-26.365279347130353926
-26.190542575642837164
-25.945129213238942611
-25.744523661251321300
-25.761413117749441426
-25.981291876583213707
-26.165292786828047156
-26.082470309593418278
-25.624132200838687368
-24.882981001599148385
-24.186657492845199613
-23.840621361964281277
-23.958258862739285178
-24.345733219830549388
-24.618184096982020037
-24.519173398531847852
-24.099875539485594800
-23.657578929315207006
-23.560109679728327592
-23.982059112569572790
-24.832914616032780941
-26.022227949379498568
-27.479359878348702750
-29.079073358314701636
-30.722161030626125466
-32.380212701161838140
-34.046408140115261176
-35.650954337675443639
-37.014159198559752895
-37.873458499755145112
-38.185033858841279653
-38.178169814626414791
-37.915837223941821321
-37.409504219967516292
-36.730739484312152854
-35.912119703353596378
-34.986596545871066155
-34.022790691783313832
-33.001719655697627331
-31.800595588160831539
-30.354499545399448834
-28.680749615232002725
-26.809114440510143140
-24.785868625232012619
-22.688499426483417665
-20.630924950488747527
-18.740665367447718381
-17.107354558074121087
-15.753639040397786175
-14.634112900773402544
-13.642674569287237318
-12.643801134437751443
-11.577164140806132764
-10.501322271033131983
-9.541457385776880074
