8.969592186761474295
13.232753125908686798
18.719612978868774178
24.602481270892923249
30.299434904261126178
35.486559483430461626
39.026992989371343867
41.084817878266754576
42.642085934317016438
43.751381960346485300
44.223459759764907062
44.405922120939244735
44.278880807749494863
43.413565556927267153
41.579199537699935263
38.905851257718595093
35.848612446437776669
33.269793857691325911
31.286759317353130427
29.329092940764752484
27.288871496471045930
25.573920885796994185
24.126843043559631496
22.754498851037567420
21.593522549771762442
20.701016435587618503
19.865650174078155032
19.431295613366998509
19.527458291824487446
20.086516321222873671
20.625072744383956547
20.968774379742669112
21.289400395174212122
21.823682685915599677
22.220678914877552756
22.532064754453756450
23.235704982594228341
24.335097742582064484
25.126367017436393780
25.491362741692256577
25.723404484542726323
26.352308660742210122
27.321875308257830284
28.459202571216493993
29.307489597163041140
29.575730569165131101
29.499012266534521132
29.573783922068088259
29.842601151092765122
30.064663557479974543
30.367032798859895593
31.393346652433450572
32.909627547523882640
34.858518892709469128
36.720334284774622802
38.048323895094625868
38.401953259858174761
37.785470785347854417
36.906484319198568755
36.722915148384259965
36.792831840592839399
35.961856173413622173
32.858445415285530089
27.369632339507376173
20.566974938471815904
13.984713276458904829
8.394304410615518464
4.006803084487671640
0.642183547888151907
-1.995339875243615779
-4.214917779818563304
-6.255772089851518558
-8.217091625414070677
-9.997706973010451748
-11.231376747718996967
-11.681935912583242043
-11.607307727316850787
-11.727941893946393748
-12.904643236672455942
-15.605153447171574044
-19.224258835988507599
-22.328191117630183271
-24.028617480205781476
-24.632282902308418215
-24.768219768528865643
-24.969123888609658479
-25.457162279349603295
-26.041164788989163981
-26.407670012973397888
-26.491492477982916398
-26.496658212194518001
-26.500563168284941185
-26.503487788710856421
-26.436955653046311454
-26.265030554938334717
-25.987831998169639292
-25.592405738732878717
-25.218854554698964421
-25.069715469875916369
-25.150174483555588267
-25.227047791245468034
-25.072467999029527164
-24.583216612590888417
-23.863531415415252468
-23.260529851978787974
-23.093046854264287049
-23.472776996759534995
-24.182947778508321335
-24.801051076951637242
-25.036257414197734761
-24.919072269894968485
-24.737552728125365320
-24.853913468914072382
-25.428431424642042202
-26.346012603068913904
-27.498291837165766083
-28.805523149643704528
-30.138176274904651564
-31.401864910779124784
-32.584641964140587334
-33.705795565990115392
-34.726206981001610075
-35.495373853277556009
-35.775618537718685275
-35.556823385380255331
-35.109363861660597195
-34.514156621611277842
-33.783168823673634051
-32.999283081732642131
-32.230979906079198827
-31.539085170160262805
-30.981882366085130798
-30.507436437574938282
-29.958140337812324105
-29.220662019482574578
-28.260203351609789024
-27.090179223934512720
-25.776405523052460467
-24.409058923745021730
-23.079893883615170580
-21.863216242555893132
-20.783896586189598565
-19.811798612390077778
-18.883088666639594067
-17.915397636974034867
-16.822138293889281613
-15.595153505927555670
-14.333559873688500375
-13.184308289726573094
