5252.319142354321229504
4369.946923290781342075
3232.354961578351321805
1758.867351820897283687
1177.096310522219255290
1886.369126102502377762
2222.495498275959562307
2348.741842840287063154
2487.453027910099990549
2546.186588601756739081
2925.397423085285026900
3329.874319929987905198
3786.338586229617703793
4184.876331945736637863
4529.481531291645296733
4881.700321622471165028
5261.236225577196819359
5742.022536492480867309
6311.647764030119105882
6874.523049315107527946
7392.080266246023711574
7892.413988023038655228
8349.313623478263252764
8728.897683679517285782
9068.807964144747529645
9393.355095493032422382
9676.200045168627184466
10005.044330861506750807
10454.399528300524252700
10938.621846180274587823
11409.268372302884017699
11822.780298249399493216
12175.723521787544086692
12508.667142857333601569
12749.876085349669665447
12967.546284025809654850
13246.269614062561231549
13536.127417811581835849
13762.180848774718469940
13913.294100982879172079
14008.780435710352321621
14050.360399690176564036
14031.124625528249453055
13531.563563852958395728
12986.849166010282715433
12119.343897906061101821
10725.426162516256226809
9460.094123711207430460
8949.991233865755930310
8746.590962930777095607
8633.296575633703469066
8673.677930520711015561
8774.840812178012129152
8378.900781532718610833
7968.789801422457458102
7632.444430816632120695
7414.455662892253712926
7276.039076102248145617
7194.130288991505040030
7146.430730192118971900
7118.854399857603311830
7108.242290888577372243
7127.309458295234435354
7207.994158142024389235
7397.291663189508653886
7740.325311783206416294
8056.715246915255193016
7724.540098568267239898
7388.500520351785780804
7188.616863338988878240
7096.094995562824806257
7062.188924750630576455
7049.487727986534082447
7030.480426561734930146
7072.691520196107376250
7238.223526531734933087
7656.746135599080844258
8481.453271904112625634
8999.654460788640790270
9227.700156760090976604
9203.980865101131712436
8882.473216839303859160
8484.863483806644580909
8072.520391696823025995
7642.809634833528434683
7282.975596765997579496
7073.070440460766803881
7257.196063627086914494
7759.703415135713839845
8430.064319949475247995
8273.875304080263958895
8181.546883126642569550
8133.005263083515274047
8156.155885780151038489
8247.004892511433354230
8370.648708307904598769
8564.317246904534840723
8776.942330951997064403
8922.407331463586160680
8978.017677448124231887
9020.667930081210215576
9088.585185079675284214
9252.745063344125810545
9469.312346310505745350
9486.506859674447696307
9317.215518872830216424
9051.574981287565606181
8674.867253591077314923
8316.549157606348671834
8070.586797431082231924
7936.035287526076899667
7867.094874730436458776
7761.830688767523497518
7278.042650145051084110
6820.949360676989272179
6404.494666536968907167
6001.024955276618129574
5640.626820705050704419
5342.507830968279449735
5093.974210567338559486
4817.667981869987670507
4548.065685702472364937
4255.866667103042345843
4072.785248054382009286
4105.411695119661999342
4069.702050040141330101
4202.454307759718176385
4534.849864765612437623
4567.161430977133932174
4967.003122864441138518
5097.811391099126922200
4945.577246435199413099
4520.886646283296613547
3843.510169647011025518
2947.837544013874321536
2030.055230675618531677
2021.329011906864479897
1488.438857210762080285
1150.511351663333243778
633.100003517436903167
204.463581027861863504
18.125008920143088176
0.989977307082780422
0.069903417005784618
0.005777748935126422
0.011177344949526911
0.202956493680624572
4.375767363459145187
9.523138149538779018
3312.583246140804931201
3593.837823846303763276
3891.466618464562998270
4205.661103627594457066
4536.291932181837182725
4403.474971102387826249
4363.186175885688498965
4382.868379417823234689
4392.907502077893695969
4413.977005061367890448
4605.763953041754575679
4795.641005167997718672
4999.398820187991987041
5268.841560064500299632
5610.501878752906122827
6004.269532021434315538
6436.340963801791076548
6871.640697165886194853
7298.355634676508088887
7728.993285121056032949
8159.571799772573285736
8568.635537495720200241
8956.320058778763268492
9330.867237560172725352
9683.874246994750137674
10015.316193636439493275
10342.859573495814402122
10648.440928004540182883
10915.222003587494327803
11171.426184059615479782
11429.878015067344676936
11699.321975695294895559
11975.094216389352368424
12239.221779725956366747
12509.711280427860401687
12763.293734623166528763
12973.994578767908024020
13159.842363992878745194
13348.442683500352359260
13548.747347450600500451
13760.685961076003877679
13989.446479003308922984
14242.313373469189173193
14367.623042145582076046
14521.263418495929727214
14793.122278439137517125
15250.482138833687713486
15696.853632153186481446
15943.317294137363205664
16128.739448734067991609
16318.711350479705288308
16491.881645517376455246
16674.319926380034303293
17034.304342035924491938
17418.893217803197330795
17794.757181957629654789
18140.060353945522365393
18458.413759531234973110
18749.922434000291104894
19016.328925961202912731
19258.696126032275060425
19230.920054484984575538
19178.461122784909093753
19099.765039266250823857
18992.945266980601445539
18857.754532798651780467
18760.677405918690055842
18900.170087137910741149
19083.847040348893642658
19270.906631184894649778
19466.842128038195369300
19677.750713297453330597
19901.718562292771821376
20130.559023457539296942
20324.948010470216104295
20447.227005766610091086
20441.828270261019497411
20253.251995379803702235
20104.190052856698457617
19995.622166157267201925
19923.623681284181657247
19911.367965999914304120
19899.509367478112835670
19878.838400907596223988
19860.420899183947767597
19828.108148008970601950
20235.077003706719551701
20550.724819676732295193
20806.402915572321944637
21051.165630351530126063
21049.038547008014575113
21067.028032843554683495
21109.446202654446096858
21162.777599735280091409
21221.507779599029163364
21289.253597546896344284
21347.916162571375025436
21407.191545606649015099
21487.873687999359390233
21591.075209853017440764
21686.776911925553577021
21756.730144996952731162
21773.354477718887210358
21746.821002263139234856
21754.513382127501245122
21793.978816882496175822
21841.067195738331065513
21906.802895031527441461
21960.161622995623474708
21982.680600567637156928
21984.817222090667200973
21988.736251061309303623
22031.203440169378154678
22039.884911624507367378
22075.244874172989511862
22135.315001486735127401
22228.361161064487532713
22341.943347025269758888
22463.912140809970878763
22589.596033434001583373
22733.392287800252233865
22875.779633147914864821
23018.160079277757176897
23113.492584508145228028
23123.393626756449521054
23130.756577221924089827
23058.100235311649157666
22892.660055757725785952
22787.081275352902594022
22719.462085929248132743
22700.831681354902684689
22735.881377533340128139
22821.475667948019690812
22952.261402275336877210
23008.012020071193546755
23049.102924422750220401
22806.357673305323260138
22721.648732887166261207
22630.950042365348053863
22649.129124374634557171
22710.410676243885973236
22763.081380910807638429
22811.862303324516688008
22859.930832285783253610
22898.016181793118448695
22928.107606581481377361
22951.808098325476748869
22970.412398094103991752
22985.011815415095043136
2142.475736157786286640
