3.863355418109719608
9.059957002681684912
15.668031141229619152
22.772558985414690369
29.713119684924336639
36.036868156651777895
40.378743568097227978
42.910173701188746520
44.750099811205195977
45.972270848411056932
46.391342042713553440
46.437797299516951455
46.105903509335810497
44.931596641011346094
42.733576301090138827
39.708422358352507331
36.317401215447802088
33.389211154601710518
31.042787940850743666
28.743809893449821402
26.393885685224674376
24.381466577573064569
22.654172077351049097
21.031232779959950108
19.644925288286444243
18.554874527172913190
17.571572167513025420
17.033219023457846220
17.063469863220490197
17.582587941747434002
18.117116940103628053
18.492741222620722397
18.870758169081454980
19.481547910975365312
20.002318850690301133
20.488721358938335015
21.390382441961946824
22.700147283756962224
23.741876726092243644
24.397377076049707512
24.940769332567469974
25.871984294458599152
27.137862761692701952
28.575796386732747578
29.755144946210435819
30.402368576596103367
30.741423326573311670
31.242364116382816519
31.942979965755966987
32.607609786106365846
33.339671300234527962
34.718912354006647547
36.486242267122207750
38.564935755205652868
40.475390385430443985
41.818112898047388626
42.180636836149545843
41.546951921738440205
40.561578374041062034
40.121873785649654565
39.821724245104945794
38.595747776947149532
35.178781454650874139
29.494500999588296963
22.580379454091996649
15.902503121453577251
10.196000492844007113
5.657897087693527283
2.109369889668982978
-0.741475351581414088
-3.200499860803716956
-5.506635001175482103
-7.763549755171993638
-9.880590381503623121
-11.509692040795187040
-12.417991902242249580
-12.832270700153969756
-13.411007761672465222
-14.943317372383091879
-17.848859582941884128
-21.538516981117254545
-24.647907170037285596
-26.337741545063352078
-26.907227400348915580
-26.966006220761983059
-27.035453581130070688
-27.343296539140681034
-27.724017558367961556
-27.893109701262915223
-27.797698943747150224
-27.636779689994796172
-27.487187726522222420
-27.351010570613766504
-27.164005216684870447
-26.891862081163026232
-26.533842000409720185
-26.076508474490992739
-25.651077481894787979
-25.447774607092412680
-25.470108827760668646
-25.496154971877672324
-25.309241186323617967
-24.810960415971351267
-24.099588437850229639
-23.503613196180708655
-23.325105093611284701
-23.670387969659657301
-24.335134040169236869
-24.920403245388797586
-25.151840941857017242
-25.059095700796603978
-24.915502758223681212
-25.064710759321258138
-25.659659652487448511
-26.593211908120622411
-27.764947760289146572
-29.101561516041442701
-30.482406827984164011
-31.819697843849212404
-33.102710659009744631
-34.347889769618575428
-35.512938802193843912
-36.447377744589573467
-36.916421390095308652
-36.899523595105449658
-36.642175109796710331
-36.214678466001316792
-35.626864318970035583
-34.944438902685476478
-34.194830814922397622
-33.402435404822654164
-32.621388781075950192
-31.819617899791126092
-30.867463989468262753
-29.693356493028318255
-28.305240068738612536
-26.723696546690462128
-24.986301399493413555
-23.160493021731156205
-21.345743101142431897
-19.647946832495961189
-18.129508436589901521
-16.789112365964683704
-15.571467560802091157
-14.377584751815049913
-13.091213202869084853
-11.677634083850136903
-10.222501904368357373
-8.875128470845538686
