85.343061936672313550
33.232807564917635545
32.686488890584271871
28.220496159172881789
27.981402211324947871
27.966405683769892221
27.907517085537829615
27.897736680905392603
27.892820081591537473
27.888440817769719615
27.879024710745543558
27.855311658978024525
27.845088681207336379
27.837709606443745258
27.828191175518345091
27.825824594146347124
27.824744434167417495
27.791170190549731700
27.771107779904859569
27.758028919443439975
27.748703753717325782
27.741469956991206658
27.736728132834777227
27.733496757764505958
27.730837272987745479
27.728425820712715222
27.726432111435240557
27.724149866201429404
27.720968273746855459
27.716999466493298598
27.712373352561940010
27.706280084626662585
27.663106376905883366
27.656240005862706255
27.649575428663467846
27.622026174190438041
27.615391878417270277
27.609986501226437383
27.605049940619245774
27.600453514671151822
27.585358926531476698
27.581222683839257570
27.578014195295136091
27.575161455439449298
27.566593362170607406
27.564089766247125368
27.562200039820908160
27.560548397596384973
27.555734867325256232
27.554230376162347937
27.553124873115489635
