3.350820629808424655
8.526420556148437413
15.105464061869191994
22.190413909515228852
29.172581686736762663
35.613231280818830271
40.123904136240113871
42.875349693240522697
44.972828465043299673
46.455952260319413938
47.158019018722427518
47.526275640181111726
47.484605548651337870
46.386300680947627484
44.104256229876519058
40.956940110247550990
37.431061863268396905
34.346775144505443222
31.809848284185861189
29.273273611829253582
26.628217568916511482
24.256309801586496633
22.103968894709268511
19.998395303864754169
18.095496782748284659
16.505226149324343510
15.124858906066549480
14.388940553788387433
14.446411382741842999
15.150630520180840222
15.960117515429587343
16.673424964896071288
17.427609865373270281
18.406783305778702697
19.234540657517982254
19.931909050851629672
20.971154014636326224
22.414696692408156764
23.650749863961479491
24.598846617709540396
25.547676618025832340
26.992008220556613196
28.852982604678629741
30.916043174542380712
32.659118407065278689
33.655657565471528869
33.915458795077654486
33.775710536420348262
33.403381041783546834
32.823767509654061314
32.380003643371736644
32.867804289079202817
34.223248048933726295
36.426741009787946268
38.825841292214136047
40.777941381844357238
41.722003491969047673
41.610574788295906501
41.113210581897078555
41.147791344130496327
41.301863335160334145
40.480351929266134903
37.377557339001839409
31.879062569878186650
24.996710882417147559
18.188234420248676315
12.197370672767078759
7.243044588708357878
3.176973886214966569
-0.257387067797395730
-3.328172503857757647
-6.235709480563286888
-9.045729930885812564
-11.632714756379698429
-13.620199266783174608
-14.756972482033546612
-15.263817905132043506
-15.805212262392529965
-17.184996581782939984
-19.841430479354471572
-23.203650508194186841
-25.923348426802590438
-27.175936716976025309
-27.276277658864160003
-26.852845623354369309
-26.449692621517897351
-26.319246304100943235
-26.319549553730155367
-26.186809437951467316
-25.885696996231615685
-25.628645510439696409
-25.500161553694340455
-25.502837344533361374
-25.565180158201428640
-25.638161151569534013
-25.699840700200411447
-25.710553874098479810
-25.771983902996282723
-26.043420508495728427
-26.498090771236775254
-26.886590302824117771
-26.969591850573010561
-26.632381941660185021
-25.963952739754063259
-25.290237856035616915
-24.916482855542597008
-24.956804784751170700
-25.218776072469324845
-25.320045419337475323
-25.009112137018178146
-24.346419061750737001
-23.644322212332326671
-23.291290020234896474
-23.485551874330099054
-24.158820826841065355
-25.236706246853543689
-26.654892844446749223
-28.282968912559908858
-30.005354224876498392
-31.770751435481201952
-33.553964585783376151
-35.279863561860111076
-36.773074659775147666
-37.779140579960312607
-38.260997941546406764
-38.441148989734642782
-38.338568776716726916
-37.878319549852164982
-37.108445888503013066
-36.197350441602679894
-35.307235725444797936
-34.472205202944905977
-33.578621352740128714
-32.450159262458555531
-30.917421111147916690
-28.889071849968672723
-26.462160918094241424
-23.918143755129733563
-21.571633115381587231
-19.632871213864461879
-18.147559021004781243
-17.002246452127963039
-16.001922177088715671
-14.990246870311921157
-13.911767644345786721
-12.766372386982823173
-11.596809495308434634
-10.486368243653885202
-9.526360677083687278
