51.617647468592920745
11.807887693340184398
9.303911782548425435
8.555321274596670023
8.537623377756961673
8.100404356832429542
8.081806035317042003
8.079225235021889162
8.077150968799770681
8.075093436876169761
8.072757012101357432
8.069779776737600940
8.065754401332210222
8.060584436210856296
8.054925090020997658
8.037149394012446990
8.024310922433949500
8.023174359966649405
8.022133858109839366
8.021087313151280540
8.019943433956344236
8.018564819408531719
8.016755247207703050
8.014308517382994879
8.011176279068667583
8.007651264187195750
7.993930267715276372
7.987232901342077085
7.981740936808972897
7.974703482582704339
7.966485437709550865
7.957899663814119506
7.913064407908528608
7.806457298182619908
7.733824576365554648
7.644048820764568930
7.492902725697616617
7.476111570935211503
7.469491489250495775
7.466758782158459340
7.465312572295434101
