1832.209607619012331270
1696.888683663885103670
1505.279298765302655738
1266.281689919646851195
1301.717944345046589660
1366.413214404007021585
1487.569791002470765306
1668.858955048719735714
1896.142423845102030100
2150.285746583977470436
2541.863913859739113832
2946.382839456759938912
3366.751754329656705522
3804.515996577175883431
4257.618273534109903267
4721.088148646401350561
5188.407627068682813842
5652.333498205377509294
6105.370474032164565870
6540.412034292374301003
6951.667923145644635952
7335.700817026149707090
7692.336132855747564463
8025.212379083109226485
8341.606926905380532844
8651.324453094968703226
8964.849640649108550861
9291.216053337793709943
9636.238330256681365427
10001.617344932443302241
10385.036096394702326506
10780.994011149485231726
11182.057516810102242744
11580.156037190434290096
11967.661160231364192441
12338.152861881218996132
12686.853999798271615873
13010.735067461435392033
13308.395835500867178780
13579.830715046700788662
13826.099897375397631549
14049.001814471745092305
14250.818729505415831227
13947.922561397384924931
13628.988120494370377855
13296.838929324656419340
12954.665901385533288703
12605.984021896098056459
12254.609442175995354773
11904.692966225222335197
11560.792921886899421224
11227.907579745480688871
10911.371427914813466487
10616.529254871396915405
10348.224258580456080381
10110.202702248932837392
9904.644177310279701487
9731.942766785146886832
9590.752970275119878352
9478.249443335729665705
9390.587705291596648749
9323.566741726304826443
9273.519204420195819694
9238.150532084335281979
9216.885579333740679431
9210.556232521295896731
9220.711501699310247204
9248.911145565401966451
9296.137263133947271854
9362.315289522717648651
9445.930278349369473290
9543.760933952307823347
9650.797323248832981335
9760.416935460963941296
9864.860330451590925804
9955.979034292764481506
10026.127855659418855794
10069.121544089170129155
10081.146910340055910638
10061.389175828480802011
10012.106296503034172929
9937.992725418665941106
9845.159955465021994314
9740.371177158154750941
9630.685509990227728849
9523.276296953599739936
9425.346040391616043053
9343.924605646885538590
9285.427373423943208763
9255.027842185543704545
9155.710037253009431879
9089.008052451818002737
9053.770587279261235381
9046.843332119598926511
9063.759786832937606960
9099.405278324960818281
9148.414430108810847742
9205.229155666116639622
9263.882853914095903747
9317.763600099495306495
9359.627943290628536488
9382.000617159712419380
9377.931743594048384693
9341.956233043680185801
9271.026930388712571585
9165.255989918801788008
9028.112227198098480585
8865.947926742052004556
8686.908864638186059892
8499.605744362788755097
8311.976343809750687797
8130.553470640138584713
7960.206422636601928389
7613.844545862155428040
7284.313671806619822746
6973.073661691249071737
6680.727042235577755491
6407.049351803343597567
6151.129317731006267422
5911.684993261495037586
5687.476583518799088779
5477.587607262426899979
5281.344770944228002918
5097.817186666970883380
4925.144117121825729555
4759.979812254719035991
4597.188473672737018205
4430.054868600027475622
4250.709101846692647086
4021.530652174678834854
3763.008141455385157315
3467.277279934357920865
3128.469831815300494782
2744.314703050187290501
2317.938126022091637424
1859.398026651201689674
1386.220176758155048446
930.157825684794943299
542.243853727520104258
265.120983813168550114
114.924963896820457876
61.490336813467806110
57.423145591360423623
80.385239705617749451
122.705894466011983468
177.504562463446944776
237.645664872563912695
295.795661068629044621
345.036655650255738692
3799.367895574504018441
3923.720882437035925250
4051.497498569853178196
4181.891649149029944965
4314.033140373941932921
4447.042964525386196328
4580.095785994922152895
4712.482821279729250818
4843.668118450164911337
4973.332460244530921045
5101.401269124261489196
5228.055217176223777642
5353.724021833781989699
5479.064819676652405178
5604.926694766084438015
5732.302837110467407911
5862.271940693259239197
5995.931123774075786059
6134.323919174151342304
6278.368547062412289961
6428.793384297086959123
6586.087857551568959025
6750.477419593955346500
6921.930376165661073173
7100.201733903640160861
7284.914862739633463207
7475.675924650250635750
7672.209601746682892554
7874.499025143354629108
8082.909488030689317384
8298.275771413191250758
8521.937105046223223326
8755.711261797527185990
9001.808382812043419108
9262.693856738871545531
9540.916102761026195367
9838.918421766225947067
10158.854011418814479839
10502.420358402585407021
10870.724485128148444346
11264.184979752399158315
11682.471347340642751078
12124.476819994095421862
12588.317985417641466483
13071.353781242447439581
13570.217418954925960861
14080.857056497850862797
14598.583806185893990914
15118.128713442849402782
15633.714309119261088199
16139.151953277223583427
16627.982456094665394630
17093.679937803372013150
17529.931054232096357737
17930.980044690371869365
18291.999721697207860416
18609.423284287993737962
18881.165370275950408541
19106.676187031498557189
19286.802041205002751667
19423.461444732765812660
19602.439840973362151999
19743.046827188485622173
19847.585988174861995503
19917.842042337491875514
19955.073710666300030425
19960.257497998947656015
19934.511005078486050479
19879.589639326688484289
19798.349725051146378973
19695.087509950473759091
19575.684399355548521271
19447.512499841057433514
19319.085350410059618298
19199.477508494645007886
19097.578064913323032670
19021.277536600689927582
18976.704902428758941824
18967.625742418065783568
18995.083869099304138217
19057.323763970383879496
19149.979295118278969312
19266.467680826975993114
19398.500520544308528770
19536.628417972726310836
19670.774208109804021660
19942.394386923220736207
20189.851172133174259216
20404.002400393772404641
20577.333264701483130921
20704.693910453024727758
20783.834089474767097272
20815.576920757172047161
20803.591276152110367548
20753.871769452471198747
20674.125649018416879699
20573.246508643685956486
20460.947629696802323451
20347.503562020199751714
20243.475400972245552111
20159.301431808125926182
20104.703707570231927093
20087.950812945116922492
20115.087491264999698615
20189.272970884449023288
20310.363004965562140569
20474.836880979430134175
20676.118175393690762576
20905.269063790448853979
21151.957358768067933852
21405.522424813701945823
21655.935319925119983964
21894.489206589067180175
22114.160785881766059902
22309.698193550790165318
22477.548912225011008559
22615.718504402513644891
22723.587133963435917394
22801.673609350051265210
22851.360944909101817757
22874.655937317798816366
22874.084559799364797072
22852.782146160625416087
22814.738397561177407624
22765.066026143318595132
22710.138276352030516136
22657.493271435127098812
22615.488000875469879247
22592.747790824712865287
22597.476268948546930915
22636.681460912488546455
22715.364864618728461210
22835.732165011610049987
22996.519947327629779465
23168.404495237256924156
23366.495896079115482280
23578.612955186337785563
23790.855372290465311380
23990.132499818137148395
24165.619030508045398165
24310.333134410353522981
24421.762024149960780051
24501.396483449847437441
24553.493610985908162547
24583.638610602865810506
24597.588030596623866586
24600.574696363910334185
24596.983807649765367387
24590.226215012993634446
1284.306754992209334887
