4226.453337063295293774
3895.362399609884960228
3564.271462156475081429
3233.180524703065202630
2987.530426853923017916
2907.141240597421528946
2826.752054340920039976
2746.362868084418551007
2780.590696291269523499
2914.788773351758663921
3048.986850412247804343
3183.184927472736944765
3317.383004533226085186
3934.453697935760374094
5265.698622374081423914
6596.943546812405656965
7928.188471250726252038
9259.433395689047756605
10590.678320127371989656
11921.923244565692584729
13253.168169004016817780
14561.930277862551520229
15717.524830325566654210
16873.119382788583607180
18028.713935251602379140
19184.308487714617513120
20339.903040177632647101
19805.872262373799458146
18930.053233135738992132
18054.234203897671250161
17462.587126791990158381
17000.349305807219934650
16538.111484822446072940
16679.512411389205226442
17330.069344629773695488
17980.626277870345802512
18631.183211110914271558
19296.695573965604125988
20150.057705013277882244
21003.419836060948000522
21354.027015515122911893
21662.185562837963516358
21200.009893741025734926
19740.839611463561595883
18763.141951978628640063
19254.269636774919490563
19745.397321571213979041
19860.040898327424656600
19762.727672859120502835
19665.414447390819987049
19181.418274799620121485
18303.166414927800360601
18578.761395966852433048
19074.016204163723159581
19189.403138947574916529
18958.284228452881507110
18013.698781757902906975
16811.526081376730871852
16933.167613214493030682
17054.809145052255189512
17176.450676890020986320
17298.092208727779507171
17419.733740565545303980
17541.375272403307462810
17550.679205849999561906
17550.679205849999561906
17550.679205849999561906
17550.679205849999561906
17550.679205849999561906
17550.679205849999561906
17550.679205849999561906
17550.679205849999561906
17550.679205849999561906
17550.679205849999561906
17550.679205849999561906
17597.063692253032058943
17666.399365399935049936
17735.735038546834402950
17641.970859934455802431
17256.772675780903227860
17028.404778860789519968
17063.961534323818341363
16952.269137408118695021
16321.944836061347814393
15944.096133749999353313
15944.096133749999353313
15944.096133749999353313
15713.495395022346201586
15320.593247185426662327
14927.691099348507123068
14671.957625668068430969
14774.677141443557047751
14877.396657219047483522
15075.652000568874427699
15499.370003134938087896
15636.011553296040801797
15138.216976849889761070
14739.041864224114760873
14857.903018192055242253
14976.764172159993904643
15095.625326127932567033
15214.486480095873048413
15333.347634063811710803
15093.388173738245313871
14234.946506194402900292
13418.951531584974873113
13408.679580008099947008
13398.407628431226839893
13388.135676854350094800
13377.863725277476987685
13367.591773700602061581
13357.319822123727135477
13347.047870546852209372
13782.473114253045423538
14512.322305280518776271
15242.171496308006680920
15690.954203491144653526
15806.513658738491358235
15922.073113985841700924
15079.690454118595880573
14011.761695288869304932
12943.832936459166376153
11875.904177629465266364
10816.538171286627402878
10631.643042893891106360
10446.747914501149352873
10261.852786108411237365
10348.575416642341224360
10551.960057876609425875
10755.344699110877627390
10958.729340345151285874
10961.274007140724279452
10807.194733478896523593
10653.115459817074224702
10495.242161930873407982
10297.140238649537423044
10099.038315368201438105
10244.712101540455478244
10493.609389763527360628
10099.528565671211254084
9307.120872554500238039
8749.778390336054144427
8739.970649143246191670
8730.162907950440057903
8720.355166757632105146
8710.547425564825971378
8700.739684372018018621
8690.931943179211884853
8681.124201986403932096
