1164.306215500261259876
1105.727505774503242719
1010.181501373080891426
987.472080395907823913
982.841996377235091131
1045.312011761140183808
1199.972218354478627589
1437.887327552529995955
1726.206608681696934582
2449.340245658991989330
3160.838564825568028027
3851.125394573307858082
4317.515270750320269144
4757.944789101474270865
5170.324301437059148157
5552.310862105441628955
5901.694868734994088300
6216.567690857144043548
6495.439407880732687772
6737.713983187294616073
6944.601568090236469288
7120.248504837227301323
7272.837722499678420718
7415.364425503022175690
7565.439362063955741178
7743.549546384647328523
7969.822174482254922623
8260.012699064462140086
8622.188498825471469900
9055.322863534041971434
9550.127541028854466276
10091.443783291677391389
10661.298159849804505939
11241.701641951400233665
11816.656377193192383857
12373.288341458484865143
12902.232961164232619922
13397.439846064178709639
13855.699705861352413194
14276.132638947130544693
14659.678007811460702214
14454.769413272741076071
14217.352702720867455355
13950.825650310560376965
13660.080478908426812268
13351.699658486384578282
13034.091854725205848808
12717.424398463126635761
12413.278351281514915172
12133.975820784728057333
11891.516540148828426027
11696.199947560124201118
11555.210969066720281262
11471.305463722368585877
11442.099349863652605563
11460.150904448792061885
11514.005267915803415235
11589.877107664693539846
11673.470664676409796812
11751.484026374626409961
11812.623923829329214641
11848.347311045561582432
11853.458464262785128085
11826.469613364233737229
11769.414332772010311601
11687.128938145078791422
11586.262642257081097341
11474.364023496362278820
11359.065631466724880738
11247.341770549261127599
11144.822317844460485503
11055.200188023658483871
10979.811830519289287622
10917.494744615376475849
10864.802971355082263472
10816.620347238411341095
10767.039789469843526604
10710.379663064199121436
10642.202416012161847902
10560.073372117078179144
10463.756521970726680593
10354.710487228428974049
10235.215868192290145089
10107.698114227399855736
9946.537101042416907148
9781.795520388453951455
9615.758594427363277646
9451.016292000078465207
9290.350590383259259397
9136.311654569559323136
8990.656311974409618415
8967.844920391949926852
8953.035160565861588111
8944.552295297766249860
8940.629018643849121872
8892.558130037037699367
8847.163503747846334591
8804.266934403054619906
8763.461303154921552050
8723.338167483585493756
8681.004919084831271903
8632.225732608867474482
8572.232772089264472015
8497.013306898792507127
8404.695102991217936506
8420.671732387228985317
8426.031931141053064493
8428.289088098903448554
8435.605057864831906045
8455.012761939218762564
8491.208309834280953510
8546.125124840911666979
8619.239242382012889720
8708.326314656900649425
8809.987988703316659667
8921.346175573558866745
9039.434242978826659964
9161.783377885943991714
9286.608181018762479653
9412.932417051197262481
9540.600219025120168226
8896.401594056667818222
8254.985734519636025652
7617.701232175640143396
6985.744685275583833572
6359.447577501480736828
5737.456987963460051105
5116.220528871505848656
4489.784542316519036831
4537.720572870290197898
4563.508535846250197210
4537.264690775499730080
4449.822381363394015352
4298.081105952375764900
4086.516817930597426312
3827.847182100033933239
3542.336273890425218269
3255.378434655932778696
2992.999037016998499894
2776.027399264517498523
2615.369060562192771613
2510.909111307598323037
2454.513243036530184327
2434.909528255012446607
2441.499320744389933679
2465.636864417866490840
2499.964133020415829378
2537.572412456089750776
2572.436486715213959542
2252.364923394566176285
2343.870467809476394905
2431.871751670722915151
2516.277961678512838262
2597.815425451764895115
2678.255917096073972061
2760.578340585716887290
2849.024984577574741706
2949.027992562592316972
3067.002444150095016084
3210.022522662080518785
3385.410667858096530836
3600.273281560985196847
3861.011320372251248045
4172.823347872800695768
4539.206685316142284137
4961.452778024131475831
5438.128797264595050365
5964.541386594439245528
6532.193459309389254486
7128.275474161679994722
7735.283431479339924408
8330.928976553703250829
8888.592527604252609308
9378.632087586824127357
9770.823361825996471453
10037.972858231578356936
10160.272712862562912051
10129.397715750115821720
9951.049312685403492651
9644.984521917214806308
9242.476133732616290217
8782.093495579603768419
8305.101907540363754379
7851.542332390641604434
7457.492611544726059947
7153.503289015709924570
6963.920369920787379669
6906.735859523532781168
6993.653071375219951733
7230.137575704207847593
7615.304662953576553264
8141.558960756839951500
8793.958211401593871415
9549.337965811746471445
10375.330733748140119133
11229.568766714821322239
12059.590964772070947220
12804.247400396847297088
13397.550573998969412060
13775.619684075318218675
16073.972191407976424671
18004.104059203655197052
19476.827358999875286827
20443.820087219472043216
20921.941478721531893825
20995.714079848021356156
20795.283113504967332119
20464.868573758165439358
20137.999385767743660836
19925.093597585782845272
19910.572112203193682944
20154.553287243925296934
20695.208111537605873309
20069.774655013119627256
19703.390331964237702778
19535.898877289208030561
19503.257776169422868406
19540.590473659856797894
19587.017046683016815223
19591.946014197998010786
19521.459628179454739438
19362.680266345312702470
19124.217087328888737829
18832.173400208343082340
18523.031269688868633239
18235.812040864995651646
18005.641718188137019752
17859.716035744837427046
17815.572734300058073131
17881.039681368205492618
18055.180095904521294869
18329.717715572758606868
18690.578018220847297926
19119.265994497891369974
19593.884262203380785650
19874.798275102777552092
20150.819867968271864811
20396.259803263328649336
20588.501982825906452490
20711.156949502346833469
20756.466716822153102839
20725.609066382134187734
20626.632246491455589421
20471.190488055082823848
20271.878020381092937896
20041.360894453438959317
19793.252052629341051215
19543.628151264536427334
19311.790247592231025919
19119.361390752223087475
18987.685786158053815598
18934.184425673432997428
18968.524727153489948250
19089.302317036625026958
19281.760387302798335440
19517.126315177476499230
19754.353633584454655647
19944.995054053430067142
20041.034821465389541117
20003.755511785740964115
20892.321053604344342602
21600.979370068827847717
22125.134340969252662035
22478.541647854366601678
22687.524865515453711851
22783.607551582590531325
22797.077293873073358554
22752.343290569297096226
22665.251078294197213836
22542.596680825601652032
22384.102582104162138421
22186.667922666234517237
21949.900508686350804055
21681.251895024102850584
21399.075450456053658854
21132.775570618487108732
20920.407651625795551809
20804.879228703193803085
20829.961532546145463130
21036.844836601252609398
21452.265597136858559679
22102.618336575756984530
23002.991217003520432627
23028.353710211089492077
23248.922016245342092589
23594.036460780524066649
23978.865532806375995278
24312.938970910927309887
24514.488351662264904007
24526.122770292480709031
24323.676251690074423095
23913.447924114316265332
24349.768440581650793320
24625.256198419261636445
24771.267649587614869233
24822.411168390837701736
24811.650723609858687269
24766.999112197285285220
2732.656322398580414301
