2473.449156430900529813
2234.665716134004014748
1862.417033835194615676
1377.341822860676984419
1319.720359009633966707
1259.678291646105435575
1257.928220908823504942
1361.134538903806060262
1589.036582194995844475
1938.444564777730192873
2104.620791629276027379
2394.744398637393260287
2811.523828054826481093
3346.700614375947225199
3986.061292019432585221
4710.817585732242150698
5498.322563591595098842
6326.660292346874484792
7172.527509591472153261
8012.603285980053442472
8828.279670252926734975
9606.683239694200892700
10337.805541437752253842
11015.373422724236661452
11637.691485287457908271
12205.043900255834159907
12717.730752100409517880
13179.140014857146525173
13591.818923159133191803
13953.159569682666187873
14261.069361599711555755
14513.491367751099460293
14709.516475791584525723
14849.816952359115020954
14933.140905994452623418
14962.887128616401241743
14943.837226076502702199
14878.663201922809093958
14770.847159913182622404
14626.958095890775439329
14455.644962571150244912
14267.402467965499454294
14071.669569126770511502
13035.027289716223094729
12010.976111598529314506
11012.325130396702661528
10054.914686149691988248
9156.405462925458778045
8333.321976724620981258
7599.952487556761298038
6968.927106457181253063
6451.365049549187460798
6049.016626992541205254
5742.497784236205006891
5543.596661974989729060
5458.640631772641427233
5492.828542823115640203
5619.980975515286445443
5831.972087053954965086
6131.148085966678081604
6488.981848467217787402
6295.036625680148972606
6129.028799594165320741
6005.962638175021311326
5936.276876462187829020
5927.596001342853924143
5981.000583846858717152
6096.996505390782658651
6272.649990220409563335
6500.790926500928435416
6770.459268580044408736
7068.229256939516744751
7379.531065893752384000
7689.552074857944717223
7986.538197537224732514
8260.024404326450166991
8499.064816756344953319
8694.368301178432375309
8839.705424212525031180
8921.400656066745796124
8934.789241543923708377
8899.199746611426235177
8832.011788634674303466
8734.847745729184680386
8610.480638085637110635
8461.602049080258439062
8649.737129004663074738
8827.173451668182678986
9004.044345238933601649
9186.820974796626614989
9139.796377707936699153
9102.573368864268559264
9075.540632065292811603
9058.999496726208235486
9051.506628763725530007
9050.334426301978965057
9054.449097219865507213
9060.368705743114333018
9063.348352822615197510
9059.764094918196860817
9048.067483874243407627
9025.304074302395747509
8988.227761775617182138
8933.880803628317153198
8857.474673555017943727
8758.138679207066161325
8638.298321937436412554
8505.125149623378092656
8369.108530267865717178
8239.550812034982300247
8122.340894788714649621
8020.940098836585093522
7936.356510958368744468
7631.646798560490424279
7349.074979257268751098
7089.333740395659333444
6851.104885324621136533
6633.386358623878550134
6433.147171280746078992
6245.510453706282532949
6063.489515440916875377
5882.878562164964023395
5697.943658269731713517
5507.011396397290809546
5307.083663830311706988
5082.873487857033069304
4831.041844943824798975
4550.918072127580671804
4204.144032294061616994
3684.871253593357323552
3111.126658825726281066
2463.987090986794555647
1717.452891870588018719
897.083682738071956919
752.023446242028967390
541.633713213368196193
321.637353652768013035
99.097873351609649717
0.001401984834085573
0.000000000000000000
0.000000000000000247
0.000119565563967774
0.001226466656101536
0.319833184766020906
0.154401265339985522
0.340773700680248703
1.227455721047883364
131.322827567807280502
386.124941583158602043
5012.421508181948411220
5790.926463891942148621
6100.353121474856379791
5755.080203007062664255
5359.048704445922339801
4967.387634398166483152
4818.407829041140757909
4802.184914943333751580
4776.188756133880815469
4780.094372613319137599
4849.033937903003788961
4921.017678884081760771
4997.005042586071795085
5162.550313996315708209
5422.878308793299765966
5737.068372910463949665
6083.788918057253795268
6402.675446968350115640
6685.141664763578774000
6974.313833910526227555
7278.300761343961312377
7566.238989740637407522
7845.119237349751529109
8131.027029882444367104
8410.073585884665590129
8675.287714100413722917
8947.131053146395061049
9176.228057111929956591
9321.408162450052259373
9446.206869236693819403
9583.322306705056689680
9755.747237502513598884
9960.606712410426553106
10167.990075080493625137
10413.949023259188834345
10649.545588161323394161
10823.469324451987631619
10966.709439804006251507
11123.924563927299459465
11300.338798563778254902
11482.354264592642721254
11635.681024278808763484
11768.897984990157056018
11860.082592169996132725
11978.925165180324256653
12152.087029227368475404
12370.279924762851806008
12599.286986366470955545
12830.839496316317308811
13084.351127808175078826
13370.016429213354058447
13673.018287127508301637
14140.767183207732159644
15334.265453579786480987
16850.483546102073887596
18253.433193033524730708
19050.983446661219204543
19563.316340775832941290
19708.316409603314241394
19206.216928527039272012
18626.990812012852984481
17835.862124425570073072
17656.864399218393373303
17753.937908384745242074
17944.340455884961556876
18131.223302947091724491
18350.144318431001011049
18579.018703506659221603
18793.972344046476791846
18990.432943481177062495
19182.082842704192444216
19383.356689794574776897
19597.703828829675330780
19821.120390854877769016
19988.731202252660295926
20040.904389923176495358
19977.676504211023711832
19815.494760187637439230
19565.115566564501932589
19500.523752124514430761
19785.107876331752777332
20097.070713901724957395
20186.044693066971376538
20159.431599653129524086
20085.000451281990535790
20037.617165621999447467
20113.249810635803441983
20229.827439979122573277
20310.718434329610317945
20333.553736254754767288
20367.033039415098755853
20401.875226005224249093
20448.645807298955332953
20483.894632563267805381
20503.600725408614380285
20523.652278760735498508
20513.294744769198587164
20498.603923268790822476
20528.306231117578136036
20610.457655777918262174
20689.509109756920224754
20737.207844461143395165
20736.050158860678493511
20680.516052030307037057
20647.318683535650052363
20676.810058528913941700
20797.335101052765821805
20979.676347293912840541
21143.564912159101368161
21237.412303974771930370
21273.838172354186099255
21295.748593960346624954
21372.081125584747496760
21528.824190139810525579
21709.605842879231204279
21911.618945763460942544
22147.106854700079566101
22382.179446217160148080
22599.957103745080530643
22804.869291097100358456
23039.644724114037671825
23274.083339839729887899
23517.512543722361442633
23679.895752353568241233
23693.161701944933156483
23762.947539972396043595
23787.303975031933077844
23579.257964468641148414
23837.490027247000398347
23973.593400625144568039
23862.761582683866436128
23719.044770816439267946
23973.720416941010626033
23940.958724387422989821
23868.808946234301402001
23972.562829432492435444
23704.818598971829487709
23835.897046755948395003
23883.831495952646946535
23861.569957824533048552
23838.472513473967410391
23821.954227108344639419
23857.359801569335104432
24010.515449421109224204
24229.375738243463274557
24410.004723580979771214
24590.749789745215821313
24732.379171853073785314
24852.363552729202638147
0.000000000000000000
