63.061622509763836320
48.093169989421824084
41.164400496147180775
37.143258836055338179
34.524858791471842778
32.658081157671546180
31.234335831772249037
30.116183732302445719
29.242377180879358889
28.466518848231963545
27.793819063433346628
27.228778665825430494
26.744422782173401743
26.317945196752731363
25.943725213466066748
25.610699327311472473
25.311326876550495513
25.039754007082343890
24.792129330143662713
24.565999419649834579
24.358612662526837767
24.167486703003035586
23.990672065941275548
23.826527056491130452
23.673636901648084319
23.530771143643121945
23.398595557284643576
23.269729073947097220
23.148354679497998632
23.029877419854056342
22.911671745617763207
22.804175735317020468
22.701038089511918372
22.598309687340194074
22.509149301170136681
22.417879234192987781
22.329517155382443860
22.244473079953912986
22.169272171943301686
22.090350269392871496
22.013362745238413964
21.946159852076611685
21.874725556094084311
21.811801845034867853
21.744598686763275452
21.676645495898881677
21.619281377206355899
21.564619746541328738
21.511923185168665640
21.460930217973434253
21.411499065073375192
