8.008945120541277163
12.370359556924675815
17.955073923647361767
23.934613527147284628
29.727204017165732353
35.004120352252179771
38.621293942024720991
40.740745718454796531
42.348658685752582187
43.505056463369257358
44.026144080634708189
44.254158983578683717
44.164649851536488256
43.327715126064568096
41.513079966746133209
38.851771619671829683
35.799729174094061079
33.219947919661606761
31.230373297972874980
29.261102849914792046
27.204683854114364294
25.469391985808812251
23.998276470669139826
22.598656261580501337
21.407643032919395409
20.482840719628597981
19.613447186983066217
19.143890767457847346
19.204265164005690281
19.727574828503122717
20.231096153846564789
20.541204850900271595
20.830469958793145224
21.336475014712263487
21.709187242459677236
22.001242679866521712
22.691509555577852097
23.784528446122038758
24.577510881102355711
24.953465784375978842
25.207002379193568231
25.869459985596918727
26.886538516601405036
28.087771548590708903
29.019450587592174884
29.394337643451024178
29.451814092386200628
29.692773333961014259
30.163693282471797374
30.626139757676298814
31.206543352458567142
32.543113459556053613
34.389771093147487591
36.669162799023382604
38.834308539873177324
40.407229466683048713
40.918107355316038820
40.350564239692630508
39.405345567203738710
39.048794814243677820
38.860135596878166098
37.713478274877161311
34.267008146664267088
28.433863497251877561
21.305418794859832587
14.428868644305282487
8.582539776703498546
3.979602708798438471
0.438765387685407404
-2.339213099589301237
-4.668165574901877335
-6.792484272542594681
-8.816476789121168167
-10.643668268507184393
-11.911840779459055284
-12.388019428275100609
-12.332383767375944217
-12.466677235908491639
-13.652115675091977209
-16.356185253786037492
-19.973079712615060544
-23.068461107346706740
-24.753736611424642433
-25.335846547810461971
-25.444475988329998017
-25.613334845327301537
-26.065824354298399612
-26.612074517423764064
-26.939843751922012416
-26.984972705263487569
-26.952261858907661463
-26.919632274408542116
-26.887686966781075171
-26.788133374921414998
-26.585136771274846978
-26.278873063773176000
-25.856418364799225174
-25.457887053019788937
-25.285811446435047856
-25.345358815211113779
-25.403316568337629633
-25.231783614390451476
-24.727507488476589970
-23.994694341965839612
-23.380432422469823450
-23.203528096138427372
-23.575645525073241515
-24.279978027575282340
-24.893978955463978764
-25.126776937382146571
-25.008834589605669407
-24.828168819065979278
-24.946961381983498995
-25.525467715931256407
-26.448585227669866526
-27.607950216897734208
-28.923821805244585903
-30.266670095942345142
-31.542094684783705816
-32.738108162907849419
-33.873918395272312409
-34.910272564089325442
-35.696468956632315894
-35.994556639909376372
-35.794061962321109149
-35.364909207325581519
-34.787452782571961052
-34.072974212881092626
-33.303553002478338385
-32.546781977332386759
-31.862541097161511061
-31.308060578298182008
-30.830105269758405484
-30.269442045117330053
-29.511072325126747273
-28.518904579437446500
-27.305261158126825194
-25.934546735961362174
-24.494944051046047662
-23.075896522382834064
-21.749591135329922054
-20.539247931813122250
-19.413802343133170325
-18.309775844049397620
-17.147204819117007446
-15.844279201694689618
-14.399050937413790052
-12.917374178233217208
-11.554182165949498540
