2.430933376554804681
8.601931013696756168
16.181469979761516242
24.045619450462496047
31.015259374383745694
36.803726277946033463
40.928928370102987344
43.668249448896119702
45.758528621805929504
47.115940842150344281
47.438656701025408324
47.200581541393006546
46.605183794064473091
45.380586984273634243
43.205605553661257545
40.077990907379515306
36.453451527014621547
33.253816455633341320
30.653667732351735253
28.124095686746258593
25.594998383268361408
23.504728919700440315
21.800347302676215122
20.274245995448254121
19.040433433103146399
18.119714824846539614
17.247624022810526867
16.723564578378983470
16.664468304396109488
17.036342803062666462
17.391751275407642652
17.588778842897681898
17.822091414549959154
18.334089589885962823
18.758858626609793419
19.141592397177163321
19.978705992988523121
21.298864826655716342
22.407401933466445598
23.195562440246249025
23.964662431873591686
25.248382961647365619
26.973970578994112657
28.938169672174979041
30.636854093545451860
31.725375816899912707
32.390659740132292654
33.088942242241330405
33.825904906569292052
34.339189347130769647
34.770899815233747177
35.826304646802157094
37.342639434593991155
39.302830640261731787
41.137182280431318304
42.326146643477159159
42.409004776640813361
41.449598463730580988
40.256755698718649228
39.871570468789826691
39.868957962432887143
39.062941891900038627
36.023357320363544432
30.589670246239279550
23.804172545279328688
17.182710397762349430
11.470707409878031058
6.851923773754492686
3.123761340371970618
-0.019409679095872434
-2.879761789096789926
-5.671013374733263390
-8.449734812415783836
-11.059403079631067612
-13.071726462281333170
-14.196171020901033444
-14.656285421135692104
-15.160839800402129640
-16.576494771933937500
-19.383473626687759861
-22.981230007964597917
-25.934826987325550363
-27.370958023696630335
-27.635690908916330955
-27.400883051801486090
-27.231885038832842838
-27.364782540056012294
-27.601399711551152905
-27.611246813615025530
-27.320255657275367867
-26.944643400413326617
-26.592742637043613740
-26.307812114976570683
-26.061395721594465158
-25.842836216187322407
-25.656449969400398459
-25.472338053711723660
-25.400618390108832045
-25.605707091188548929
-26.048144622811264526
-26.448224899590059067
-26.538350551955716128
-26.187552370254138623
-25.487390409636532240
-24.788148605085837062
-24.421710210582091349
-24.517583242500791130
-24.877086455474909599
-25.095780364700829068
-24.904359928383200895
-24.359456490276897966
-23.777642733658467478
-23.549621016109995253
-23.861224924117323098
-24.619287501823635012
-25.735946990127956724
-27.145607110786897920
-28.720199967536757413
-30.353287155343707582
-32.009721570748070008
-33.679172121710678312
-35.290920239763181598
-36.662557290933193599
-37.526801052021994565
-37.854001825120008107
-37.904177891180211191
-37.739448960847425951
-37.338874244156727400
-36.768633605421030097
-36.121934364076537349
-35.467047022156691582
-34.806842619143878892
-34.020213244784486051
-32.914033019024486748
-31.350628601251855798
-29.299930295839146766
-26.859101506228114431
-24.243046659744436511
-21.702298873286054004
-19.447350142163486453
-17.598398453791617158
-16.153593403955767371
-15.016399733089031088
-14.075069719763291687
-13.251126336539925887
-12.469880449618756302
-11.688999129019236989
-10.946266723489145534
-10.336038188497354895
