1817.582176989596746353
1799.444744140493867235
1649.109434499749340830
1354.916942343817709116
1442.921271763203094451
1519.372621900575950349
1618.924017414717582142
1755.403356460633858660
1937.211027298437784339
2158.135262390409025102
2551.505833682065713219
2987.423022000389664754
3477.183880052724362031
4018.059380313809469953
4606.349698980038738227
5235.819103290691600705
5895.779026084316683409
6575.094435984285155428
7259.856217792812458356
7935.140905694594039232
8588.716686867235694081
9211.851279121921834303
9799.369281890105412458
10348.372415586380157038
10858.384980568693208625
11330.593037158487277338
11765.592756557387474459
12172.876528455737570766
12553.810532240795510006
12903.710521961620543152
13219.912692426514695399
13499.724245062870977563
13740.143163245526011451
13939.740463187948989798
14096.629730815044240444
14211.142078553119063145
14285.071360235231622937
14318.512941186607349664
14310.568476623840979300
14258.905376930766578880
14179.708074219970512786
14089.789997922909606132
13987.819800306428078329
12868.811927632279548561
11746.915805240640111151
10617.178664427661715308
9511.463586994530487573
8454.503102837474216358
7448.452896736185721238
6507.464007001044592471
5646.482798039654880995
4886.642493619558081264
4246.251785978595762572
3752.529704612811201514
3431.046700668019184377
3289.936470295737308334
3348.408975878893670597
3590.123288900182160432
4000.877514740172955499
4564.977620618477885728
5255.870755437704247015
5420.626545064405036101
5648.211668923751858529
5923.408540068625370623
6231.198884052484572749
6561.654694937424210366
6905.600726731684517290
7252.421096133222818025
7589.538474659854728088
7909.810191097675669880
8207.593945573249584413
8478.810797762616857653
8718.314863878467804170
8922.158136875279524247
9099.747376777990211849
9259.491424179099340108
9376.599145395906816702
9431.754638532136596041
9399.776136256898098509
9308.213699383295534062
9173.407166183342269505
9000.378485170265776105
8810.087687380504576140
8606.760907702331678593
8394.982920509972245782
8179.682136296385579044
8387.447599540797455120
8603.860635569390069577
8839.604440225644793827
9100.246032280409053783
8973.304984379314191756
8869.901105165075932746
8789.301412413025900605
8730.624917432016445673
8691.277513607978107757
8667.307929816804971779
8656.465855732090858510
8654.368574753683788003
8655.503762990778341191
8655.365882350717583904
8651.370562238596903626
8639.648420834853823180
8616.383441842976026237
8578.355405492331556161
8520.862956521295927814
8443.309213766908214893
8348.673176817626881530
8244.451228041787544498
8140.851034142627213441
8046.460834325715040904
7968.158438127769841230
7909.805558111350364925
7872.738066561418236233
7493.261432296993916680
7141.686129929575145070
6819.843476033612205356
6527.669249806762309163
6265.434237720050987264
6031.335631266024392971
5820.731856576592690544
5626.888098354133944667
5446.949397768456947233
5276.236145674541148765
5113.850804325464196154
4958.221147924280558072
4795.910377455826164805
4624.625853979799103399
4446.223449523864474031
4219.859644281731561932
3876.506542936196638038
3505.775984720098676917
3088.701889908633802406
2595.908419452945508965
2055.248448125456434354
1873.352719238098870846
1609.304593673534100162
1316.295336374859516582
960.311866591255352432
636.352652275522018499
405.340192871297801958
237.508398448128360769
127.463858046921075129
59.004805948207007305
16.195775016401679380
0.000000000000000000
0.000000000000000000
0.000000000000000000
0.000000000890694959
1.722056529762606258
5374.874458782509464072
4885.280920115897060896
4404.782550994400480704
4459.592235999612967134
4581.795473489516552945
4444.630068148716418364
4276.006689070267384523
4256.393061057072372932
4237.019154951671225717
4240.404967938704430708
4357.959383545889977540
4518.899363207756323391
4626.970998399471682205
4824.566042294235558074
5123.448594557376054581
5472.398827796906516596
5850.375033120166335721
6202.772974188306761789
6526.922127936099968792
6856.811099323607777478
7200.582045615523384186
7545.423719476973928977
7870.412751615275738004
8179.367026123654795811
8485.397848779482956161
8806.470069743447311339
9193.384691562614534632
9472.131595537919565686
9638.756686921729851747
9799.562383620581385912
9978.555184290979013895
10179.301598344829471898
10405.868778922367710038
10630.455704578167569707
10853.796315262126881862
11049.217994913502479903
11185.643133573896193411
11305.168634846155327978
11507.360602560858751531
11963.021628705684634042
12421.363166544548221282
12632.250334940441462095
12797.681172228994910256
12916.365246243380170199
13125.279541587837229599
13782.438217290224201861
14375.758822557651001262
14609.804680059593010810
14800.794296311152720591
15008.886313985120068537
15312.874931091080725309
15683.738141850946703926
16218.120173215644172160
16802.624448160106112482
17297.019895630510291085
17830.013344110768230166
18016.327288279000640614
18173.375766478387959069
18368.325035620804555947
18502.563962867294321768
18601.316291241357248509
18479.496892351868154947
18714.589417915867670672
19168.045038567634037463
19747.475266921046568314
20301.105372155929217115
20725.010756518182461150
21009.747442471543763531
21243.836755350850580726
21425.899186692506191321
21555.488347640632127877
21623.520669143395934952
21667.887015197829896351
21714.680841757235612022
21478.702966974702576408
20671.407394828664109809
19748.284816580602637259
19040.421150210309860995
19107.238276660060364520
19374.160742215823120205
19626.038038292830606224
19959.798959174717310816
20088.945406732178525999
20109.949702561385493027
20097.354540755179186817
20115.505620067135168938
20243.827471751497796504
20458.374143421569897328
20620.959945568396506133
20674.368562518968246877
20718.289410572422639234
20762.592828805656608893
20820.513923040187364677
20868.279679349743673811
20899.336162620998948114
20929.773095855689462041
20930.719682738697883906
20926.122683018940733746
20961.730754483523924137
21045.853653568476147484
21127.301427247079118388
21181.629009371288702823
21190.855450122871843632
21147.119625383409584174
21122.586984519100951729
21153.604458421188610373
21261.084665970920468681
21414.973195921251317486
21548.593666987100732513
21634.334639927434182027
21666.272896667840541340
21683.132243584317620844
21751.331228470742644276
21888.957119265098299365
22047.984184159504366107
22227.280717266614374239
22437.302244437159970403
22638.981293428329081507
22809.085081998022360494
22969.242291687700344482
23177.806110176927177235
23390.881610077551158611
23612.581001707618270302
23754.704380105398740852
23741.152692894669598900
23771.639192682538123336
23752.769763402608077740
23472.457195851347933058
23741.516704408906662138
23861.254506224729993846
23674.044339936892356491
23428.915315262649528449
23642.859680233144899830
23526.098052323221054394
23359.031753448492963798
23889.256790821455069818
24228.083416563364153262
24927.182493293505103793
25373.471715735573525308
25240.570640444442688022
25072.959833078100928105
24920.274657758382090833
24844.508311912028148072
24914.978049182482209289
25045.255246240802080138
25073.237041680036782054
25028.175933979942783481
24919.201892098459211411
24826.371963706063979771
620.541855029892758466
