73.364443255753414519
76.776200004479250083
81.050165766203377871
85.406360394805972192
89.247715728840503857
92.344296892154829948
93.963694789228867421
93.923617009996405613
92.516164309506990548
89.643212132368830680
85.298114182009015849
80.159324843731283750
74.652804962892119534
68.726584592057903933
62.174010130879736380
55.021401607960669367
47.712932662863664746
41.142017522306872479
35.449166990945471412
30.074812098383972625
24.928073308294329991
20.439034081439729107
16.557933578698822430
13.088091769740486825
10.157062418585127261
7.796391055567909234
5.744890642592139329
4.294661271248912726
3.543328192656531428
3.425553413121917856
3.451615670160009586
3.428568129290681554
3.494364484215651601
3.832528978458014990
4.019728282716044987
4.048696460400549313
4.371355779733335112
4.981744669449795992
5.160761133556775349
4.784475534131189534
4.147340315471240046
3.785028946690346174
3.638438392155137535
3.534023989045749659
3.017501501912562389
1.815661481108264752
0.205895793418591211
-1.252530873593315164
-2.447141692930756562
-3.538736912073943586
-4.296595170916276629
-3.945987364510727957
-2.604931089856961535
-0.275984914314648222
2.450592840588171839
4.997092547875837454
6.808655898341385182
7.826296488881354207
8.720694346855850654
10.396896094672229083
12.312982241801421424
13.197727063405750414
11.572414359039271403
7.262116850147577907
1.320202548862567937
-4.712394827331479519
-10.061055584295928611
-14.514027400441079863
-18.248031474509843974
-21.544284998674470444
-24.682475665369537410
-27.857834438995467963
-31.114860438651476215
-34.292480392423499325
-36.963947585048572364
-38.842328538942609839
-40.151598391245443054
-41.593400595245213935
-44.017253095313151334
-47.875443292585430299
-52.529257644210190392
-56.497649403350578723
-58.857961588133434816
-59.910843140873907942
-60.295195882003326915
-60.563493998962485421
-60.962767321241472018
-61.326860838352331484
-61.368336093921300289
-61.052256944580562958
-60.616352080399963143
-60.167878223884031286
-59.733361564183155679
-59.266644783168317190
-58.753283005571063313
-58.216945053930032827
-57.670978306101517319
-57.284904253467345825
-57.285512919160510137
-57.685370903589841873
-58.237969471728888493
-58.688664063937153514
-58.904078326455930892
-58.966445448842023325
-59.217872677704008311
-59.986734030301363418
-61.400190193203457056
-63.249305961680363453
-65.102433835940018980
-66.643246734564456801
-67.866121953203503381
-69.017100312589661826
-70.411430241822756670
-72.153801266375751311
-74.064255675037713900
-75.967450073856696235
-77.718161071107601856
-79.124667947645946242
-80.038764913571469606
-80.410373597556088043
-80.246899797063917958
-79.534833706103029272
-78.193525154197288884
-76.100026197619911272
-73.396961667140544705
-70.517481489977399178
-67.669229116537223945
-64.934285682218558122
-62.442184754736160812
-60.319537405500511795
-58.641453626663633258
-57.388680834999718172
-56.389625971070529431
-55.375640079305753716
-54.110050063014000443
-52.443645029674712532
-50.343781648469189349
-47.899996468694382656
-45.259668447541855585
-42.568608309907688181
-39.935316697778944217
-37.407158403809717129
-34.983316312865497366
-32.651912869103341563
-30.401124551161672116
-28.201724792666311714
-26.061813261825307109
-24.058959976782830381
-22.302770389553586483
