81.507396616307346449
26.399936857160291481
23.618130526590043416
23.441860378810080334
23.387968971227731885
23.372863077163810175
23.362838801582284987
23.331544344022404402
23.304478409351631285
23.285444052938849779
23.273141650796841162
23.255479602477038270
23.194959304335995398
23.141869123178125278
23.096972790418607957
23.055209444795444540
22.910478096209779153
22.770398714858721689
22.727949146307750539
22.709532139526395156
22.705209830244459823
22.702125133034382287
22.699619422297388383
22.697548590057817108
22.695784949429160804
22.694290847438416847
22.693005729558297645
22.691912152262680991
