81.507396616307346449
33.941986039408241993
32.386648197300942797
32.252614983908962643
32.205029117139460482
32.185584679106860051
32.177098649255427176
32.170618291570740155
32.165958745060983404
32.162850544628213356
32.160670805972053188
32.159042898203757943
32.157711018133674941
32.156607287147082275
32.155536553088111873
32.154355240098112745
32.152929088337415919
32.151061263126095469
32.148623053108650538
32.145611373993077109
32.141936834186033423
32.120580552527144391
32.104406742527807239
32.075808880260794353
32.068155097030654588
32.061544012891275202
32.055148054780303823
32.030904201832640865
32.023571173634231002
32.017317448485883347
31.996738750397028639
31.990228327331386993
31.984600223600239133
31.979270793830693265
31.962940519401868755
31.957305569907276777
31.943178214437828899
31.938310832631213287
31.934172550879686980
31.922817646710555550
31.918668102182493840
31.908927866461894496
31.905400399012044943
31.902432403168525354
31.894681666956415711
31.891714484628302273
31.885098067804534594
31.882584346072498249
31.880512265733251809
31.875303699853201778
31.873174994278098637
