7.359103217681834508
11.906013434044510291
17.747982754392538141
24.012372379770127395
30.015141609648736676
35.421653585755905169
39.162116464231267798
41.374865613466404568
42.999715159643557172
44.169544152166103856
44.784241703889755115
45.083641286167605244
44.971816684697209610
44.027935824343941817
42.036263455877744377
39.138427129898765600
35.808682407176178231
32.930653966628817386
30.642673383578554080
28.391755554110687854
26.081847777506609987
24.127854955582179741
22.476389728324605244
20.936471361522791312
19.645625955483211555
18.660708201578586340
17.768762610588979101
17.311450777878363283
17.419048139782290718
18.028800621636136725
18.661701272644805272
19.145113074170993173
19.649120700609387313
20.405186888343024521
21.054622935860706434
21.640393191579121890
22.632787522306230699
24.029087572109986581
25.119119317590801188
25.778137696567142712
26.293230539388858347
27.188798127093491530
28.404144445339937874
29.762669482414906952
30.804479253235683700
31.235964162198740723
31.290174826034473199
31.462441901845693337
31.795777141899691287
32.052352111619995867
32.365805836609155222
33.390687836519362008
34.906763881288213724
36.866726924872608606
38.752080110571256455
40.114118154866673649
40.513744907713515886
39.959582983221281438
39.160124131680674964
39.065451239441017606
39.217798375175277670
38.443812211639198040
35.355378631465868011
29.829362665445785296
22.935156615903935062
16.212060963681267367
10.441266061811717236
5.844966467575801516
2.252871362948496881
-0.624104301302111253
-3.091812011558346285
-5.389002083813835497
-7.616078824001277781
-9.673339287917769980
-11.194738946513183464
-11.941697680120086034
-12.166295885334079685
-12.579744670046551391
-14.031197079289484009
-16.976044672585885564
-20.798020262045383788
-24.055371697705396627
-25.855994847420760152
-26.507365214365449901
-26.643201251344265756
-26.803708651717954581
-27.220047791051058539
-27.710260937132062509
-27.969259743723370093
-27.938730256735880175
-27.827923240120270520
-27.718015271530532573
-27.611903490872691691
-27.442779083022116993
-27.175570090586063543
-26.810581858613261375
-26.334510965963147555
-25.886752947965646854
-25.668979170348109164
-25.685538924070385747
-25.702578067032163744
-25.491802708802595134
-24.949851171762929880
-24.181130209444518187
-23.533262983646977773
-23.325928753364507884
-23.671953355666346397
-24.355849049665550865
-24.956324761465452866
-25.183438251996562940
-25.068064372538458429
-24.898135551121185927
-25.035534565850468880
-25.640412015589845396
-26.598014220539766939
-27.800706398192630786
-29.169516451658012102
-30.575309458023411935
-31.923382720547579083
-33.200699860763052129
-34.425011663409804896
-35.555522319098599837
-36.439688861177330637
-36.836938170547568916
-36.732879986311672837
-36.391611289004003993
-35.884827241310802037
-35.212126780992377917
-34.445289702226261852
-33.647630873534694729
-32.875790028093717865
-32.181002126919281636
-31.508045516803008468
-30.704851011045320774
-29.667328349765341500
-28.369607646119732181
-26.831129335948844528
-25.124456717541306716
-23.359073252247185337
-21.653377485856765361
-20.099188662454764653
-18.723393267752385327
-17.488619337276304577
-16.322016489850454946
-15.133160022683057377
-13.828512605595847162
-12.394967551395779992
-10.932114050469067479
-9.594705689717557107
