1573.243354003934427965
1633.962293589331466137
1559.074715980072369348
1332.477121567468884678
1440.757449442945471674
1545.181191528603221741
1663.623638196014780988
1814.065643077148479279
2004.291074947137531126
2227.620352621273013938
2756.052841572422948957
3320.791232894307540846
3930.535576220080656640
4581.721211615155880281
5269.601116130927948689
5987.358151773402823892
6724.104574194696397171
7468.859484832008092781
8208.234655662608929561
8928.087136972631924436
9617.099736214431686676
10267.457950089848964126
10874.370809686548454920
11435.056747484337392962
11948.762683109640420298
12416.198120419710903661
12837.801923396629717899
13221.488951082163112005
13569.113966890634401352
13876.242399923037737608
14140.790495481320249382
14360.777371144915377954
14534.121990995077794651
14660.307950181864725892
14738.132647428743439377
14768.586129713659829576
14753.903305757836278644
14694.489584561299125198
14589.977101447560926317
14441.142337884948574356
14261.286785510283152689
14065.066128195872806828
13854.849301476904656738
12361.360318997720241896
10865.926016194533076487
9371.827184534202388022
7907.047220282840498840
6498.139156528863168205
5158.759267849086427304
3910.280081134892498085
2776.072015349275261542
1787.922751257190157048
978.287815202506408241
384.718823061362115823
52.635423693694093572
0.000000000000000000
0.151878603761710890
79.074224615652155990
432.359186695629148289
1042.838539041298190568
1870.484459493841541189
2004.655840208814652215
2264.057379275881430658
2618.513680891299827636
3044.222013256337504572
3523.401634906325398333
4038.147154416809826216
4569.787827399496563885
5099.574224206969120132
5613.803815580306945776
6101.499219979439658346
6554.143886726139498933
6964.088531152002360614
7325.697994550937437452
7642.867589624296670081
7931.897011429574376962
8171.204096971141552785
8322.517748295551427873
8373.629372017561763641
8349.409165298960942891
8265.666084378544837818
8133.525501847178929893
7972.924895452920281969
7789.635204067309132370
7589.058538622492960712
7376.900371202597852971
7772.312418630377578666
8172.547705303720249503
8587.444675970240496099
9022.081544753815251170
8909.138562875315983547
8816.409611448078067042
8743.610583349682201515
8690.246588176814839244
8654.096703493445602362
8631.667205402969557326
8621.131632665919823921
8618.467199404736675206
8618.488052701604829053
8617.004096847373148194
8611.723888292786796228
8599.059153126790988608
8575.309155097302209469
8537.310287612612228259
8480.548921056055405643
8404.551654497648996767
8312.549280601488135289
8211.885795209924253868
8112.231364072918040620
8022.937322236372892803
7950.506164427801195416
7898.675314763543610752
7868.665463417909450072
7488.489369601182261249
7136.527062950362051197
6814.547770189898074022
6522.383879072292984347
6260.122015505404306168
6025.715145871380627796
5814.651414095082145650
5620.250132690585814998
5439.424707720760125085
5267.375682202870848414
5103.128054659582630848
4944.965738594283720886
4779.487906636882144085
4604.526528002696977637
4421.913464097305222822
4190.684975355883580050
3783.519498868337905151
3347.712846529232592729
2863.454897737828105164
2300.288486450963318930
1684.864073357848155865
1540.003852012453535281
1310.604241213087107099
1044.282629306867193009
712.237211084051182297
430.237532040072835571
230.686610090073230594
97.428283870073045136
25.697858426720024738
0.000000000016959275
0.020764185161624572
0.000000000000000000
0.000000000000000000
0.000000000000000000
0.000000025251788176
1.112918605840972575
5484.393263083559759252
4996.958117500718799420
4511.158563839261660178
4684.835246612071387062
4934.242704049740495975
4670.041018028563485132
4504.275217832742782775
4487.856924330421861669
4470.040537629185564583
4476.494478053196871770
4599.328565132004769112
4750.843060870458430145
4866.441795938409086375
5072.294124679854576243
5379.230089671512359928
5736.015858102033234900
6121.578953550742880907
6481.398541767690403503
6812.631846741533081513
7149.522679907872770855
7500.211064360682030383
7849.693438498946306936
8180.635432314748868521
8496.508748441283387365
8809.569709309847894474
9135.285400256811044528
9513.189535858671661117
9798.011008418588971836
9971.262035443771310383
10138.536175067916701664
10323.061366139103483874
10530.148798935879312921
10763.127021547741605900
10993.329988475572463358
11223.324214943937477074
11425.282771349793620175
11568.357352859175080084
11694.591324996856201324
11896.825686736417992506
12277.138825981272020726
12665.521055776071079890
12879.648121687923776335
13051.290506287536118180
13165.244206413981373771
13357.901772386108859791
13844.208834966852009529
14304.588394080526995822
14532.107257648131053429
14719.452799694034183631
14924.648562634116387926
15206.113041474731289782
15504.163760852406994672
15899.725456536165438592
16460.806078172146953875
16963.006467999453889206
17506.392146183548902627
17696.455945333720592316
17853.011334409507981036
18051.231205512925953371
18192.240698749643343035
18311.342183649638172938
18303.687226435129559832
18549.753831543213891564
19004.789522248578578001
19586.442649895456270315
20145.741815069075528299
20591.930652635219303193
20912.753240852736780653
21168.663903803611901822
21368.896115975236170925
21522.748685725200630259
21634.957361973069055239
21733.217881403445062460
21832.851120661678578472
21748.388147261142876232
20989.445865742851310642
19915.460415394289157121
19284.778023083777952706
19344.647999953598628053
19605.677607823337893933
19900.350091365758999018
20221.056836766954802442
20344.884738061482494231
20358.907033195275289472
20339.314487445415579714
20351.780606605731009040
20476.692848636655980954
20647.458040484791126801
20774.236823862342134817
20826.371979595092852833
20868.898946483226609416
20912.095871644589351490
20967.815185431238205638
21013.260572126215265598
21043.298899243625783129
21073.041919134953786852
21073.050550378258776618
21067.522551140566065442
21102.546132310959364986
21186.276504941528401105
21266.965045839795493521
21318.798699729388317792
21325.422434289255761541
21281.149657533183926716
21256.532995026122080162
21287.322167728565545985
21389.966672071146604139
21538.867839880975225242
21680.323988446107250638
21766.464419695435935864
21798.491647752878634492
21815.580420758506079437
21883.874608049591188319
22021.308156924176728353
22180.273218380116304616
22359.293134385683515575
22569.138335199600987835
22772.716091377478733193
22950.016779222783952719
23116.388524619429517770
23326.127672995626198826
23538.934067774072900647
23760.192015977445407771
23902.400536305449350039
23892.119695789544493891
23927.261841930663649691
23910.984885395570017863
23631.327669382590102032
23900.158219652141269762
24017.162096866868523648
23827.246568310831207782
23579.350290928290633019
23790.275490227293630596
23671.095694683564943261
23507.183414146544237155
23988.135209795793343801
24394.346330817057605600
25160.338083851474948460
25462.311028768002870493
25333.220376136472623330
25170.229999591552768834
25022.424700725801812951
24951.805001581888063811
25027.347393253709014971
25159.037920330301858485
25187.213875331130111590
25143.234434371206589276
25035.232966004288755357
24943.260104655455506872
450.721679578234841301
