10.002546248773882098
14.448136638173536994
20.280660001704177375
26.605229023681943090
32.805697216120954351
38.483080937341192396
42.294994359374278758
44.427316238946957583
45.985281120713572989
46.982524169342084974
47.190429290097057446
47.072501061582407544
46.640256852098929130
45.413274280113000714
43.204438428343202361
40.208562890473309892
36.876064111211547925
34.023774142968207457
31.760708666695308011
29.544813387198800569
27.271987488652584375
25.326650485327903084
23.653667401682497484
22.070458051686699719
20.708264343415308417
19.626572241586202949
18.637048053865967745
18.079695883736278006
18.077051206606256528
18.544124139651628980
19.002466879958490154
19.275023524081973392
19.523171553174833548
19.980265883661971316
20.328289124655995579
20.628049450434744472
21.332799104034904758
22.437507756484194488
23.268380912986884823
23.710252195565601596
24.040434659714236432
24.761740638166315875
25.823266520876643426
27.063798598341151092
28.053030853494675512
28.516536134311479600
28.676068501122188081
28.998173548060435678
29.515945576738289446
29.988047001692962112
30.511465475843721151
31.659366565257471393
33.169270843756152090
34.974100086784687846
36.624162220685548164
37.759568519215747529
37.999326544250379811
37.339688110481404237
36.419949065876409122
36.123639302746397561
36.028789280304494014
35.052781068403277231
31.910988210299763068
26.508465477433702517
19.868441034153704550
13.447842668829196100
7.977767172295529008
3.657257640988319736
0.315788368706279243
-2.325444933163652195
-4.556930808199609828
-6.602650703175697799
-8.554316517410597953
-10.314709603609571786
-11.536736452681623177
-11.997529118694984618
-11.942985102614812831
-12.057849210377838745
-13.160599569480439186
-15.698236837284952117
-19.102371158840810494
-22.019979015785395404
-23.613243500658427365
-24.174269946456490743
-24.299420906098703199
-24.493365614269862363
-24.966230261253258504
-25.536017542470631270
-25.904291485988494514
-26.007540405392262528
-26.037425707455781776
-26.066265769831829857
-26.093773151762093221
-26.054833374220891073
-25.915257872437734932
-25.675050537614879431
-25.321885943005611352
-24.988287470683133051
-24.865862620080747547
-24.959479367080746215
-25.048459924482870065
-24.917182825212364605
-24.468015552217423192
-23.799669905234736689
-23.240698449530441394
-23.092874776308178753
-23.461923129352896922
-24.142715151974016408
-24.735439058792849210
-24.964929967139426026
-24.860177116002205366
-24.693983282796750700
-24.809408594748390442
-25.358486255054970115
-26.232729837665431205
-27.330103416935514815
-28.575812486927475220
-29.848256821176335052
-31.059510655571841653
-32.199569650914042995
-33.286218163137505144
-34.278947843523326355
-35.029786753617884187
-35.307576862320445343
-35.097002856760468603
-34.651323557911325679
-34.052717611459286218
-33.327940552827328702
-32.560837943297997299
-31.793109759051219498
-31.062458174340292771
-30.436809390223572791
-29.890876960496314041
-29.289903379406041495
-28.550368701450565823
-27.664594099418764017
-26.635144919888432469
-25.481053742543167573
-24.248483632274712818
-23.014090150203799112
-21.866431627293536621
-20.862978792207286460
-20.008668046137927377
-19.257059812146280819
-18.515502829891715919
-17.672285932176464485
-16.695898333225443366
-15.671460629254738706
-14.740970693496649346
