2950.365053904813066765
3043.970764320144098747
2721.187017415956233890
1964.728926769239023997
2484.814124819010885403
2740.444259755055099959
2801.209404638192609127
2740.714687277476969030
2607.061852219914726447
2412.080863012088684627
2809.411148604634490766
3200.358003524645937432
3622.452631184668462083
4095.653517503500097519
4635.491134387469173816
5249.363673341384128435
5931.588096537737328617
6672.477923568067126325
7452.917730929776553239
8247.368871259677689523
9034.593726072424033191
9800.533496881340397522
10532.882880481456595589
11223.528055338678314001
11870.814761330426335917
12474.914401337209710618
13034.464480828353771358
13554.427065885696720215
14037.459333867513123550
14472.756265983174671419
14852.074302081629866734
15167.029263966733196867
15411.827890053384180646
15584.855428903962092591
15679.262962559196239454
15696.934927839336523903
15641.051963711050120764
15509.139301636096206494
15300.021278466090734582
15018.811017946289211977
14675.371877041023253696
14283.424814627400337486
13854.378574932545234333
12133.219570293258584570
10397.749435582090882235
8666.532839419054653263
6969.781418299926372129
5347.840641394398517150
3844.353363661140065233
2504.153893336604596698
1378.044614925252290050
534.075399996415967507
55.872362419461673255
0.513844928057230255
0.000147101551096793
0.000004392842300678
0.000041205564393176
0.148024496639315384
178.456171793390069524
1047.929825221943019642
2529.317323614976885437
1237.146383192140319807
417.028900808364937802
32.199241721767748459
0.138820369010386524
2.065458683436516285
132.632393059439294802
531.443471595071855518
1139.789684484293957212
1899.663196767563931644
2754.822040870996261219
3651.401036013143311720
4539.864396930066504865
5376.541978003751864890
6130.180176726918944041
6776.485032005678476708
7291.537687745301809628
7652.014966760276365676
7838.985133154053983162
7841.022110627263828064
7666.394958197486630525
7346.353405494519392960
6906.247390851228374231
6338.575209207219813834
5638.998839997079812747
4805.467856806370036793
5894.980344154863814765
6904.572473824987355329
7874.466495311424296233
8829.153433586017854395
8831.280238941239076667
8833.937342018181880121
8840.609178749875354697
8854.898981341711987625
8876.771014453614043305
8903.500648184015517472
8936.063570130807420355
8969.896187391632338404
8997.549070621769715217
9013.942298019517693319
9018.402787947437900584
9006.997107475241136854
8974.894557397006792598
8917.572208574176329421
8826.130974454898023396
8699.316903335682582110
8541.769558912495995173
8367.740090527706342982
8198.556382300517725525
8053.116176118019211572
7943.044084521090553608
7874.626519539352557331
7848.513938247610894905
7454.314926711665975745
7112.418063334179350932
6824.252316866887667857
6586.329150987135108153
6395.455689603911196173
6243.798747223625468905
6119.544408409265997761
6006.211077033738547470
5895.105374679695160012
5774.206083636766379641
5640.933160574971225287
5490.598877490067934559
5291.856619889046669414
5039.963011713324704033
4738.021125426626895205
4287.193859824854371254
3777.251398243833591550
3157.745120982588105107
2376.112543523894146347
1352.002865021101570164
133.736099212587134843
334.282139438032572798
324.349913235875931150
236.141365669347464973
62.243112028450752859
0.854137929142203101
0.102147174032391305
0.021941101320660052
0.872321987168301560
0.041349942712633633
0.963489065179948145
0.190819378526121908
0.286366506184243086
0.076802128963971053
15.534114035515013796
335.010717723975005811
6005.025479716327026836
5543.153092830106288602
5036.710293564582570980
4503.734518388785545540
4118.558208959923831571
3723.416556125415809220
3593.773975534703367885
3606.134019607256504969
3599.582410181933482818
3621.764172024360505020
3788.001750023923705157
3953.502844986473064637
4122.224715330394246848
4395.284623971750079363
4774.833088189561749459
5210.720868439769219549
5682.901678272356548405
6134.105457808033861511
6555.103767912097282533
6984.702969027591279882
7428.719498268924326112
7856.002177503022721794
8270.231388077163501293
8685.441816874443247798
9091.871374088679658598
9486.884768673904545722
9891.076927751066250494
10250.164998058116907487
10515.534763213157930295
10758.462747639927329146
11006.629157362653131713
11281.456200673073908547
11578.934944811995592318
11860.380079698219560669
12155.701112457671115408
12421.990523654530989006
12622.480242617577459896
12798.151766866427351488
12996.902089516646810807
13225.031738059680719743
13463.259324855469458271
13673.578010947221628157
13861.751817463906263583
13919.201383825013181195
13998.362035711339558475
14122.123254497992093093
14276.733052345132819028
14426.832676173107756767
14571.608106054898598813
14733.713136394864704926
14906.206057324114226503
15027.561653312233829638
15119.379052282209158875
15624.434835486033989582
16146.092271442596029374
16706.318011404389835661
16905.861413874456047779
17060.281245933449099539
17255.650918715993611841
17442.638382311957684578
17640.956661796619300731
17548.437885552011721302
17651.586260545402183197
17971.497944615723099560
18440.819741213876113761
18895.512130055671150330
19279.193393020777875790
19581.154701001159992302
19815.520147975490544923
20002.351510270309518091
20164.841492414452659432
20321.650684980795631418
20479.442817638155247550
20636.789127783184085274
20734.916790103336097673
20723.535714955323783215
20622.388658231324370718
20509.462911013270058902
20482.013560521554609295
20632.708406606478092726
20929.047397252488735830
21153.204871784437273163
21138.095903596975404071
21008.978610910187853733
20838.708175579791713972
20690.915293423488037661
20841.438247950754885096
21014.652795191497716587
21146.498218346576322801
21222.311499229686887702
21229.195725957793911221
21239.664180391282570781
21264.271760020084911957
21281.467763092656241497
21287.408472716688265791
21296.019154179964971263
21277.336480942303751362
21255.457823309650848387
21276.152448365137388464
21347.041800291935942369
21416.022418757202103734
21456.739631015989289153
21453.113219351955194725
21399.610632350184459938
21365.591355977350758621
21386.554312381325871684
21490.604348601220408455
21652.381235438628209522
21797.713483592106058495
21878.970707403288542992
21908.707642543689871673
21927.777924527083087014
22001.217753015458583832
22123.815036276231694501
22272.675043381132127251
22445.291048585542739602
22653.272335916684824042
22864.357894184056931408
23062.083435623564582784
23250.580575575218972517
23474.867825849851215025
23699.774393061870796373
23933.525299961835116846
24091.113924267050606431
24104.896234424391877837
24165.503249894340115134
24169.566535366015159525
23905.324317825747129973
24178.039923997344885720
24303.966160406991548371
24118.042855434818193316
23864.327585584818734787
24051.799924250972253503
23898.109297278715530410
23827.988858343363972381
23993.719555152445536805
23821.344685612704779487
24040.836158557442104211
24135.457219536630873336
24095.711464876352692954
24020.919663989119726466
23952.045099172915797681
23952.192675872636755230
24090.167007770625787089
24273.401304156788683031
24348.433154005124379182
24351.210204807808622718
24288.206668766713846708
24278.636249457875237567
888.258597011530696363
