5048.595205457459996978
4291.727154447110478941
3306.542462736250399757
2032.099587969309368418
2288.652310606069022469
2406.590131496929188870
2498.628433276530358853
2588.104847755103492091
2616.115000741488984204
2498.257952269070301554
3003.157456774778893305
3354.223780471604186459
3625.556089266812705318
3886.529323768221274804
4182.217812408784084255
4533.417759135882079136
4944.889683286318359023
5409.496938380785650224
5908.412127506700016966
6413.044360564889757370
6890.359376223628714797
7310.223364256995409960
7652.684576951539384027
7913.451654374614008702
8106.203458536468133389
8260.733753006361439475
8416.749282553202647250
8613.874023258638771949
8880.558202903157507535
9226.471495829608102213
9641.602921291365419165
10101.470677480567246675
10575.357870811192697147
11034.114390174350774032
11455.622045464042457752
11827.722297674818037194
12148.926886431338061811
12427.401184867410847801
12678.921491872775732190
12924.120221814388060011
13185.157598015774055966
13482.598918080037037726
13833.261222661229112418
12943.123672755844381754
12118.043203964831263875
11384.231951238240071689
10748.933985572304663947
10214.783743396999852848
9780.239083487284005969
9440.544043027939551394
9189.438861349326543859
9020.499344518000725657
8926.701569185373955406
8898.195667039364707307
8920.237585300565115176
8973.162456770300195785
9034.802514854667606414
9083.618986477502403432
9100.516051034586780588
9068.996747181199680199
8975.059441395336762071
8808.606950905354096903
8367.991489118438039441
8056.196728372953657527
7695.846060309620952467
7319.493487221699979273
6965.791061788601837179
6673.392102549040828308
6475.473100942625023890
6395.470434154274698813
6443.791405680341995321
6615.254888205160568759
6887.877103712178723072
7224.173686748637010169
7575.769158647044605459
7890.877295705918186286
8122.416150042700792255
8235.093630042081713327
8210.949939037145668408
8052.882292534026419162
7785.152739335189835401
7449.317771228183119092
7096.728060237112913455
6781.452159256992672454
6555.441195497697663086
6467.331226564860116923
6564.183197935104544740
6890.536506544161056809
7480.831634904444399581
8349.156442173854884459
7572.596962162228010129
7070.837301033982839726
6825.554510423358806293
6796.772947684484279307
6935.173211926286967355
7194.132403086186059227
7535.410146485559380380
7927.941490046639955835
8343.183902742564896471
8751.104649314334892551
9119.343304576443188125
9415.635896406452957308
9611.933259769308278919
9688.568903687113561318
9637.609561979379577679
9465.474494356325521949
9193.884366711048642173
8858.438566116808942752
8503.997586162666266318
8177.439850283639316331
7919.672664982526839594
7759.359071684848458972
7710.721834906006733945
7086.178863447384173924
6575.028135291438957211
6169.824492715380984009
5857.917225971442348964
5622.672134596888099622
5445.242448935171523772
5307.598306203977699624
5195.961561657725724217
5102.738675612410588656
5025.471613352332497016
4963.018644584808498621
4910.987101211049775884
4858.617224607140997250
4787.885690913421058212
4675.085812098634960421
4493.106359081170921854
4669.118780228537616495
4723.871690782231780759
4639.257709287940087961
4405.076979097562798415
4022.111913954062856646
3505.966895011813903693
2891.146043709860805393
2233.463322698459705862
1609.423542044225541758
1101.356728768977291111
761.361119822389923684
582.788442049340915219
502.300186129099358823
433.081625969010133304
233.338968871755611190
0.000000000000000000
0.000000000000000000
0.000000000000000000
0.000000000000000003
30.621735564399813256
3054.798417362893360405
3224.064345129404046020
3403.424399222619285865
3593.010373454313594266
3792.861961006682122388
4002.924045264663618582
4223.047691760182715370
4452.994571959304266784
4692.444110002863453701
4941.002785544176731491
5198.215272664770964184
5463.577528311657260929
5736.551866731068912486
6016.584021692671740311
6303.121341737785769510
6595.630567963505200169
6893.612898169753862021
7196.613765721002891951
7504.225092995997329126
7816.078754435474365891
8131.831398856653322582
8451.142956188452444621
8773.652604787850577850
9098.958028333452602965
9426.604137138912847149
9756.086715480087150354
10086.873885989496557158
10418.444147382735536667
10750.334824517398374155
11082.190380805479435367
11413.797686330994110904
11745.096106577842874685
12076.154440286556564388
12407.113487919457838871
12738.100787430890704854
13069.130927136056925519
13400.009211592901920085
13730.257278820439751144
14059.076239801675910712
14385.356454406050033867
14707.734306058857328026
15024.687122582648953539
15334.650085919720368111
15632.821917521790965111
15924.489513444508702378
16205.370770102685128222
16474.694803709458938101
16732.059602925728540868
16977.392576782553078374
17210.933228898600646062
17433.209106278987746919
17645.013570536699262448
17847.389879523481795331
18041.618203902118693804
18229.194427600777999032
18411.787361860388045898
18591.166615141941292677
18769.103196358217246598
18947.251978125630557770
19127.025250459195376607
19309.462784758856287226
19350.358983936050208285
19437.514607662680646172
19483.643442017575580394
19530.547564043878082884
19576.338110047476220643
19618.907621306523651583
19656.209810541520710103
19686.544344875139358919
19708.808042244163516443
19722.683246628541382961
19728.741308182743523503
19728.442160813661757857
19724.013566657133196713
19718.201526728942553746
19713.901080562416609609
19713.704096567864326062
19719.430841298351879232
19731.732425807855179301
19749.848413633433665382
19771.571986231610935647
19793.421427581542957341
19810.961878701105888467
19819.190804738223960157
19812.910073631948762340
19787.050024695126921870
20121.139193224724294851
20426.389680531476187753
20698.915392263250396354
20935.936676857287238818
21136.138378235893469537
21299.894706317078089342
21429.267293502169195563
21527.753327612659631995
21599.855276931630214676
21650.609707574265485164
21685.214053557607257972
21708.827873289064882556
21726.532377726030972553
21743.353266685458947904
21764.221086093144549523
21793.771484789489477407
21835.961485342155356193
21893.566600427966477582
21967.692866312401747564
22057.462597969017224386
22160.003843694965325994
22270.797429359732632292
22384.331751426914706826
22494.916652318905107677
22597.454312583500723122
22687.987579802756954450
22763.939839990940527059
22824.077937578844284872
22868.307712599897058681
22897.416855204235616839
22912.829926894064556109
22916.384881125493848231
22910.119027000811911421
22896.069702679713373072
22876.124846672533749370
22851.968648662572377361
22825.142857398550404469
22797.198123658545227954
22769.865355659272609046
22745.182195702160242945
22725.512377500366710592
22713.458181628451711731
22711.683244434181688121
22722.678148702409089310
22748.497021105358726345
22790.489175852679181844
22849.055255947398109129
22923.472793977780384012
22841.579663431308290455
22770.615681009760010056
22707.084609763398475479
22647.424928710399399279
22589.005846452098921873
22530.212009365761332447
22470.569446419140149374
22410.589115714050421957
22351.404333231475902721
22307.511610129575274186
22253.732839016709476709
22204.031127822014241247
22158.785856042723025894
22118.031967525461368496
22081.571836215462099062
2698.244054533383405214
