13343.401100820457941154
13297.059570241375695332
13250.718039662291630520
13204.376509083209384698
13158.034978504125319887
13111.693447925043074065
13065.351917345959009253
13019.010386766876763431
12972.668856187792698620
12926.327325608708633808
12879.985795029626387986
12833.644264450544142164
12787.302733871460077353
12862.492503231615046388
13074.449083149886064348
13286.405663068157082307
13498.362242986428100266
13710.318822904699118226
13922.275402822970136185
14134.231982741241154145
14346.188562659513991093
14558.145142577785009053
14770.101722496054208023
14982.058302414327044971
15194.014882332598062931
15377.501960554749530274
15363.547143737871010671
15349.592326920992491068
15335.637510104113971465
15321.682693287235451862
15307.727876470356932259
15293.773059653478412656
15279.818242836599893053
15265.863426019723192439
15251.908609202844672836
15237.953792385966153233
15223.998975569087633630
15210.044158752209114027
15196.089341935330594424
15182.134525118452074821
15168.179708301573555218
15154.224891484695035615
15140.270074667816516012
15126.315257850937996409
15112.360441034059476806
15098.405624217180957203
15084.450807400302437600
15070.495990583425736986
15056.541173766547217383
15042.586356949668697780
15028.631540132790178177
15014.676723315911658574
15000.721906499033138971
14986.767089682154619368
14972.812272865276099765
14958.857456048397580162
14944.902639231519060559
14930.947822414640540956
14916.993005597762021353
14903.038188780883501749
14889.083371964006801136
14875.128555147128281533
14861.173738330249761930
14847.218921513371242327
14833.264104696492722724
14819.309287879614203121
14805.354471062735683518
14791.399654245857163914
14777.444837428978644311
14763.490020612100124708
14749.535203795221605105
14735.580386978343085502
14721.625570161464565899
14707.670753344586046296
14693.715936527709345683
14679.761119710830826079
14665.806302893952306476
14651.851486077073786873
14637.896669260195267270
14623.941852443316747667
14609.987035626438228064
14596.032218809559708461
14582.077401992681188858
14568.122585175802669255
14554.167768358924149652
14540.212951542045630049
14526.258134725167110446
14512.303317908288590843
14498.348501091411890229
14484.393684274533370626
14470.438867457654851023
14456.484050640776331420
14442.529233823897811817
14428.574417007019292214
14414.619600190140772611
14400.664783373262253008
14386.709966556383733405
14372.755149739505213802
14358.800332922626694199
14344.845516105748174596
14330.890699288869654993
14316.935882471992954379
14302.981065655112615786
14289.026248838235915173
14275.071432021357395570
14261.116615204478875967
14247.161798387600356364
14233.206981570721836761
14219.252164753843317158
14205.297347936964797555
14191.342531120086277951
14177.387714303207758348
14163.432897486329238745
14149.478080669450719142
14135.523263852572199539
14121.568447035693679936
14107.613630218816979323
14093.658813401938459720
14079.703996585059940116
14065.749179768181420513
14051.794362951302900910
14037.839546134424381307
14023.884729317545861704
14009.929912500667342101
13995.975095683788822498
13982.020278866910302895
13968.065462050031783292
13954.110645233153263689
13940.155828416274744086
13926.201011599396224483
13912.246194782517704880
13898.291377965641004266
13884.336561148760665674
13870.381744331883965060
13856.426927515005445457
13842.472110698126925854
13828.517293881248406251
13814.562477064369886648
13800.607660247491367045
13786.652843430612847442
13772.698026613734327839
13750.971053916311575449
13726.553678070136811584
13702.136302223962047719
13677.718926377787283855
13653.301550531612519990
13628.884174685437756125
13604.466798839261173271
13580.049422993088228395
