79.383161097538348372
83.792132341405434204
89.353946602304660018
95.244421060220460618
100.890367136916708546
105.976494532475058463
109.409063518253773850
111.281280467871383166
112.444803522357531733
112.896467197184506404
112.460689664814296407
111.571449163934929061
110.302321005612327554
108.284036172631516592
105.291085058164043176
101.441291831845632032
97.190481414034010754
93.409927566287635159
90.229972564226585519
87.095356395499848645
83.913940305251571772
81.108362535145872130
78.633443487015938445
76.304195390418101397
74.260193002419967456
72.555554514053170578
70.969867025223194901
69.833534424193061341
69.263312233426063358
69.182429085593852847
69.098911196983664240
68.829163314798933015
68.534504420691618520
68.439286624897832212
68.178351171697215705
67.787665824291977401
67.728964400771090482
67.988705503837536526
67.843374761817727858
67.152728509811666413
66.187349942233367983
65.456189104909441312
64.887033378465417854
64.299026034770520255
63.238420562585588414
61.430386246403429595
59.140114429432998122
56.907511246168866137
54.830362653258191585
52.732941143951137519
50.815415817623602379
49.800519605212770102
49.534697720790802578
50.031442935691671892
50.821293648892122974
51.486334354093202137
51.594562658731575766
51.134848932406896438
50.768951282854828833
51.376717591259478013
52.413944931620903844
52.614820390329754218
50.503485852796671907
45.882022544688425114
39.761562959139922668
33.638769437539963292
28.264959968908698329
23.843372459033759014
20.196252632734314147
17.040813895654736143
14.093185171520957510
11.151893142752527410
8.165503603980567959
5.287950127873244810
2.936962559299843178
1.393084541231161211
0.431831316619621930
-0.645673812963423188
-2.688521596656244128
-6.158615364615286580
-10.446583884050369306
-14.113620591753829103
-16.265483534492091167
-17.204261041652387121
-17.558355448014140165
-17.865736943789841007
-18.359891398508807470
-18.865497378541817852
-19.087118706453225059
-18.977766838924992499
-18.759006209375456820
-18.525508508137647823
-18.295820074267624022
-18.022409254376725585
-17.694513832069787895
-17.342077924318516580
-16.984754460782937713
-16.793491278921010235
-16.993867156031399190
-17.601153377322816596
-18.377228409359418038
-19.076084312221382788
-19.568081843580898749
-19.928973737567389435
-20.480702023292963077
-21.522976014543075962
-23.153750854788768265
-25.144559559663889559
-27.059269069661979756
-28.589135534155445839
-29.742679244688019935
-30.783886708221587014
-32.051023341240181708
-33.681930658631301867
-35.540896627818483466
-37.500034143356288041
-39.459724984459910502
-41.268885336099174310
-42.809968642912110681
-44.048834568055781347
-44.988818750970210658
-45.587859422057306347
-45.711669984779632614
-45.161397033627110886
-43.986794051314575427
-42.531474100938339689
-40.951051716194456276
-39.322185010462419541
-37.777317652924295999
-36.416770877075691715
-35.306380940513975020
-34.479024629048183215
-33.838697472165051749
-33.178830559800189803
-32.337066253712009711
-31.232476502849806366
-29.833142174518229695
-28.162737922576070559
-26.289287298037095297
-24.308105251271172165
-22.315584020958624478
-20.372266105509822864
-18.495006556811119935
-16.673542430725035501
-14.875402683336631071
-13.046763320999957614
-11.188464810005427807
-9.392062663358842656
-7.793360660257690142
