1406.441416688570598126
1265.816770520734280581
1012.025806934144270599
1119.898532778528988274
1178.705059600222739391
1250.340918581280220678
1359.808148128929815357
1521.350045977657600815
1726.541359402525358746
2435.414405103594617685
3142.313919978673311562
3849.101183302475874370
3954.895658408717736165
4059.406329957750131143
4164.696037204088497674
4274.443765137615628191
4388.722386909214037587
4509.299767127683480794
4635.225493551181898511
4763.163054276964430755
4892.550869866707216715
5027.125267032435658621
5172.756020349995196739
5340.226209143176674843
5547.257737830076621321
5814.761659810335004295
6161.502362779309805774
6606.342753991259087343
7157.740332223636869458
7797.106012432633178832
8504.179029107401220244
9253.804730571126128780
10020.152848777406688896
10779.167259373576598591
11508.179555714557864121
12190.843476758158431039
12817.478432152969617164
13381.119706229643270490
13875.653720085958411801
14300.219945821321744006
14657.812945562329332461
14030.084414874927460914
13341.243874679947111872
12593.029559547652752372
11788.637431492456016713
10935.183223333468049532
10045.999632134149578633
9125.948508595507519203
8208.965244548815462622
7326.287266625300617306
6510.989132423589580867
6169.134768386760697467
5956.392568277470672911
5887.369564401540628751
5960.330892858248262201
6160.652011168050194101
6480.993208378934468783
6883.358089419751195237
7339.620166387693643628
7830.868985494816115533
8335.733041553838120308
8834.793242155003099469
9311.977979373958078213
9761.290258260236441856
9873.628077816367294872
9968.490045590553563670
10051.409185804697699496
10126.490508465305538266
10195.725651543578351266
10260.596232631571183447
10321.876640559097722871
10379.669019644465151941
10433.476520535554300295
10481.835088499530684203
10524.996562472124423948
10561.779258291200676467
10586.819262219087249832
10591.926807779216687777
10569.094093718333169818
10512.617911700186596136
10425.810921956710444647
10323.562891098552427138
10218.598407312780182110
10107.942787801619488164
10012.170854104988393374
9910.742483822707072250
9709.897036634294636315
9511.408087946954765357
9323.146531483847866184
9149.866811086469169823
8990.631739704953361070
8956.517981433120439760
8937.669516468566143885
8933.217789682765214820
8940.604984987008720054
8904.090750115456103231
8874.623085945519051165
8848.276532524934737012
8819.663095110085123451
8784.661851490292974631
8741.407433237161967554
8686.038662821241814527
8614.211946705116133671
8522.141638583894746262
8404.407460433649248444
8327.194960589953552699
8228.689561163964754087
8119.290828995503034093
8013.386984345562268572
7923.626409249407515745
7857.965088188495428767
8115.836437121303788444
8399.858243493374175159
8707.018983346970344428
8776.588259794332770980
8867.445936239802904311
8976.063197964982464327
9100.676694410354684805
9238.619747920571171562
9386.528971793752134545
9540.595949056121753529
8925.928194298805465223
8312.548308016954251798
7702.302374652163962310
7094.393162390252655314
6473.617426498502027243
5837.471813505205318506
5179.828265014348289696
4490.747940371948061511
4635.626101275454857387
4747.809184656149227521
4739.923876628120524401
4649.877570230758465186
4490.081915850106270227
3935.872160287552105729
3350.298131585845567315
2757.920990393969077559
2185.406174824092431663
1663.545299671730390401
1219.402211739635731647
866.596789611254507690
601.858678459724615095
407.070654860068373182
411.133195441350324018
438.234385879939623010
481.458931452100046045
534.424023482851680455
590.304531676045826316
642.890893719491145930
2953.236178973177175067
2662.233568356807154487
2365.577470110830745398
2104.815959984565779450
1870.051290276095642184
1651.538741018985547271
1701.242173340935323722
1895.781555716851471516
2078.217424100465905212
2314.357031977685437596
2627.564976117312198767
2933.429263573140815424
3200.309156625105970306
3580.781715298589460872
4065.418096587794934749
4583.212997029817415751
5114.113945549877826124
5603.427202122096787207
6042.318907204425158852
6467.587603794019742054
6884.760674122887394333
7264.221710118780720222
7609.247119398648464994
7933.036028024808729242
8226.638255258341814624
8488.486744288318732288
8739.802207946428097785
8883.697518505177868064
8820.585627002474211622
8727.965376582302269526
8637.639333301578517421
8562.768790083740896080
8497.588467603258322924
8434.502921550587416277
8408.748447758371185046
8426.877016225560510065
8462.183029374875331996
8515.597545991473452887
8636.054931862363446271
8831.696819962062363629
9084.897432689365814440
9311.650468771646046662
9560.806273862486705184
9837.419115075957961380
10165.332513679695694009
10556.859376137283106800
10987.533223206690308871
11674.749006092632043874
12409.873225516295860871
13126.570599233680695761
13801.069311963996369741
15004.285973660231320537
16086.844630319510542904
17030.807637053654616466
17878.531496717350819381
18668.974541324092569994
19134.675191674439702183
19498.560444266862759832
19803.740815933215344558
19972.277102335974632297
20046.103637804226309527
20118.257749371623503976
20314.239548279532755259
20671.780384758061700268
20599.729363933111017104
20529.787938407029287191
20406.996308864825550700
20212.897956920223805355
19968.149693771640158957
19698.027061070803028997
19430.387408716953359544
19188.900978482895880006
18986.106602932784880977
18826.954092206025961787
18661.866084293662424898
18448.583651838776859222
18209.943970710490248166
18022.370339844183035893
17978.852640333087038016
18166.426288916361954762
18552.169965424211113714
18926.278355719929095358
19125.452105449468945153
19261.820081637932162266
19398.116118217629264109
19585.545438446002663113
19692.543390818769694306
19833.652140333801071392
19934.544287952463491820
19972.965730963307578349
20015.084087363025901141
20046.979795228598959511
20071.510757509186078096
20068.659937543598061893
20036.872220721168559976
19990.038230492460570531
19906.655237019978812896
19814.309580855235253694
19761.393866747937863693
19760.256799860657338286
19766.496593270250741625
19759.337624723557382822
19726.272677123855828540
19662.564893348273471929
19631.562692627026990522
19665.060227636160561815
19778.452095155960705597
19937.637478695603931556
20060.736262183087092126
20090.488491108830203302
20027.493602796566847246
20419.635086866041092435
20801.136160804591781925
21197.197690809178311611
21531.922229821902874392
21815.171040340432227822
22059.123693481360533042
22239.165262239941512235
22348.365204430221638177
22398.099209017826069612
22415.254237463042954914
22371.242126755871140631
22326.594666446850169450
22214.483836680316017009
21999.112914240198733751
21878.479188814508233918
21795.369601018835965078
21728.788984462215012172
21697.844987698863405967
21792.420164128197939135
21715.881073977256164653
22063.117619581244071014
22498.725725546290050261
22989.818590684193623019
23120.567604363819555147
23215.865443586197216064
23263.925531225668237312
23308.604796194405935239
23382.761338240074110217
23497.489114279367640847
23646.450758498674986186
23800.573091475544060813
23917.409453650794603163
24148.512165348362032091
24327.902027370339055778
24453.025263483981689205
24532.819240557550074300
24582.698387522475968581
24630.632852352438931121
2728.113968942290739506
