3.428122969203974524
6.632873625368994830
13.271314304534847395
22.210718761572568525
31.181322674950692431
38.240841811667465322
42.368001466264693988
44.094158419662008441
44.658714147553602913
45.210984647086256416
46.168852020134160341
47.101684365297586510
47.273589262155681467
46.085984299300278622
43.613148718221431466
40.350086831792793873
36.968712454010969282
33.856838392366277901
31.032355531090846767
28.283729740163096267
25.481798782452788288
22.734478455735263935
20.369252483358057049
18.722983844790125119
17.905823752605797949
17.799634950067126482
18.058829304403435145
18.344057801588618872
18.478943611013473713
18.398771337650185131
18.175935505747300880
17.878402388109119414
17.567796828707180623
17.328945066789422924
17.344635873099331747
17.784052640782029187
18.746415807812539356
20.184092388385341366
21.875298573754626830
23.546497490166061084
25.047077034109641147
26.387886606789894728
27.741538676267811780
29.236283972272850917
30.834192248264226777
32.299903176409557659
33.319907591956898329
33.781800130982610142
33.864904176233942223
34.032023592283110247
34.744269474048849133
36.221328116908487971
38.216859728400322638
40.184607038496643838
41.525868611684174425
41.979755854144492844
41.672171664849201989
41.043720053275663417
40.492680451880303849
40.031510098291867905
39.264481961944049715
37.555185481242247647
34.365202082165893671
29.628104192915404980
23.809461689948850704
17.729863847406413413
12.170338427867106290
7.571851321669230472
3.954953742562641761
0.961380760589932715
-1.795309844677191791
-4.577738695923762258
-7.390803807596858732
-10.089631291185629181
-12.520729850514022985
-14.641359663512769629
-16.492402633153240288
-18.229940201440172132
-19.932690797647225622
-21.620429989867762544
-23.250446398100383050
-24.744496062922205937
-26.012092553230857561
-26.963731955617173952
-27.504846475827971375
-27.546569369135315952
-27.075740612590870171
-26.212330469227818952
-25.245341726087627165
-24.523766131985887284
-24.331249695773774278
-24.734429581221618832
-25.513977218453213425
-26.297290424083890059
-26.673395931970784289
-26.446958504112977550
-25.771595871115394516
-25.032224579097078987
-24.673422716406289368
-24.995270452817699436
-25.964256299775200887
-27.219671831316578192
-28.251995786129729282
-28.592659019398038112
-28.100484915292241794
-26.898686000344152802
-25.392239007490754688
-24.020813886844091911
-23.109338987211074823
-22.739104260404971569
-22.771990915810501832
-23.003146919880531840
-23.278818640838853327
-23.615291156955489527
-24.164582170739894451
-25.123015192846740007
-26.596895772318838169
-28.517251280394550150
-30.621583134775310242
-32.603660816182269855
-34.210091481277494552
-35.392116701432023262
-36.214341178478576921
-36.831750396597250585
-37.333627597467845760
-37.685774163761813327
-37.790497510413572968
-37.590101777489941526
-37.135487541641133191
-36.612050005466628022
-36.176039269547359822
-35.859241366585976607
-35.414656739522513362
-34.429082307849142808
-32.568414170705224819
-29.708266529468140504
-26.176923125313152241
-22.624560718710092999
-19.724088842608889394
-17.856834849367178464
-16.958114974281205178
-16.547418030805356892
-16.083188518893145158
-15.192048845203853347
-13.882985376791621590
-12.480659625042640926
-11.383617401724068330
-10.763576404602369863
-10.492084952456142588
