88.934800942124070389
16.753696400400258426
14.437187736885967126
14.047829635050081976
13.885397802848064686
13.787952499655560246
12.970989702262500032
12.710915135669555553
12.691206405870099516
12.681914052823277217
12.632617721040912073
12.630934378530213280
12.629896103362581172
12.628862612580299185
12.627597276093521117
12.625839301777215695
12.623303381910524479
12.619867432836807453
12.615833692679196076
12.603128762888818670
12.587277016352217629
12.585004398631891576
12.582756518751768482
12.580221518992566132
12.576792578365914466
12.554417236619434206
12.552952453720832793
12.551441720773642174
12.549786688170929239
12.543269412446470312
12.538914200169042346
12.521228131588143739
12.516911707292825540
12.454967682920131011
12.406378278953493322
12.343575961930707052
12.239190705230718947
12.228516936559522321
12.227272253927726098
