70.150243365983712351
75.090348953229280937
81.355415505628656092
88.050249095415395573
94.560201958742524653
100.467247389328292684
104.437221174291252623
106.571817092020921791
107.862692636003757229
108.308242825357893935
107.722820136501326260
106.619197357355716349
105.071437887843003978
102.654707566096774940
99.195623894511726348
94.887882935041304222
90.192058779077797226
85.941170899151117624
82.262743217647937399
78.634162928629095290
74.970517190162183851
71.673846243060651773
68.703655619155824752
65.887687955977412457
63.362123925104825162
61.185326318518335142
59.161611664846404324
57.619112982263587242
56.669056256630256030
56.218554556856034310
55.781607327668410790
55.172669269258392433
54.543099183660572749
54.113969330902165211
53.552771492256340480
52.903935381072557220
52.603489246881849795
52.627818050741325351
52.281463962841201010
51.424651942265768412
50.308986057556353444
49.413085217557068063
48.666538155053075343
47.896763650653639388
46.673447481474966025
44.735875870205916272
42.334300045530426360
39.978305217005043914
37.757516054990503562
35.499505290206428754
33.381889900692215178
32.069354480296993870
31.397297915511813926
31.389150377590055996
31.662992175290639807
31.901804889170904289
31.744785722203999967
31.182318826462051220
30.811970537079133692
31.433222829808727283
32.504789032624671563
32.810177112968943902
30.939977013760966429
26.698202399319711731
21.035884508244492963
15.365492286411921441
10.395489872640240492
6.316513339990081022
2.959281727207724089
0.055744817747296338
-2.662456735820711629
-5.384956147312351504
-8.158744670935391241
-10.836030629067749942
-13.019231053182465985
-14.440667757425018181
-15.310841777141604325
-16.289560778935424423
-18.179209008990653729
-21.416176570461630035
-25.423452904526413931
-28.839391146016623679
-30.817843047118628874
-31.644983892022139571
-31.916212425566641286
-32.141805680228287656
-32.543954079056561568
-32.957446075386144457
-33.102810959226872001
-32.935530700453114150
-32.665374125861660559
-32.382260890792508690
-32.104287501403121041
-31.787249909470858711
-31.421994160273868602
-31.038137127543734550
-30.655702801625352549
-30.437782426825833682
-30.598751991404014916
-31.153302151186039737
-31.875545462139484698
-32.531399404072772086
-32.996410189707432892
-33.340331869637850559
-33.866055966026976876
-34.855820965922589494
-36.401349717079597212
-38.285713313130884217
-40.095458573216603781
-41.537473615502392477
-42.618633508601590165
-43.587446261189711549
-44.762796382930446271
-46.274196601698918130
-47.992726175328925819
-49.797339853982634850
-51.594190437203224064
-53.241162586713357996
-54.628303426434797530
-55.724512602119943949
-56.532561853859647272
-57.009662955167016207
-57.024311839245342526
-56.383873475216091720
-55.131945826902096996
-53.593394548452295112
-51.922869830713239025
-50.209180917094784036
-48.583074863520096187
-47.116087432689710113
-45.850386681127474731
-44.829990045896749962
-43.989220640128621653
-43.149593821260395998
-42.182796043021880905
-41.035492726758945992
-39.663044175289940085
-38.038360519454784026
-36.175800637952022498
-34.143424820170196199
-32.044662777588371227
-29.972419588410446067
-27.982363714824828094
-26.086810488111382256
-24.249231802045358108
-22.398359369675745256
-20.520451271221531897
-18.700950251741630836
-17.076474235103432875
