73.655825154698433721
77.548393245340577096
82.446936092648741123
87.540198623962041324
92.231255657376919999
96.236997235078717949
98.640728641378984776
99.363975359947104948
98.935464202304586934
97.292568152409330651
94.363959644989776621
90.754083472058880488
86.758489756431373507
82.196028556314217894
76.864002822676809501
70.838546737261268049
64.569145968314700212
58.932985892420404639
54.066219686101064212
49.417726172181005495
44.897675986721978347
40.929072064739258963
37.464833621862140944
34.315282908436586240
31.611713569244358268
29.394922221363401604
27.424013486483886481
26.004797445012513890
25.240824113892500691
25.059138637624613466
24.970439127234953958
24.784833027966101326
24.646837435633898394
24.754409662330715491
24.712615098995030394
24.531976255214374305
24.662654310771074506
25.093766130303350792
25.110463914602235036
24.582874146776219959
23.792625534771644880
23.259128189419016053
22.918801735251804530
22.597130172270141202
21.844946309851110300
20.391403043623853364
18.506237948411268235
16.735182226362354641
15.183558778857417337
13.685731386252115271
12.456372595367781742
12.238770684479192141
12.899427769765992480
14.443815851238440473
16.344789126990576733
18.104996909358732182
19.230026205618486301
19.678933050674913829
20.105620709822659364
21.388936019988648241
22.986725827113900777
23.640120447276018467
21.885408118906752861
17.539551768198862192
11.627662779024120709
5.656607843966867222
0.383382378147445024
-3.986059613276154323
-7.627043600135891666
-10.818275214626282832
-13.837736002626371601
-16.880483951089757966
-19.992654258335562645
-23.017107025241273277
-25.534663474955380025
-27.263456892924949670
-28.424716309242114676
-29.710860779857057423
-31.961447429256395480
-35.626970485930598898
-40.086375675599924762
-43.890454774660838666
-46.137168626448669784
-47.124359504818073674
-47.480113852339002278
-47.745721861478955361
-48.160826430972463186
-48.557999406906162676
-48.650190991096565085
-48.398519691205649451
-48.032251814329356421
-47.652985619353444235
-47.284197385952836612
-46.879919169256766054
-46.427407578109978203
-45.952586937477462925
-45.471217891733999750
-45.151701293937719583
-45.218027355040305792
-45.683642550112551817
-46.307712163390590376
-46.841293249238617591
-47.153481874582041655
-47.322852077335426202
-47.680044250473486045
-48.539149137736671946
-50.015202545124964217
-51.894456847475225914
-53.748363200988478638
-55.266683911991947298
-56.448689128895921385
-57.543817649249888291
-58.871775114534898421
-60.547781547871068142
-62.409691858865187442
-64.301175001806200271
-66.095109590806430333
-67.616707884861227740
-68.730713101243566143
-69.393587865374513513
-69.611112159611423067
-69.359048910298781720
-68.537466591780628278
-66.996609217197146791
-64.843412922819197775
-62.473931192911607013
-60.076335115744086579
-57.733247537299234864
-55.574923761232810193
-53.712196486885829927
-52.211773589720110067
-51.076047821487748024
-50.167786945009481769
-49.247228843008315380
-48.112369719065327445
-46.645079844513418266
-44.810314361990208454
-42.662562243548450169
-40.308548599329526496
-37.869661901418737671
-35.451395198517332119
-33.112786061314466224
-30.867708646263338323
-28.709622052133909165
-26.618204044785272799
-24.551456751631690167
-22.511730746876992271
-20.580492934761082324
-18.877222721575890318
