2368.280606451660332823
2472.690875475267603179
2255.351320961331566650
1713.829129868749532761
2072.543399391286129685
2247.332206498408140760
2308.557677329441958136
2318.812154081327662425
2321.248949623755379434
2337.796980429512132105
2882.994359072880797612
3479.838471439806198759
4140.691376392251186189
4865.536842342560703401
5648.580394115785566100
6479.265113898116396740
7342.256944724829736515
8221.973621570128671010
9100.598608152287852135
9959.459200726079870947
10783.665160799653676804
11563.010691246015994693
12289.020395871844812064
12955.781372023240692215
13560.913314396595524158
14103.459088544972473755
14582.420337319041209412
15000.182525064792571357
15358.619757116986875189
15654.736062317922915099
15886.352304488831578055
16051.509078159891942050
16149.470447354347925284
16181.125877662463608431
16145.076620272922809818
16043.662500236268897424
15880.322889031211161637
15656.552535098169755656
15374.546654722929815762
15040.104125519681474543
14662.009507426953859976
14251.634542785805024323
13820.126050205699357321
12034.706627123703583493
10254.040172551434807247
8498.298207359017396811
6796.240129626483394532
5184.702138434204243822
3705.453692279321785463
2403.563876330778839474
1328.039338837416380557
534.453096400682397871
80.205177431224512929
0.332755198454251722
0.042504297398683277
0.001264507736341733
0.050363969138468363
49.489094265227286940
480.990163289405643354
1343.282019316120795338
2592.377300394115536619
1508.366249589860217384
748.215777954824034168
298.075032966228093301
113.692131744271051730
89.264648323206742475
175.734594272135836945
415.373898484177175305
826.560882440507157298
1384.050649598700829301
2049.796406228605519573
2784.261589423944315058
3549.253684127978431206
4309.412713790271482139
5035.962327674869811744
5705.141625021709842258
6295.963495883726864122
6790.826940311479120282
7177.536181593934088596
7450.687265233163088851
7616.818359041808434995
7694.903090653150684375
7701.545774760574204265
7637.433793729551325669
7503.910093180105832289
7302.504169891403762449
7828.382381901908956934
8305.492355748800036963
8748.483882158376218285
9167.311351983278655098
9290.020398390550326440
9396.337294131459202617
9487.998743827285579755
9566.968930089291461627
9633.644696188268426340
9687.219031073505902896
9728.598146444126541610
9756.052030315871888888
9766.543678413776433445
9758.327774550696631195
9731.899785316460111062
9686.253317016511573456
9619.799272039123025024
9530.813453090246184729
9415.274123620733007556
9272.603686941813066369
9104.993326223431722610
8919.186040218099151389
8725.267931617188878590
8532.221532561045023613
8345.744581310578723787
8169.276370825738013082
8003.965780249955059844
7748.157752292127952387
7508.728565042914851801
7285.963249622202965838
7078.164255496118130395
6884.049701672048286127
6700.408275433208473260
6522.262167477349066758
6342.574364899792271899
6157.154145678729037172
5960.289565016388223739
5750.358744667913015292
5524.281571075778629165
5266.377280166448144882
4972.968674868327070726
4642.804663108614477096
4236.188004776946399943
3710.398136481615438242
3118.696717553032158321
2440.742229836363094364
1648.783647339811523125
766.939584554284806472
671.736617619109779298
496.274116418631024317
300.108068655614886211
90.239971614100824127
1.777946204336505076
0.588460163395009173
0.061178251263652839
0.932258345913550390
0.900992914289301172
0.334764474098214415
0.071074096372160098
0.092031957315850926
0.207779914051127085
27.908399524553921367
361.715929121324847983
6373.211060397180517612
5960.590609996180319285
5528.344810329409483529
5097.228711746364751889
4731.028049364911566954
4372.289446451994081144
4251.612369284302985761
4258.690442908326076576
4251.898745015597341990
4271.842630279719742248
4386.947475446778298647
4503.296070197975495830
4621.880703945587811177
4828.779817568299222330
5129.920820212721082498
5484.719084132292664435
5871.964743010208621854
6231.450762794822367141
6554.648389053213577427
6884.454105959322077979
7228.577022082119583501
7555.078826622799169854
7868.762885866877695662
8185.066054633161911624
8493.737782793263249914
8791.936127441873395583
9101.542018534950329922
9371.578472027915267972
9558.571115606682724319
9723.823271204575576121
9897.324051126615813700
10099.594406529116895399
10325.038996493050944991
10537.619001549786844407
10769.581058182875494822
10984.131873430269479286
11142.666000693872774718
11279.710058049531653523
11446.215048779842618387
11648.667940923371133977
11866.164882624303572811
12057.739199492612897302
12228.988068974762427388
12336.626740239526043297
12469.565000866949048941
12651.235437813322278089
12865.497976952734461520
13072.675819156116631348
13269.519278036252217134
13477.626757591508066980
13686.847336545179132372
13827.817947837495012209
13917.626476585130149033
14331.887526246237030136
14760.385250699626340065
15233.370489956349047134
15417.803434600940818200
15585.865897486675748951
15799.951341157349816058
15957.592881072079762816
16085.867496334563838900
16116.572708228792180307
16323.675457871455364511
16731.837608024699875386
17276.096564399533235701
17812.202905985894176411
18269.230913657949713524
18621.562347409391804831
18889.330408349829667713
19098.150870035151456250
19276.337870693558215862
19446.992718050601979485
19620.077568031098053325
19796.497689075520611368
19915.515418253504321910
19924.909041257764329202
19846.696073686238378286
19764.685652133815892739
19782.944465998280065833
20000.289699424069112865
20381.681555787617980968
20694.270540015084407059
20759.491391358733380912
20710.849398529509926448
20626.190603427319729235
20573.425983130502572749
20640.390725463828857755
20734.337043019957491197
20785.571643908235273557
20776.874136687019927194
20777.545798359544278355
20780.714740770454227459
20797.516302342977724038
20805.068325175056088483
20799.479264604848140152
20795.837801704132289160
20762.461566315465461230
20725.282688809205865255
20733.373225083494617138
20795.239657169277052162
20855.834588907961006043
20887.615804598637623712
20873.989526184905116679
20809.514330678452097345
20768.375387960335501703
20788.355043304534774506
20898.980973398760397686
21072.473604787483054679
21228.861572787223849446
21316.456616491323075024
21347.819394122725498164
21365.849773932066455018
21439.450151083332457347
21600.042827115354157286
21785.733444245208374923
21993.674938021336856764
22236.080230664389091544
22479.023080980841768906
22705.589903642703575315
22920.179477128109283512
23165.472257692126731854
23411.205620659431588138
23666.654543726028350648
23841.656746258140628925
23867.722081149680889212
23949.611721133340324741
23983.952898213825392304
23782.034879323913628468
24042.250218381897866493
24177.950552611520834034
24061.005902497599890921
23905.162851067198062083
24144.581605428353213938
24099.975511587832443183
24021.500171987499925308
24140.730268350020196522
23905.044420927668397781
24057.302425188663619338
24104.067975443605973851
24045.845911756208806764
23969.052381923018401721
23904.754858222655457212
23899.770993287089368096
24006.787552135076111881
24150.540363987958698999
24197.461064244231238263
24179.621100787695468171
24105.241178035819757497
24070.476701871564728208
0.000000000000000000
