2487.677867627453451860
2199.405078974433763506
1805.403833074831936756
1331.298413416263201725
1219.428796404961076405
1130.291845327960800205
1122.952400675824037535
1240.999430754412060196
1499.980433932395271768
1892.525611475027744746
2018.769461823850861037
2275.494383573902723583
2663.840850785172733595
3174.285087551244032511
3791.479589258532541862
4495.706660542668942071
5263.677486914601104218
6073.072287221507394861
6900.341060576104609936
7722.033312024559563724
8519.517278272627663682
9280.031133888720432878
9993.849426154902175767
10655.110099438385077519
11262.612979034685849911
11817.260317161864804802
12320.060013272042851895
12775.108233188399026403
13185.580165838735410944
13549.391931394919083687
13864.865879644135929993
14130.255658533411406097
14344.893930074877061998
14509.676640796860738192
14623.573607757411082275
14690.254805112141184509
14714.868334597156717791
14700.494608706720100599
14650.992486013354209717
14573.157477939746968332
14475.686450884570149356
14368.857588488004694227
14261.514393744739209069
13698.239822663246741286
13151.643432995480907266
12630.901708943356425152
12146.299748489071134827
11708.061005467288850923
11323.765747332568935235
10997.855655070166903897
10732.625430208807301824
10528.232836296872847015
10373.432969039567979053
10234.630647268697430263
10121.856715973328391556
10053.860765554798490484
10041.549895648553501815
10064.757967812396600493
10126.283814783848356456
10234.765069995410158299
10353.630838949980898178
10185.155967814651376102
9998.579592099544242956
9818.616504000199711300
9659.237254277766624000
9528.921158440711224102
9429.514470013511527213
9365.078268083358125295
9337.726127621443083626
9345.934593564494207385
9384.839051697930699447
9447.277342032562955865
9524.733643828027197742
9607.881085404758778168
9689.566993545568038826
9762.840521665932101314
9819.115364867911921465
9850.714575401136244182
9853.344543674236774677
9810.594053372053167550
9713.487885429045491037
9580.754086730235940195
9428.137980247474843054
9255.756226609841178288
9065.280934203090509982
8858.535455752367852256
8946.959723661188036203
9030.892333424961179844
9119.375412286526625394
9218.100877580882297480
9153.344654534606888774
9101.882687982541028759
9063.739977970528343576
9038.843650634167715907
9025.387439589550922392
9020.302745616647371207
9022.229678656000032788
9027.387203868363940273
9030.751233593911820208
9028.429382828689995222
9018.620468296279796050
8998.148671923154324759
8963.587354342285834718
8911.842719638569178642
8838.018685867453314131
8741.171490340477248537
8623.695777556007669773
8492.734861602812088677
8358.765042243387142662
8231.091125836472201627
8115.613205067343187693
8015.813306264637503773
7932.735182956041171565
7622.258527293749466480
7333.981468345266875986
7068.722701777285692515
6825.304467129160912009
6602.869534140530049626
6398.532698300217816723
6207.563712430624946137
6023.122103464621432067
5841.141290630882394908
5656.028404388604940323
5466.255529611355086672
5269.008283602617666475
5049.262817902718779806
4803.944860517633969721
4532.700669233808184799
4197.674835227156108886
3680.479682168586350599
3112.551022000516695698
2475.716709034421455726
1744.910045636049062523
946.551152527446333806
776.803590405337217817
548.607058223048170476
317.084407658799477758
93.796522565448057662
0.550133264322047122
0.000000000000000000
0.000000000000000000
0.000000000000000000
0.000000000000000000
0.000000000000000000
0.000000000000000000
1.180325184415872419
56.704083621916453239
221.126391343358648101
461.407779626646743054
4795.296367768271011300
5796.621911243737486075
6247.403410991450982692
5886.903829144998780976
5481.316331715828710003
5084.525436307423660764
4931.703230031571365544
4912.303299439658985648
4883.608416317561932374
4885.082070054123505543
4948.083220584697301092
5014.168737314326790511
5084.005886280378945230
5243.246151842838116863
5497.362483461635747517
5805.439731037090496102
6146.023346349544226541
6458.688201866359122505
6734.748185849813125969
7017.072634319511053036
7313.474028600719975657
7592.505670744394592475
7860.222693601876926550
8132.903785312199943291
8398.631334291505481815
8652.067048334325590986
8914.059019896641984815
9134.542870172239418025
9271.474748688602630864
9387.687918527657529921
9515.275958160331356339
9677.008468636333418544
9870.070763193030870752
10064.743777829495229525
10298.208538980956291198
10522.229979199984882143
10685.091534602895990247
10817.664680946514636162
10964.936940463516293676
11133.140151334064285038
11308.762384873843984678
11456.740685892898909515
11585.149048756213232991
11687.231160767840265180
11817.078710421283176402
12000.652260706288871006
12227.691793943467928329
12464.154177664580856799
12702.592252105279840180
12962.685485525538751972
13257.799289307553408435
13592.554603203301667236
14195.620139565993667929
15776.712401003334889538
17857.844825123785994947
19684.952236209242983023
20720.648681157410464948
21276.060310686556476867
21159.949839309065282578
20102.185685555188683793
19015.453968119982164353
17961.483651888676831732
17718.879818384233658435
17780.319122365766816074
17922.748600148941477528
18063.890164905114943394
18268.616070414118439658
18504.377611997828353196
18731.032254362649837276
18937.923298293517291313
19137.267466538669395959
19343.557196216192096472
19561.059032416254922282
19786.852455915002792608
19957.159429868621373316
20013.939783964226080570
19959.248769387151696719
19801.086424696535686962
19505.427862530883430736
19388.634621494860766688
19673.140898323374130996
19995.605371725785516901
20094.725343798942049034
20078.363498817550862441
20014.342830675283039454
19976.901005994172010105
20061.883257729539764114
20184.215153984441712964
20268.304022521377191879
20293.134493386645772262
20330.617721342940058094
20369.209096433536615223
20419.623512164143903647
20458.511376339818525594
20481.798069139171275310
20505.151570802510832436
20497.665380644353717798
20485.420124735825083917
20517.219973396451678127
20601.203923215405666269
20681.896377810393460095
20731.108937650576990563
20731.325668779991246993
20676.909262122942891438
20644.692076785882818513
20675.068651707370008808
20796.044299846387730213
20978.513586403478257125
21142.341717665105534252
21235.957214978341653477
21271.978774511346273357
21293.326797764795628609
21368.945179866299440619
21524.524737361214647535
21703.973656944301183103
21904.474672961106989533
22138.299542136486707022
22371.615440221325115999
22587.543526439072593348
22790.423058008982479805
23022.896024276455136715
23254.781200081284623593
23495.469498142185329925
23654.886792332974437159
23664.766913727486098651
23730.476751204845641041
23749.979337909695459530
23536.604766167172783753
23789.317492793288693065
23919.923415327008115128
23804.597736976655141916
23657.576399637462600367
23909.658163918877107790
23874.323659206616866868
23799.086885249460465275
23897.098852830426039873
23619.853722598738386296
23745.269151551096001640
23789.913209191196074244
23770.775817684247158468
23755.794318592765193898
23745.481118636678729672
23784.867514270197716542
23943.955544890221062815
24178.638289209706272231
24403.999689814427256351
24675.816316753112914739
24917.595111455291771563
25106.655549528004485182
0.000000000000000000
