1569.120438219046718586
1495.134638838808541550
1383.181448378132927246
1240.256029013719853538
1331.838763931415087427
1457.722547716379494886
1637.572585006328154122
1868.967102574655882563
2134.308981323224543303
2413.506167650551105908
3343.974082727135737514
4277.130706007034859795
5216.414451768694561906
6163.477134357235627249
7117.378746651161236514
8075.323836713670061727
9021.519251912899562740
9963.922087440711038653
10898.779376019678238663
11823.188949828503609751
12735.550127080870879581
12801.551976150953123579
12855.606249205451604212
12899.398910908968900912
12936.154160393183701672
12970.319414723791851429
13006.944623184075680911
13050.851810016047238605
13105.795958055341543513
13173.837208699891561992
13255.067682568771488150
13347.714888302765757544
13448.585054720837433706
13553.701534933235961944
13658.969594212943775347
13760.751573662544615217
13856.279535000157920877
13943.847809761729877209
14022.809391091299403342
14093.424146720059070503
14156.583597838012792636
14213.500207684581255307
14265.446468729051048285
13856.592898001248613582
13444.917887303867246374
13031.248288603905166383
12616.224992414308871957
12200.306451609118084889
11783.828248342613733257
11367.153046369929143111
10950.910964536114988732
10536.241519258315747720
10124.892447746446123347
9719.073252209676866187
9321.055271078046644107
8932.631756163171303342
8554.644321327497891616
8186.716527161006524693
7827.160906852189327765
7472.941388735980581259
7514.370412132800993277
7552.007717028204751841
7582.023957547732607054
7602.683322038415099087
7614.715032944515769486
7620.808641259546675428
7624.718330960932689777
7630.504159507017902797
7642.003249889080507273
7710.208784795702740666
7789.452530081326585787
7880.411191108193634136
7982.028151203512607026
8091.425112237006942451
8204.136487670068163425
8314.738729750244601746
8417.783857130852993578
8508.896247073305858066
8585.805049297841833322
8648.922287537407100899
8701.103133760667333263
8746.572961745247084764
8789.649193813995225355
8833.939625355260432116
8882.068945890920076636
8935.830147844819293823
8996.541858646723994752
9065.296329359258379554
9142.925514809094238444
9229.750824785634904401
9174.467868992000148864
9126.743401950860061334
9084.690575904482102487
9046.185446434674304328
9009.446558988738615881
8973.484706736948282924
8938.221676617165940115
8904.188853617875793134
8871.897038904771761736
8841.093950786937057273
8810.242995339716799208
8776.509348682169729727
8736.298772987733173068
8686.199610840281820856
8624.029258840035254252
8549.673152599634704529
8465.340155058889649808
8375.072625410926775658
8283.654112390326190507
8195.386657870538329007
8113.197108219356778136
8038.278490915983638843
7970.271708413420128636
7737.506623482329814578
7508.535412688618635002
7281.527535409097254160
7054.778746672280249186
6826.802136337484625983
6596.447109457681108324
6363.135746333073257119
6127.164190735171359847
5889.892252684346203750
5653.621631561897629581
5421.102408654625833151
5194.826739867030482856
4976.376594476311765902
4765.899685032888555725
4561.970067621467933350
4361.642380008780492062
4353.335429972606107185
4338.858943885154076270
4312.548818297833349789
4269.581556153563724365
4207.264185671802806610
4126.164750851029566547
4030.620809097415076394
3928.242197632805527974
3830.805003303983085061
3755.366243399552786286
3712.190400656235397037
3701.841530612670339906
3716.344604103154779295
3743.647350850735620043
3772.677456497960065462
3796.556813596562733437
3813.178381611424811126
3823.705173492613994313
3830.396476006172179041
3835.066414511320544989
3850.558723486851249618
4172.760370275192144618
4489.110100632580724778
4793.961637502296071034
5081.440111492864161846
5345.887030791966935794
5582.375801179540758312
5787.225522625107259955
5958.431346262206716347
6095.944913471145810036
6201.772949918199628883
6279.900325433847683598
6336.069331811870142701
6377.452465043122174393
6412.246939391482555948
6449.206907363414757128
6497.122867003488863702
6564.259403390812622092
6657.769692601050337544
6783.114333154564519646
6943.521254998771837563
7139.533174022600178432
7368.700644940664460592
7625.491746671390501433
7901.498985889690629847
8186.019475941519885964
8467.050601003473275341
8732.668048045472460217
8972.639722038838954177
9180.009876636357148527
9352.320305998997355346
9492.174139862119773170
9607.000829580836580135
9708.091417968020323315
9809.149381081691899453
9924.676559671555878595
10068.479347496277114260
10252.480848081655494752
10485.915496739027730655
10774.900239855312975124
11122.330622915505955461
11528.033124126426628209
11989.102873994303081417
12500.357482356235777843
13054.837907276059922879
13644.286094813200179487
14259.529122296171408379
14890.704444653087193728
15527.277364101752027636
16157.843985019173487672
16769.799268337519606575
17349.082956275808101054
17880.349056260056386236
18347.926160208422516007
18737.726467247757682344
19039.821002241380483611
19250.939149257410463179
19375.983359416259190766
19427.901704892497946275
19425.767697999755910132
19391.436415745967678959
19537.557249023677286459
19688.936507993246777914
19855.239189684460143326
20036.847332695466320729
20224.340721825938089751
20399.727247680631990079
20539.376426591938070487
20618.393783840012474684
20615.882119054411305115
20520.162499543017474934
20332.685875069462781539
20069.345226004181313328
19758.495193930557434214
19436.103694898534740787
19139.479559253111801809
18901.297156732995063066
18745.117205759164789924
18682.800731068633467657
18713.668053666104242438
18825.121258260427566711
18994.537582538188871695
19192.263451557580992812
19385.328706366872211220
19541.176216804713476449
19630.643231972226203652
20343.575929187107249163
20941.770965386465832125
21406.696958874803385697
21728.454146416781441076
21908.349960968309460441
21959.636921775352675468
21904.776696615786931943
21769.727216293769743061
21577.897293038226052886
21346.623494132603809703
21087.463759750055032782
20809.643125554808648303
20524.633018174939934397
20249.506138494823971996
20007.461321555732865818
19825.355283199012774276
19729.338010692597890738
19740.080202672972518485
19868.683274334278394235
20113.784678378578973934
20460.126303293738601496
20879.030083914607530460
21331.498004686854983447
21774.409433794382493943
22169.010228410097624874
22489.003502046602079645
22724.828811450421198970
22882.560665005807095440
22978.945662724960129708
23035.552182704861479579
23074.017681160021311371
23112.658970314932957990
23163.886497499977849657
23232.092500243892573053
23312.315156514596310444
23390.446402799127099570
23445.763577901067037601
23455.977936047263938235
23403.872412788554356666
23283.522503393356601009
23103.955789004950929666
22889.174305497508612461
22674.919270117017731536
22503.432056363624724327
22417.558023818972287700
22455.154467823205777677
22644.184519751896004891
22998.328693358762393473
23307.087731866973626893
23744.732607583442586474
24257.735779667753376998
24774.671259462160378462
25222.390069931374455336
25542.752992619934957474
25711.481795193129073596
25743.332582210106920684
25679.509827991558267968
25567.122974470919871237
25443.483140417687536683
25330.353777967287896900
25235.948925244636484422
25160.184283368198521202
25099.631838630713900784
831.777232869974909590
