5.379809303823492428
10.270107257484028196
16.552881779790034500
23.320190293339166487
29.941040282194670397
35.997368314989934390
40.137952585582254983
42.545487230294249059
44.325028296655297311
45.497892682411880116
45.848750027788007344
45.849658025690757768
45.516964016965886231
44.374066480476585639
42.236230859306438390
39.299757104113858475
36.016687939989274980
33.205921785251518941
30.978777460702900726
28.795378681941784293
26.553316446333624867
24.638014521847253491
22.994736530020645660
21.441027365850189312
20.108376362346703559
19.056915777898510100
18.099453816563894293
17.577586494041113951
17.615762181413586518
18.131055854895464563
18.647058349150697154
18.988565535486912950
19.318498421026532696
19.871377233570413523
20.329953619634167694
20.755431104215290361
21.601125321651679201
22.861771495791316511
23.863046805041676635
24.488928351074008560
25.015482010937745372
25.943809294112554653
27.220747414856276691
28.682135947836655987
29.893775770705730110
30.576009641593543620
30.943625200275477027
31.454333365719293170
32.131031280441561648
32.722320908551495222
33.317925285715602968
34.489970791009056938
35.983720842762409120
37.747707888162835843
39.352089709724651811
40.458549863560932636
40.707323076643689319
40.111008639038487900
39.312442538995753694
39.178805706608216042
39.252366309454060911
38.406043932363644444
35.316082792936327905
29.861959589986838637
23.058004076940363802
16.369484934702541068
10.549772097824217099
5.827088511423909267
2.059713316527847837
-1.007618872851708147
-3.649299329021886251
-6.080693642424620293
-8.391018405731614394
-10.484620484499373561
-12.017818401811439344
-12.770981225779479473
-12.991454235866825684
-13.362609293214745776
-14.698453780142216374
-17.439013600766600121
-21.007840513785737357
-24.044714519075540693
-25.707401760374466448
-26.287638875858704068
-26.385693281225655937
-26.513615644804076510
-26.890943481838405660
-27.345518449991971011
-27.587830873546863586
-27.561549657091006793
-27.463492582019512156
-27.369275218841664810
-27.280467290702404171
-27.132851875497749461
-26.892583051414590045
-26.559726435308732562
-26.121889750919194739
-25.711469112498377854
-25.519908801212352500
-25.551890042404352243
-25.586542881038610631
-25.408074420945411021
-24.918725310180661836
-24.217132072111382968
-23.631806791851772687
-23.464486025891915233
-23.820836137157471057
-24.495652106285376703
-25.089057317006279391
-25.325876546320841953
-25.235175102239850276
-25.089925515438437742
-25.233434929047916739
-25.818030177015714344
-26.735528664083631156
-27.884171646887523366
-29.189380369104924284
-30.529671056966208198
-31.817081780147077552
-33.041342845179485721
-34.219650545373440309
-35.310490084802154342
-36.164372010138265523
-36.548002598132370622
-36.443166129426060706
-36.099269503655534663
-35.593513572285530699
-34.946550848568620040
-34.235405527777629686
-33.495034944285805523
-32.757232105631828745
-32.085093364091449075
-31.449189233615470584
-30.710569634998023503
-29.781156715099882604
-28.647596685281996542
-27.303339084970559725
-25.757731724378857052
-24.055925757511658958
-22.285169717320172822
-20.551788098909639757
-18.931400835424085471
-17.442687801961710647
-16.048576441264970072
-14.664069488289783294
-13.185341948449320171
-11.589736224680393661
-9.973295046067278236
-8.492599146279246725
