5.609256839122608085
10.606490131624880746
17.008918932152653269
23.897689395453291183
30.606769538707318645
36.718441595562516966
40.912702627439372804
43.364368840871172495
45.160934904875340123
46.333978892311819209
46.671312862799439358
46.626510490749886628
46.216602115900087711
44.984944322892822299
42.750492582595441604
39.707682234834400958
36.315438507064556006
33.400294149271829269
31.079109105673836666
28.815560542107320430
26.509336115500985898
24.547023135741440569
22.874390020266147872
21.308784042664811409
19.980532230402360483
18.947229036119821899
18.017267205742939495
17.526721280078305654
17.597154909002512113
18.146850295963446342
18.700565757289467683
19.082496257456497801
19.452859777646295925
20.041483135623408884
20.525646828842923242
20.961764168823634691
21.800940236274129802
23.038201198894995514
24.000250038816744791
24.572313657211793725
25.032338801594988809
25.884139709611645230
27.077906081365341606
28.453020733225258709
29.578550753958353425
30.177533054549769531
30.466745090147526298
30.904984767748828745
31.514763806636779009
32.041716299268699686
32.568596383640681324
33.655893638730816519
35.035029285937639543
36.646462348312752511
38.066916025520697531
38.976205605099977447
39.029588743114743465
38.246834149577040307
37.282642757448968496
37.031503569947261667
37.073067212996875242
36.311624073871911378
33.436957283383321737
28.323944475213494343
21.969003424004000635
15.809954284264620128
10.566152590805671707
6.428748373581527176
3.219815250814576757
0.652198531215219646
-1.573837971558219806
-3.691598749567077675
-5.800906532224956891
-7.809713591631748386
-9.371037622373989961
-10.254890340932320214
-10.691340143334173263
-11.340767560290316851
-12.991200734862843547
-16.057535998230946461
-19.942730947885706883
-23.272665228593837128
-25.197951646256967706
-26.008349153433641732
-26.305137873450007646
-26.602442713826462750
-27.121739251616190813
-27.692284250811553648
-28.025655816387086361
-28.066788814281494524
-28.014471347236224119
-27.947202565294503529
-27.870096305601123277
-27.722599479253517529
-27.474121565576069770
-27.127253989800806266
-26.671317915674308097
-26.239705690452808540
-26.024331709899001908
-26.030035182064352739
-26.035977596886027641
-25.826407910523471401
-25.303716841104460400
-24.566878976168254667
-23.945000867656347054
-23.740703290679164184
-24.060778653132501859
-24.701223042079107017
-25.263160458898028082
-25.471913740176887586
-25.356360970547711986
-25.188692070345666707
-25.311247347265691587
-25.875758793614579645
-26.774162035754557110
-27.905408299075190826
-29.195742217968870591
-30.524086448281821049
-31.802124669598413220
-33.018473452048738181
-34.188849428210119186
-35.270276574511569834
-36.111785806300360946
-36.478489803011598269
-36.350466871838648331
-35.975111327076376710
-35.426611577682308507
-34.721263870431528176
-33.933881957830976717
-33.102758840051535572
-32.263152333848609032
-31.478280501566871408
-30.722531063734493273
-29.869647816008011887
-28.846242869269985931
-27.651952667304499300
-26.297591638287883598
-24.813752668470726803
-23.260136366497704330
-21.724029570432776381
-20.297083046580837618
-19.033035440581670628
-17.931228110387280594
-16.941367241004968491
-15.969659936326081606
-14.905869595265357930
-13.721490288534596402
-12.504102470027305571
-11.396261386761011636
