1670.756361076764278550
1602.363856431054955465
1453.207166819917347311
1270.238286117756842941
1352.299027502328044648
1445.979265085121369339
1572.796577225376722708
1748.087234889428827955
1970.863036904662976667
2225.767759215319983923
2776.193664919207094499
3353.250484722659621184
3959.924907594388514553
4591.963299885481319507
5244.455769401940415264
5910.994581222254055319
6581.822853804844271508
7247.741312695945453015
7897.510326378723220841
8518.738838300998395425
9102.141929617950154352
9642.465807781416515354
10135.977885182463069214
10581.739359109154975158
10982.781279384686058620
11343.710000594197481405
11668.870270215044001816
11965.440979634200630244
12239.375221804502871237
12490.257476283173673437
12718.029176736425142735
12921.860397419604851166
13101.507765527614537859
13258.227052764194013434
13391.229725001763654291
13504.284016666613752022
13602.314590791711452766
13688.278715613580061472
13766.237894494670399581
13842.864485379805046250
13926.243824549374039634
14025.221110273580052308
14146.398805533477570862
13601.270668367315010983
13089.825366365152149228
12617.611609922611023649
12190.024332037562999176
11811.290582893052487634
11482.311501794434661861
11200.390035143942441209
10960.355073151526084985
10753.827281499392483965
10554.119792085648441571
10310.028909545673741377
10060.874862507916986942
9840.327072023761502351
9651.450541996482570539
9486.423017407327279216
9342.105407308410576661
9217.309440826764330268
9106.773207975031255046
8989.285995069525597501
8837.351773169319130830
8674.594889856198278721
8523.336100340591656277
8396.505149681814145879
8303.626983132426175871
8256.559342203559936024
8261.379776303030666895
8318.231928964230974088
8422.614907497296371730
8566.621440624759998173
8740.070608328171147150
8931.363677612656829297
9130.701104855117591796
9328.669930238071174244
9514.881088763111620210
9680.676556270498622325
9822.155120850851744763
9923.765584310354824993
9976.042819442005566088
9996.954800031378908898
10001.286446293101107585
9988.970715274259418948
9961.338039560700053698
9919.748141052868959378
9773.951624400924629299
9623.245572912421266665
9475.871501779434765922
9337.411009633400681196
9273.004266104280759464
9221.133200288984880899
9181.850759030281551532
9155.062443781829642830
9138.982065184869497898
9130.587613107767538168
9128.455674067663494498
9128.857204691543302033
9126.863095942822837969
9118.580841569009862724
9102.060124639918285538
9074.037262599658788531
9031.059408285511381109
8970.108973405045617255
8886.595896629545677570
8779.828942794783870340
8652.592196529929424287
8512.419916114993611700
8370.133947132742832764
8235.502986173087265342
8115.032696256482267927
8012.802978637654632621
7930.380350646227270772
7619.229910167556226952
7333.632153692537940515
7074.332236712309168070
6839.911997448196416372
6629.022646713001449825
6438.199717631258863548
6262.078743687751739344
6093.042182494779808621
5926.585384232977958163
5756.547275968405301683
5580.653276811493924470
5395.551532007414607506
5186.250427250980465033
4949.228019526749449142
4684.621644906314941181
4349.338849459240918804
4131.905136359626339981
3865.226389211656623957
3533.102801120408912539
3110.858842469408500619
2633.304288246421037911
2188.576371788762116921
1687.549939812651928150
1178.636261258728609391
660.710545102252694960
252.937692811588846098
21.743828926338618857
0.000000000000000000
0.000000000000000000
0.000000000000000000
0.000000000000000000
0.000000000000000000
0.000000066780932571
8.577880980399374522
107.007618627592151483
272.936927362220671966
3374.512223584711136937
4142.307873857556842268
4837.093168309774227964
4528.745208198061845906
4075.226096958249399904
3619.189985893968696473
3444.407049720262875780
3423.031798026594969997
3390.483821609137976338
3393.241189314315306547
3493.729596315035450971
3591.834408894633725140
3689.100557056313391513
3885.371197079697594745
4181.351225639831682201
4526.002865368373022648
4899.459356980121810921
5245.017342230442409345
5555.131648975312600669
5871.100002478890928614
6200.970457862574221508
6516.202176059596240520
6824.341131057620259526
7139.877706795013182273
7446.837900154735507385
7737.852470069930859609
8033.868532938637144980
8283.061067941958754091
8438.941632263842620887
8575.303351437645687838
8722.236212818499552668
8903.381982502553000813
9116.739278712373561575
9327.270537262324069161
9567.483395882960394374
9786.646902723265156965
9940.363610029282426694
10068.368480825402002665
10216.210700277790238033
10390.639368673191711423
10576.466996750357793644
10738.441471766735048732
10883.206477932142661302
10993.695660840216078213
11131.441910997884406243
11321.141873440828931052
11553.470585197526816046
11796.575002074170697597
12041.818563389073460712
12307.311207856264445581
12612.730840472759155091
13007.393582410921226256
13955.351202498484781245
16486.545319986060349038
19357.083099730720277876
21503.238907245606242213
22701.507293565377040068
23063.897495480112411315
22619.713570801999594551
21363.319562825174216414
19415.901837341905775247
18048.747188625333365053
17432.721467056242545368
17235.220241466842708178
17196.642480986633017892
17290.856122034972941037
17535.925154341221059440
17817.658631203339609783
18075.368370937354484340
18301.255931303527177079
18510.906990417613997124
18721.301030770999204833
18939.029508665633329656
19163.041759994353924412
19334.050004918430204270
19398.431486548590328312
19360.741143847437342629
19229.883488606643368257
18956.439838858397706645
18841.526350540552812163
19120.536269887368689524
19438.015626012092980091
19543.820664596423739567
19541.377127415678842226
19496.607196574357658392
19480.126605626675882377
19537.058787842081073904
19638.129225663840770721
19706.022350624134560348
19718.713166359451861354
19752.883669629314681515
19788.121879603146226145
19834.448525384392269189
19869.661437625079997815
19889.893643014522240264
19910.194235176717484137
19901.545144900304876501
19888.612571948888216866
19917.457044286049494985
19995.673499607051780913
20070.663770249742810847
20115.532580262479314115
20113.169557083343534032
20057.465111847293883329
20021.694848228402406676
20046.344231975112052169
20158.261442213570262538
20329.034348570221482078
20482.342170280138816452
20569.247781286743702367
20601.737138564320048317
20620.494867992976651294
20690.784251903067342937
20836.191766184165317100
21004.360025884336209856
21192.629859304488491034
21412.867177855197951430
21632.976693018448713701
21836.859480299193819519
22029.153286017513892148
22255.789668249286478385
22481.959028492008656031
22716.573345137461728882
22874.411489524980424903
22887.949633208070736146
22950.792964205102180131
22961.143401990710117389
22709.051698816565476591
23008.514290393381088506
23175.889000372368172975
23046.081980698338156799
22870.139729368685948430
23161.066773736522009131
23120.894217326618672814
22980.405689824634464458
23068.961182869617914548
22813.314912842317426112
22946.052407072613277705
22969.188569393663783558
22907.036130359832895920
22853.170426911357935751
22798.334840622970659751
22802.787878154671489028
22953.634980569670005934
23191.989594212333031464
23422.226030232635821449
23715.682344222950632684
23986.541606664941355120
24192.264869804523186758
1903.023100238898905445
