15.235863750727489219
19.316692657341306472
24.778039420511511537
30.739866567135536002
36.606050175194638996
41.982716001536772410
45.517952936368565986
47.398630753757728939
48.735419109165448504
49.540270339918954789
49.585294886716567930
49.339071651617878445
48.812473364994481528
47.518395138432005353
45.266866875149595728
42.251248704587027305
38.918227487580722368
36.080561286786107189
33.843572365581735539
31.661951173113834557
29.428766544621765888
27.525993565822943765
25.896383543030665919
24.355518392156156438
23.033046584608456442
21.987131939911080281
21.028481318728282190
20.496307622494029488
20.511597955708140262
20.986697207830459888
21.440397735759631814
21.693195671851142947
21.904377628842283343
22.305486599221723054
22.576605061402915453
22.776109154094385190
23.353721776330090165
24.299714270644003022
24.934793638560392992
25.137589652895030667
25.178428380390926122
25.552389951853626826
26.200293968591580551
26.952439046402076883
27.370248665673926780
27.171756287341850111
26.572555765837819308
26.035287060551837612
25.592595031658959215
25.007752213422605791
24.389485380524291713
24.332510269558497384
24.609482165720550029
25.207049854014485391
25.748489262959481039
25.954797418162712574
25.517305956364509711
24.484068956890098434
23.519296588375453894
23.501857023213176490
23.977440178746974198
23.809978243469259951
21.649941209856336855
17.337027924566115189
11.836442314060235503
6.557616404427051293
2.195325435689710503
-1.077196492549006734
-3.446774825429343991
-5.200166284798314109
-6.628906640507352677
-7.952671226232439494
-9.255050363390864732
-10.428407173077147263
-11.114457566390882448
-11.079901282248300731
-10.562422298210321969
-10.241955201010199517
-10.936165253060408986
-13.094962085600002411
-16.155404783085032250
-18.770695500350427665
-20.108269100418112885
-20.463339874477185276
-20.432879113038779906
-20.519929280787948755
-20.931280673717537866
-21.480466605881076703
-21.864009413474150278
-22.013229128434943505
-22.114752759708551366
-22.236131308161930065
-22.372660555919026137
-22.455212562621682082
-22.446004157813717939
-22.341853550937742057
-22.127653698745803013
-21.933572051061219099
-21.949318920776420327
-22.178317874528602260
-22.398808561381031268
-22.394282200688508055
-22.066247909282310502
-21.512518325951191400
-21.060778750685585692
-21.012136485987696233
-21.471998324574883554
-22.235278092997305066
-22.902405858296106089
-23.198407156389180273
-23.152212977992462584
-23.036286935264456588
-23.193207556674906300
-23.774612202042533227
-24.671931994993030912
-25.783535664732482928
-27.035619182093853397
-28.308192668702815809
-29.515567765028038139
-30.650600009289519221
-31.734499122256238479
-32.730617830214612241
-33.495041998827559837
-33.800406710130403098
-33.634373871691138902
-33.252069289884161662
-32.736654520018191761
-32.115500701277028384
-31.472371084633664395
-30.847622994929224660
-30.277761585101643504
-29.830908426506823616
-29.482641194440304844
-29.099290000294331549
-28.599164293692979300
-27.976711286860336259
-27.237930849964470781
-26.405009587387439751
-25.521144190587676803
-24.656120514441795422
-23.894518380267982138
-23.293698967768591501
-22.859100256448925848
-22.543080173174587344
-22.249303661536316667
-21.859498014070709360
-21.332864886923744052
-20.743697165851301634
-20.223066696045634671
