6426.174496640000143088 3604.007911520000106975
21848.993288599998777499 3050.881283939999775612
29560.402684600001521176 5304.268716990000029909
104104.026845999993383884 19652.399790600000414997
214634.228188000008231029 17218.479865500001324108
232627.516778999997768551 16035.286247300000468385
242909.395973000006051734 15970.848441300000558840
268614.093960000027436763 15396.013757000000623520
291748.322148000006563962 15666.027671499999996740
309741.610738000017590821 16475.537978100001055282
330305.369127999991178513 11386.979914499999722466
