1241.332646889804891543
1387.129534041094984786
1411.667322192344499854
1348.932598525675757628
1658.525367033739485123
1914.161299284854521829
2121.273573214220959926
2287.344648593637430167
2410.350498030414655659
2476.812302907879256963
3254.665068454828997346
3982.399072581581549457
4670.626049250131472945
5323.038184897382961935
5944.137768570052685391
6537.418532537913051783
7102.373538827113407024
7638.245870322235532512
8141.311813111717128777
8605.688063374384000781
9027.455893377984466497
9405.609450871819717577
9739.886510955935591483
10032.456142376731804688
10289.264711912121128989
10517.645243117869540583
10724.558436616236576810
10919.653847888195741689
11111.050010946255497402
11299.553086619876921759
11486.024992750819365028
11669.861151024464561488
11850.577315348076808732
12029.087686970215145266
12204.223024350025298190
12379.441843348273323500
12559.275977145345677854
12746.381439392935135402
12944.771823463534019538
13160.808222297078827978
13401.827929035944180214
13675.357750185117765795
13986.212209698371225386
13323.734274857419222826
12707.540695467665500473
12142.615104213133236044
11633.317581356019218219
11182.424859188051414094
10789.034422553084368701
10448.208726847211437416
10152.319382338268042076
9891.016032756275308202
9637.494939787691691890
9328.727341756310124765
8994.009305174569817609
8682.611156147311703535
8403.343493808130006073
8148.930653494902799139
7916.052811369903793093
7704.338943679033036460
7510.321086997898419213
7331.527308916030051478
7128.872545215528589324
6918.946339709091262193
6726.914072908441994514
6571.421831377045236877
6468.482887447491521016
6432.325351809658059210
6469.008662139660373214
6577.567099410862283548
6751.350985812845465261
6979.352729469001133111
7247.600823860306263668
7540.382694685305978055
7843.771904501581957447
8144.695145872296052403
8429.944700778032711241
8688.703089916467433795
8914.694548237477647490
9094.099804989300537272
9219.739254809104750166
9308.240009499992083875
9374.515280086116035818
9419.365370488776534330
9444.790399664007054525
9452.693655808838229859
9414.814803046197994263
9369.603427949203251046
9325.676328567078599008
9288.828862982505597756
9227.340692738924190053
9176.896277507192280609
9137.801755420958215836
9110.176066949052255950
9092.474584382727698539
9081.945904598062043078
9077.368121825467824237
9075.282720774661356700
9071.045165977759097586
9060.959422910222201608
9043.140014140513812890
9014.393352552413489320
8971.329393017838810920
8911.011121521540189860
8829.113197266495262738
8725.188479513761194539
8602.154518759285565466
8467.547049049786437536
8332.082867767501738854
8205.427584033419407206
8094.033816334266703052
8001.918764378512605617
7930.560369474060280481
7631.577781998606042180
7358.506464532733843953
7111.725128344158292748
6889.412179897056375921
6689.741113761741871713
6508.810070856785387150
6340.868224553563777590
6177.885044536961686390
6015.231123028728688951
5846.574022624354256550
5669.383606057136603340
5480.173255890044856642
5264.110229008310852805
5017.519840528463646478
4740.927869471928715939
4387.497679450804753287
4224.641419253025560465
4010.313852386320377263
3727.289174504477614391
3348.336597503629946004
2911.217585451221566473
2455.851574357945537486
1936.955017956683605007
1402.329926646745434482
844.113344139191212889
382.830904996451579336
88.896602157758920271
6.387734610783776468
0.000000000000000000
0.000000000005390585
0.000000037466679110
0.000000000000006611
0.000000000000000000
0.004341847728052932
24.422030164727203783
186.280742579980056917
3532.916541414670064114
3693.811111186686957808
4051.784321062829803850
3770.664966821356301807
3312.866358418101299321
2833.471535211818263633
2656.699447630217036931
2646.685190560170667595
2628.574419305326046015
2655.924922623071324779
2803.661027814829139970
2936.515824723880086822
3061.026677713306526130
3289.585106545293911040
3621.064447906776422315
3998.128159286824939045
4401.825728626143245492
4777.948905206557355996
5120.167467405828574556
5468.996286102194972045
5832.630088630470709177
6184.853880679787835106
6534.304650211235639290
6892.390300824750738684
7238.729511714132058842
7564.832728943577421887
7892.489848038468153391
8169.495479709975370497
8346.860627305028174305
8505.792198650062346132
8675.275778380761039443
8879.865480452555857482
9118.477829806675799773
9353.302258731426263694
9614.482852391509368317
9848.652902074749363237
10014.631535275992064271
10157.230624045523654786
10320.868236742060616962
10511.830671479960074066
10714.894639047770397156
10895.887456604152248474
11060.962568470420592348
11179.549288469892417197
11325.184482211063368595
11522.494047685622717836
11763.549228852558371727
12016.762722957861114992
12271.081393254498834722
12542.877166756310543860
12848.763909279432482435
13221.638903490958909970
14067.311716120331766433
16655.287293328572559403
19946.446819853645138210
22469.565240362568147248
23864.281402562824951019
24241.903360990570945432
23639.770579603580699768
22026.674376177092199214
19486.123486252861766843
18282.655943598470912548
17563.936180720698757796
17287.328410818048723741
17248.526603480517223943
17395.627701718858588720
17674.146310511816409416
17963.461080619352287613
18218.452178830037155421
18438.632435719115164829
18641.581842588613653788
18844.695144389221240999
19054.686941730626131175
19270.490863282451755367
19434.696769068967114436
19494.889520493925374467
19454.058403477716638008
19325.384195105219987454
19092.211196441829088144
19009.824747178347024601
19268.496905068383057369
19561.732734327037178446
19653.264934364360669861
19640.026456258783582598
19584.483855088976270054
19556.408599516176764155
19611.049493842307128944
19709.720991178230178775
19777.220040881860768422
19792.012003741663647816
19823.808014678041217849
19856.692793092461215565
19900.268397305135295028
19933.196454758501204196
19951.822928814210172277
19970.640104574307770235
19961.667268659490218852
19948.600391787520493381
19975.751979095413844334
20050.440203053312870907
20122.088213883500429802
20164.910953490205429262
20162.728781523372163065
20110.080894559338048566
20076.879561054032819811
20100.823713035060791299
20208.176729772032558685
20372.121929219923913479
20519.318676552080432884
20602.690729410292988177
20633.785246382529294351
20651.759717711160192266
20719.409352456990745850
20859.059520002087083412
21020.711820374006492784
21201.817524114932894008
21413.938460123776167165
21626.085681285519967787
21822.690629997236101190
22008.679679844535712618
22232.269317891441460233
22455.577733698788506445
22687.169340479285892798
22845.093309943018539343
22862.441350193475955166
22925.090468783560936572
22931.252384798750426853
22654.823996289469505427
22986.148648495196539443
23172.001552724392240634
23024.026242489086143905
22817.005636062818666687
23119.692645796530996449
23063.122614623756817309
22898.832597578126296867
22998.122623926894448232
22777.781525143680482870
22937.408555547775904415
22968.482162154738034587
22888.614842318576847902
22801.854984619629249210
22716.969016705370449927
22700.547459035078645684
22847.312547376517613884
23080.079107073932391359
23272.403319388060481288
23481.652665876605169615
23652.061848327492043609
23788.345487293307087384
2624.427390436285350006
