6.513872092060609020
11.181775701167069315
17.130790706506410004
23.518068619307385347
29.707715031182800658
35.331751987191353237
39.220559077504965728
41.485338747841396412
43.117427943614600849
44.291801116011768613
44.929170110554778717
45.250125733042011689
45.141975182165786862
44.177125510096864502
42.151626516993900395
39.226524435848297401
35.889740642243900481
33.029128711173662225
30.779547585932249376
28.581558868180366062
26.333331608840225613
24.445388131092201434
22.860810893510091546
21.385527870611099388
20.154254086117589395
19.221206312399885974
18.370866139917325199
17.942359788367454598
18.063495277106937920
18.669265711979875277
19.278861056653994410
19.718558775937424343
20.158312931776123378
20.830574372930911409
21.378830568613963692
21.849377469129109386
22.716863173997381864
23.983753230358260566
24.945647642128733423
25.483926666500622105
25.891913245642413699
26.700069787341547567
27.853210753885690565
29.179194093523932452
30.220931036439509398
30.685301986565320931
30.802807825366841143
31.062378969979391741
31.495931177128312584
31.849237333215938861
32.234522370345615627
33.282336039914383718
34.752323126234472284
36.591587472227701028
38.297515359094489895
39.452683591711860345
39.651343308707964752
38.928740110726721468
38.012698623446510737
37.867597426045705333
38.044887025572506900
37.373314050560679789
34.458642949358875285
29.164716931388795729
22.543574362524537946
16.115234191585329881
10.641713558063855771
6.327872167921640312
2.989085517454498131
0.325300502218169640
-1.977243114041812078
-4.162721227489839748
-6.334899993447436373
-8.395348607559299126
-9.976653267158297922
-10.835331259606647336
-11.214286570137858234
-11.811385591760654279
-13.459745773768560184
-16.598738355471880368
-20.599071482603761751
-24.011001579474850587
-25.939894374634775431
-26.695131460369964316
-26.914876320186408520
-27.144138565014912956
-27.617397946114749629
-28.153718952703286504
-28.447257158842802482
-28.438504706527623966
-28.336324887517378102
-28.222844514983592035
-28.103030016581669770
-27.912663085411736574
-27.619218462091566835
-27.225171962859121777
-26.718905563105920464
-26.241037650551390925
-25.994071269449136707
-25.982872207197260650
-25.973852934515946345
-25.738787684155738589
-25.174225803972490212
-24.384371046616479362
-23.716584470773852900
-23.490283982555013154
-23.818074052551025943
-24.484282004967155899
-25.067428395191598156
-25.277336495020392704
-25.144588468411370741
-24.956796248596504029
-25.075557316763649851
-25.660843513082397749
-26.597876159826682851
-27.779149861705434432
-29.125942669655273676
-30.509464759103195775
-31.835459553673899791
-33.091442419395889374
-34.295767587691159406
-35.408181964363677707
-36.276533108099442870
-36.660484943486096654
-36.545742835550470318
-36.196224375077065361
-35.682919822816302258
-35.003933389906421780
-34.228547740326746407
-33.417036671872210718
-32.624276461984152320
-31.903817962944515330
-31.210307760233376939
-30.411265588175410812
-29.421391982105035368
-28.216735686451897891
-26.809881162702879465
-25.264834946568669238
-23.669105501480601106
-22.111498224549166025
-20.666032471198832354
-19.359822615893961029
-18.165749836392706129
-17.023106447062787083
-15.853173695904843044
-14.574111309714055551
-13.182749951015011902
-11.779568927589195937
-10.506709551771564293
