7.504755134619529144
12.083348133668721403
18.061570383639967474
24.550561149631960234
30.937383207689322262
36.804730521164316315
40.788844894217405113
43.070764438403323027
44.763795442780342171
45.896035593085123594
46.249367198699381731
46.278284900110875810
45.984846755574757537
44.886338556943805145
42.796601606559057984
39.912190463347968716
36.685099369420129278
33.933419628826143821
31.767159784800881539
29.645056994543750761
27.463657396384917320
25.607928431424099358
24.023216065922369467
22.527375011773870028
21.252051570392865187
20.257123228174421570
19.354660548101520590
18.885117639401372003
18.971557395538823698
19.529612105808567435
20.081542946678879957
20.451049554108053030
20.800232970250192466
21.363015597612232455
21.821615266276140233
22.236514696478622000
23.059812307661118780
24.284218315335209581
25.232329523622382794
25.783857068858935691
26.209425612612335499
27.003665984030902791
28.106192142391677180
29.345309148505691610
30.279649602721008250
30.623715973158027737
30.588963204909674687
30.633444936423700256
30.784872139364466648
30.801171533067417840
30.784965220834124011
31.323279303163957366
32.177834684235591567
33.318823171627201418
34.348795522512119760
34.971460989800874586
34.869233137746221018
34.087913066170528964
33.294732500742895809
33.376161069791010050
33.886313103643658451
33.695268284480619059
31.457113818626936563
27.011395028111337524
21.319046518019348468
15.782825189089294327
11.089392439606513108
7.401949340847693293
4.521492705246828336
2.148302658503752127
-0.020206873664420755
-2.209570028700710509
-4.500661324674410935
-6.771596314699252162
-8.636784945397579349
-9.823731924879297139
-10.523503032884121922
-11.368783484649696902
-13.136152434264545263
-16.245154144707271371
-20.114708523185100830
-23.391221340376858961
-25.244584123938011544
-25.979280085247353327
-26.205963231150747106
-26.443622864571011633
-26.915538054077785546
-27.451061781438909293
-27.761135894482720232
-27.789795563815403057
-27.734693379514624212
-27.672869000832406527
-27.607726701760270771
-27.477001744554058860
-27.248665365452097831
-26.924328834484242634
-26.492861370117907427
-26.087716017433876914
-25.901304733280483106
-25.939267738616138104
-25.981675977504778530
-25.813556961937706546
-25.337715409322299820
-24.653012782712835360
-24.087870633647412433
-23.943730341741456868
-24.325877852464202533
-25.028689572608641356
-25.651780950858608321
-25.919278015862005304
-25.859300327040045886
-25.743701330055614562
-25.914708934791974571
-26.523870742183078164
-27.462685506622563025
-28.629502457189914821
-29.950075930269235869
-31.303233399069370080
-32.601145548323074763
-33.833498486585256160
-35.017372805674710889
-36.111110736740329230
-36.964876460421237425
-37.344421218427044096
-37.229506673201456124
-36.866161241715417418
-36.326816398326286617
-35.626023911724018944
-34.833260339830189878
-33.974214159141240543
-33.069759802585338093
-32.171649728667432555
-31.241871868900773279
-30.140862040780234565
-28.793480403899252451
-27.217284055225491102
-25.456058702014445316
-23.580430586389013570
-21.690058486934162829
-19.906841375826274998
-18.348528156965926428
-17.082631671777619431
-16.106867676781007503
-15.356016351329913050
-14.712963520992275335
-14.039215656283374756
-13.275693535591472028
-12.482587592557422340
-11.785302565323434010
