5.211573363514375501
10.090610880064488697
16.363177725936239426
23.123969306438361571
29.746108025858063684
35.812014772427389175
39.968816655536080873
42.400866022421766388
44.219783168652206484
45.456372411044611681
45.895611334125860026
45.991513886713896397
45.746484812994161473
44.678962146948784095
42.603060629386057201
39.715070734323248303
36.467038426290095288
33.677799183182571596
31.458770085758828827
29.270510793358781143
27.011534985125493336
25.068779467304665332
23.389530008018752483
21.793560912246874750
20.414432268288294381
19.313937902113721634
18.306057382766539376
17.733109903647942929
17.719919783356246512
18.183707135940338162
18.648085895004086865
18.937844152574683676
19.215936570560728569
19.717015590242880307
20.124110705711771629
20.498890460286602888
21.295360745629551502
22.509204528287227731
23.467322485930822040
24.055181051699349837
24.550545112278797433
25.456309670044873883
26.721035628618125202
28.182049442842469489
29.406300985906000278
30.114952610455759441
30.523373155601234430
31.089685954607290341
31.836925349372052096
32.513104725022373032
33.205746653476182928
34.482070794656323187
36.079308858642633595
37.936216787234457115
39.614029687280748249
40.768587641715470227
41.039513068874470036
40.444179560910924920
39.631788949554561441
39.474782419959410618
39.519596287960041536
38.642354210896115774
35.521000819310586394
30.034713110458568508
23.196359430274469560
16.471311651447706481
10.616141341591060154
5.862901252305903199
2.071479698193769536
-1.014210971939263572
-3.670333159020088942
-6.113588343808032732
-8.433610105361168507
-10.534444801122674562
-12.071814624956488160
-12.825568231625368298
-13.042861513324112366
-13.407356020892336801
-14.733883231429530269
-17.463787936314759008
-21.022273861430164743
-24.050806742021023865
-25.708492147800114935
-26.287735790604756403
-26.388673681512898384
-26.522528900224983772
-26.907580373354448966
-27.370288549350220819
-27.619905864467057199
-27.599196447230610829
-27.504506866635608731
-27.411411025586858159
-27.321763980184982756
-27.171809026474022630
-26.928197645598686449
-26.591443182430680281
-26.149516070683091584
-25.735089041419826117
-25.539810788989939283
-25.568508411702396188
-25.600403903281119256
-25.419737389153453933
-24.928716507520334744
-24.225880803202812785
-23.639600170239702948
-23.471456467694395087
-23.826982292667707952
-24.500878231915635297
-25.093208740629222575
-25.328755006489927837
-25.236532657322015893
-25.089449057955960143
-25.230737058987131149
-25.812655834861914173
-26.726976805491915457
-27.871924616033879829
-29.172933305846754592
-30.508557752781996442
-31.790898640629677629
-33.009776158600800500
-34.182511535115793322
-35.267756857225094791
-36.116231822545842078
-36.494888581599241206
-36.385791199584730293
-36.038668325094533884
-35.531099888655887753
-34.884179288569612254
-34.175398919551241761
-33.440111556355645916
-32.710275771114083909
-32.048790417989323487
-31.425657617492333884
-30.701122959025838099
-29.786333781706787249
-28.667790341104080198
-27.340331758366460235
-25.815998138489248959
-24.141742525451320489
-22.403292305303637022
-20.700817445537495587
-19.101132127446760478
-17.616613503155633680
-16.208548680050114399
-14.793419246451492199
-13.270537884598581968
-11.621401914005332401
-9.946521808482145843
-8.406524950776372407
