54.711785894196893310
34.385681664254562406
25.601435650558734380
20.806423656388215448
20.439460104178998279
16.446332461525408064
14.880219020068125246
14.737194568062566447
12.702127551405661521
11.852375351786905711
11.203199673043908291
10.667051490504745104
10.488318260601261045
9.915781211833907705
9.300759121060327317
8.808132415492082146
8.433876494363371279
8.116113688569742024
7.845601728303007505
7.615075672431830256
7.417607555709190947
7.278555498543976654
7.075355438254936402
6.946400437398288830
6.834651447599257246
6.732535343921787430
6.638673685157943538
6.557390838522640486
6.472555507987230783
6.396120204852529412
6.325288238639219074
6.259285347505582742
6.197734508376404605
6.139413693842254993
6.084502391625393969
6.032531755606277635
5.983469998618085484
5.937018689160307616
5.905394237896666176
5.855806828265849973
5.813919503192256144
5.774900149848316566
5.738085148043762018
5.705494328789251668
5.671234322612654921
5.638889080175466972
5.608136978660542837
5.579887235992492478
5.551426506600913413
5.524181148735213931
5.498114714137770420
