38.780680184476139516
38.822931210623671916
38.840917127888673122
38.886366646968895111
39.012730505900776734
39.142856635326431558
39.204890858587710056
39.160902141978937152
38.960077451167897777
38.366972389525216158
36.606990976207868016
34.167066352250820671
31.381695781150284574
28.569554023840524337
25.842083693904356778
23.221996986982560429
20.689154065444284925
18.204057200961585750
15.809245171235744465
13.541355424946715402
11.411683476029580220
9.420327127283840696
7.559992049152015170
5.810739425866174201
4.132072701613310528
2.515994340620849812
1.090679528347905602
0.046867503997276572
-0.443147914913652130
-0.277348432981881388
0.602992366072982122
2.112397911221904678
3.939205574507212759
5.720807302119084170
7.181050435013276001
8.224062649734008801
9.229119477338798561
11.083619340557135047
14.131926208079761409
17.645737341459209802
21.015481336444764793
24.073144669958594477
26.894413270172009334
29.575082037288922265
32.067333762322903112
34.169035858924729609
35.566209112574313167
36.032207977498416085
35.706379672059824770
34.945015609092763498
34.042971224474626979
33.186679892887838150
32.517755114327314914
32.169707066895767866
32.255351392158388535
32.828019047892496474
33.820141533046324867
34.987326103991250648
36.049852232686106390
36.915641563833219152
37.549282294182404485
37.503875392930751786
36.046837023307915615
33.546025351417000593
29.153263739791242415
24.208269452442266356
18.708103547152035162
12.618928622572951781
7.078795930229404121
3.120613762358232179
0.309571618686732108
-2.275713002224904358
-4.818059580438443845
-7.256363030251350210
-9.617183058287764652
-11.938057718432958154
-14.315943953443536429
-16.768873564975308454
-19.222680646082665135
-21.535900108392240782
-23.403726004398379246
-24.486096928138238127
-25.130765101885742752
-25.621731899909207186
-26.056787184276345215
-26.469531538541957616
-26.871653479889971550
-27.267814074703665028
-27.660678174905910964
-28.052800699322119726
-28.447840263915509240
-28.851499909230312824
-29.270517766837485851
-29.705143685458040181
-30.134748111548844918
-30.514850798236466289
-30.801123843913387645
-30.972750456160042631
-31.030621440582137893
-30.990087903029802874
-30.873287975467974320
-30.706802838057058125
-30.520995512864544708
-30.335500130564412302
-30.151487447738873016
-29.970496650084214707
-29.826759284508852943
-29.802086770737275856
-29.937028826101936829
-30.138074773725520572
-30.331951744929426695
-30.489718636297311605
-30.593432690715928857
-30.614465790915289745
-30.491085011562802265
-30.172500426625674663
-29.732902416358513165
-29.255198327822938609
-28.801427515168313676
-28.447394352093283487
-28.322003951413250888
-28.561212581747497552
-29.097406965112895705
-29.727935204413029169
-30.300961159382438836
-30.735785516722955890
-31.007121300032054023
-31.125407767303897799
-31.000314046872460949
-30.336098311879766243
-28.960446082219164055
-27.144821108160613221
-25.225043443445656521
-23.386429869713026619
-21.805894753377572215
-20.633121385373556222
-19.812735358897555216
-19.102294412366234155
-18.256580917527855945
-17.173747091372774776
-15.922543165038860025
-14.680305332506577543
-13.633070651083983194
-12.867375665010001740
-12.324702628106706470
-11.876338213611575156
-11.429295325708835662
-10.959400398944978861
-10.482719982674666426
