60.770341508926918550
60.350584698124244198
59.887752356230194550
59.408989901832029545
58.914041903200022432
58.396958574268715836
57.845787168180997639
57.236223002366891421
56.506519569898081556
55.395952177110814318
53.094896342256291177
50.049853274321691288
46.563196612718286360
42.932996502338355072
39.259339195585809534
35.560667797226074072
31.817746984283530765
27.995276157581685084
24.141535092227258019
20.299307430481334791
16.486048559768931909
12.708064788290016622
8.964443645512474745
5.241853715542944769
1.506568295926967949
-2.242634616153637239
-5.870979418343637235
-9.181418405333189980
-11.995645527857206503
-14.205835807364110224
-15.747522276966705590
-16.700350858550351063
-17.369909319632171218
-18.112362517348628899
-19.196999167822781374
-20.712462673487408438
-22.272050743388064120
-22.980972548119495968
-22.487716399594432914
-21.513773532536333732
-20.662138299173022915
-20.094148046085678061
-19.726764140869221364
-19.455341780435844612
-19.316309594133628025
-19.496697878584058117
-20.290555406787660786
-21.898990498263657400
-24.151323778707535439
-26.654717958092589924
-29.074098509886738384
-31.181895630561029975
-32.798491153259561770
-33.760300217616162399
-33.936675719106233373
-33.271235281475782131
-31.843208823699200138
-29.921887099767275231
-27.825753126823343564
-25.699866539740753524
-23.640710515041263307
-22.155109652901188610
-22.027626595513766006
-22.931353110434599785
-25.744630589141934252
-29.148975327112481182
-33.161600131511335121
-37.825550656598096566
-42.008891626386599683
-44.683640883992069348
-46.289765212975026998
-47.754597196952090599
-49.267420271691037215
-50.773359230632507888
-52.304139573207521607
-53.900672850007083525
-55.660868479935544428
-57.600718410268342495
-59.640694615566047787
-61.630965934910477699
-63.256468406595814713
-64.166507932453811236
-64.699145218600392582
-65.130357184274487281
-65.551696521546006124
-65.992063044651615655
-66.459629950222563366
-66.956442428223397201
-67.483260916599789425
-68.041305845424943755
-68.633308592304501872
-69.264251029368580248
-69.940191415302820133
-70.660753390129855234
-71.405025171455463351
-72.129121538549810566
-72.790800279611062251
-73.373307738340287187
-73.883763219916886555
-74.345704991473922973
-74.790809624097136066
-75.255623167232727155
-75.779827391517017077
-76.390744139425947878
-77.094916799595580414
-77.896598187393493617
-78.829902025010113675
-79.973562425177647128
-81.362135932621356460
-82.893610520246454598
-84.484460666821348696
-86.094638355192529389
-87.695073226554796975
-89.246732578824094162
-90.678982122438185343
-91.934471503344440180
-93.083799204748800094
-94.209289201847411732
-95.374675061866128090
-96.658342723560593868
-98.190960665204642055
-100.107904565948757636
-102.337826101648801114
-104.671425148606061839
-106.948427675618205512
-109.079140967703153819
-111.029079607642842120
-112.798803967419672745
-114.288184249553268046
-115.192579237773315981
-115.326163551700744847
-114.941793943979035930
-114.369079172311614911
-113.805506135695765124
-113.441464710121749704
-113.431140716485003850
-113.718874407671904692
-114.059016935675003879
-114.198680829000295489
-114.025689520163211910
-113.600814377273110267
-113.099704132967275427
-112.713430259026779368
-112.538406467389165755
-112.527482589519706835
-112.560833690919395167
-112.550605712445559448
-112.476142574273836772
-112.357451533803384791
