9.097430489476849402
13.350657315911924172
18.827454816548645056
24.700063252520877199
30.386398738726498436
35.563301576335064169
39.095138428218476179
41.146435065433202283
42.698679363752511051
43.803317487499271010
44.270232164074272418
44.447784826968167238
44.316648012794530587
43.448037063841198346
41.610950540493696792
38.935218122786942274
35.875741337891234650
33.294685009926077157
31.309295867284944848
29.349057448971819895
27.305953495002484033
25.587718600438179806
24.136861940833199469
22.760148965988619807
21.594115922234323079
20.695765460157772964
19.853667339194359442
19.411595160369273572
19.498960845114254425
20.048058239547671633
20.575422424791455001
20.906658001872628461
21.213540028068464949
21.732850676940358881
22.113774053454903878
22.408217523459512677
23.094420426007559399
24.176443530429551743
24.951208799921914760
25.301636232872311894
25.522392887273994688
26.144869261687517792
27.114542526874529926
28.260101249231084353
29.126023389547754050
29.422044436329301220
29.383237647965501083
29.505054436833916043
29.827794542861965965
30.106807038704033630
30.463345246534402122
31.533167127890578740
33.073560169734520287
35.021717972707449462
36.860415748880114961
38.152571585514209573
38.469029072621339083
37.822442317938396172
36.925910526456704019
36.741812267811440051
36.831163048376083680
36.038007472916120832
32.983261347413559861
27.543555413390492959
20.781279073716063976
14.224630047652851772
8.642382678794717776
4.245854618989909568
0.857536105760203782
-1.814429141247927646
-4.074696998801073278
-6.158141905201290456
-8.160244002020078824
-9.977028452709930662
-11.240434941237793964
-11.713426542891738791
-11.653884701608518526
-11.782878754639568797
-12.962291284586370921
-15.661183402318528124
-19.275702151403038442
-22.373325109677665523
-24.066752844364685870
-24.663505999274889291
-24.793120779808305087
-24.988524416618986379
-25.471861483754253186
-26.051746196505348507
-26.414416498659676336
-26.494423512820816313
-26.495654529478855466
-26.495513889555354581
-26.494399794014100280
-26.423998316152875532
-26.248525106838371812
-25.968211550698754309
-25.570169221887709909
-25.194527416890167615
-25.043820782209365916
-25.123212652479253393
-25.199481085889544829
-25.044706683209881248
-24.555605676759398648
-23.836339443692622808
-23.233943011010239843
-23.067170449488173745
-23.447644751280677156
-24.158536319079587429
-24.777295675639379624
-25.013065539998535769
-24.896333374811945305
-24.715144626259871075
-24.831706647608370986
-25.406292497313302192
-26.323807455785072307
-27.475888527966105812
-28.782794543528041231
-30.115002570282513261
-31.378136415579319873
-32.560262576471245666
-33.680687245545243513
-34.700314981780877588
-35.468671910909563394
-35.748113128034901820
-35.528556855141971482
-35.080417213849386826
-34.484653177071947994
-33.753279381137303972
-32.969231409679821354
-32.201045932851627640
-31.509606333337501383
-30.953260567813231319
-30.480158894239423262
-29.932807002232209470
-29.197985412985417497
-28.240962877052879776
-27.075171013908459372
-25.766466665896302857
-24.405211170427151046
-23.083459462059067846
-21.875762846568704845
-20.807113861115567488
-19.847407863981061382
-18.932773095749837466
-17.980684142298969164
-16.904206756673659129
-15.694638856423466677
-14.450423289159459728
-13.317834951941335930
