1438.851746835707444916
1840.591251026177360473
1922.368344734525635431
1681.491571784331654271
2268.548477507395546127
2639.644344169083069573
2837.234003005753038451
2902.613213036380329868
2865.080132000544381299
2738.145843104103732912
3831.777018633432817296
4875.097556529232861067
5885.605581541167339310
6869.949398842093614803
7832.612277097833612061
8775.511275356024270877
9696.087884892842339468
10591.400097111936702277
11455.697261509025338455
12281.351323650702397572
13063.006319159327176749
13619.213193608195069828
14126.048314587291315547
14581.458411063616949832
14985.577050395571859553
15339.075341663887229515
15642.064135283344512573
15897.784696011831329088
16108.806981160156283295
16272.004197180645860499
16385.441036095358867897
16447.105534153597545810
16456.013065192266367376
16412.834888463457900798
16315.798740260263002710
16166.917610403112121276
15968.862955916993087158
15722.078250706244944013
15428.026316241210224689
15091.553330430082496605
14720.294441969883337151
14324.298655082558980212
13913.382314576321732602
12339.541224516795409727
10772.633295001314763795
9228.916984230338130146
7731.476924209201570193
6309.419863866994091950
4994.826748639048673795
3821.449619307424200088
2824.736032097642237204
2041.088613611811297233
1499.372446932951788767
1202.635729735233780957
1177.255534648909360840
1454.911865978624746276
2105.625015161839655775
3155.617245951606946619
4595.438313568647572538
6385.786527753130030760
6688.222392913270596182
5577.480089685524944798
4729.138132557464814454
4133.812897701348447299
3773.776266262297212961
3627.048623649440742156
3665.607479540930398798
3858.665301906981767388
4174.058175124905574194
4580.328434271523292409
5047.067373331961789518
5545.429927260664044297
6048.871274765100679360
6533.615332089693765738
6981.333489617956729489
7376.700292798827831575
7704.487682905240944820
7949.883359149617717776
8100.744713341351598501
8149.701261356744907971
8100.000752958287193906
7966.634211112908815267
7762.350878248946173699
7484.703938422282590182
7132.035594885251157393
6703.250568487379496219
7370.344817520905053243
7981.561094760672858683
8553.997496992880769540
9099.381909592786541907
9211.533901582815815345
9306.159966769153470523
9385.419408094292521127
9451.635450130836034077
9505.599955511625012150
9546.932838842791170464
9576.854806722787543549
9594.066609242128834012
9595.997744486263400177
9581.242002109958775691
9550.436398016074235784
9502.731569321795177530
9436.695523653144846321
9350.783778350734792184
9241.340949464289224125
9108.051790177651128033
8953.288213922864088090
8783.733961756977805635
8609.168060357660579029
8438.227182934384472901
8276.342025213325541699
8126.699453288278164109
7990.194151264203355822
7737.266874875454050198
7501.665402898242064111
7283.158335226641611371
7079.559894517571592587
6889.059660919008820201
6708.054561010707402602
6531.322103158169738890
6351.595592458757892018
6164.916720908800016332
5965.768753997989733762
5752.623706668602608261
5522.752322415687558532
5261.390995413798009395
4965.318325796474709932
4634.622306481179293769
4224.925620145752873213
3676.033502716786188103
3064.567851965149202442
2367.423859875052130519
1551.432980507680213123
642.696155187000272235
623.417412919701405372
505.850907805341591938
347.813313943381615445
153.082717952541855766
36.403662423077022936
4.215316938323661056
0.625529413720319560
0.162264942158960590
0.069462554161349194
0.935897754788149405
0.849728198966822501
0.020989984450338339
0.277349867858090626
44.843739531761990236
381.566973614024789185
6375.576744643516576616
5909.675597618734173011
5424.988498910257476382
4941.134822235188039485
4517.639062418721550785
4099.977569661617962993
3959.126148099509464373
3966.207464731737672992
3956.808945060708992969
3978.111513560212188167
4136.904717056928348029
4293.384123371005443914
4448.718970390907998080
4702.569400872725964291
5055.839851661391548987
5457.733961975146485202
5888.642641542024648516
6292.045232755287543114
6660.287412441632113769
7034.327295842879721022
7421.770957775381248211
7785.392024936591951700
8137.146166222671126889
8491.734223993720661383
8839.502901916121118120
9177.776043057252536528
9527.250279518970273784
9833.179299776811603806
10046.676347711361813708
10239.922342974021375994
10441.253699284272443037
10672.750184855623956537
10930.828176449613238219
11176.863434541921378695
11441.312312900199685828
11681.070394454633060377
11859.104351166144624585
12016.692424335877149133
12201.982606713605491677
12421.046710450787941227
12654.034781523234414635
12862.108962338013952831
13050.488622356584528461
13182.749040943248473923
13338.277344784273736877
13539.075504172125874902
13769.643958843802465708
13992.142578478846189682
14203.128288944086307310
14422.609021374752046540
14640.466335786251875106
14790.340008219018272939
14887.305230184107131208
15369.559197708509600488
15876.055916405926836887
16435.388439730657410109
16650.884270080397982383
16839.604058332508429885
17070.546090983109024819
17244.227537217091594357
17313.355212473165011033
17334.778707690053124679
17520.086411307540402049
17893.300542539571324596
18393.851297990524471970
18886.546456136500637513
19304.570384437502070796
19622.482708832125354093
19858.343964031235373113
20036.107332832736574346
20182.719682163504330674
20320.416718811222381191
20459.099339083189988742
20600.122400196876697009
20686.483961560137686320
20669.164616228747036075
20569.279803664285282139
20466.288276971667073667
20458.705311778543546097
20640.001052440402418142
20976.949338194001029478
21249.139722152220201679
21287.514612812530685915
21218.288127076746604871
21115.003229364672733936
21041.809243521420285106
21107.216756214660563273
21199.239281418555037817
21250.929528371216292726
21246.063302862359705614
21244.159877788926678477
21244.808443955345865106
21258.540263894388772314
21263.696716738792019896
21256.587636723561445251
21251.482141815962677356
21218.392982783767365618
21181.849917746938444907
21188.278537385333038401
21245.718937062836630503
21302.072415104499668814
21331.265089119457115885
21317.582121709227067186
21255.861837132128130179
21216.289857217434473569
21234.608042013231170131
21338.748805783205170883
21502.417765552163473330
21649.932428332092968049
21732.371163696672738297
21761.607207798060699133
21778.222670000017387792
21847.404468127646396169
21997.535287252238049405
22171.376324756340181921
22366.224749051605613204
22593.841906882513285382
22822.002688230935746105
23034.610376519736746559
23236.450453352605109103
23473.561607804895174922
23711.067789388445817167
23957.767212292925250949
24128.370144597007310949
24155.113931247076834552
24230.857106473817111691
24252.082972355889069149
24006.183511301052931231
24306.683668746569310315
24457.872801931058347691
24302.222660758321580943
24088.107643744238885120
24331.468556004001584370
24245.670769491338432999
24127.351192446883942466
24259.554353219766198890
24072.625504538969835266
24267.513658481493621366
24328.033790587163821328
24253.034284535042388598
24146.158318645968392957
24046.628807926066656364
24018.088982462984859012
24129.254544640385574894
24287.969670888647669926
24340.374237338128295960
24322.831173538259463385
24243.190663780209433753
24201.051921716283686692
612.712659778564670887
