5.253545874023799911
10.114663845221571137
16.370225469145289310
23.116089918616310683
29.725920490524238460
35.780640833770938514
39.926635907273784198
42.348710466028023802
44.159898185369684143
45.393339887359935858
45.834778751358498994
45.934445566193211619
45.691689817077694613
44.623975563287395119
42.545465055537903254
39.652877206268371424
36.398755675009809352
33.602443879445061725
31.375877201134471761
29.180115052579580492
26.914122458838690477
24.965235637521175249
23.281100592823150919
21.681825111976138487
20.301284062719290091
19.201572053159409847
18.196956039058719057
17.630025028758197436
17.625847599802241916
18.101851955499668634
18.581810992060269427
18.890607234142237303
19.191207729443561902
19.718176361958953180
20.154333336289994349
20.560996168444077625
21.391654725604382747
22.641285057708657291
23.635864545089020794
24.259704192112053533
24.789190786851747816
25.725667672658147467
27.016057693220943747
28.496057688937213470
29.731048860340138162
30.440663638418982373
30.838708115132959620
31.381682746029639475
32.091100771906098998
32.714071382239666264
33.338791303629449203
34.535918707101700420
36.049418174935624393
37.826812710219655855
39.437638700896599175
40.543394584847021633
40.784565256983086101
40.174415408079482859
39.356847876590279611
39.200498824921027108
39.249439792438977292
38.378648399535535418
35.266524055169526264
29.794580288517209965
22.978813454734222432
16.285540003987648561
10.468373049927009788
5.754918985758394001
2.002099535334309621
-1.047174353598506968
-3.669239743922162234
-6.081227363381600526
-8.373750573557742882
-10.452120374204298514
-11.973207989738654078
-12.717583848785267264
-12.932513471378712211
-13.301082312204499658
-14.636888271285073415
-17.379514211426396741
-20.952109774038973455
-23.994125531656322892
-25.663050436937055565
-26.250345840575619150
-26.355965680116923977
-26.491607344411193026
-26.876450689675209560
-27.338023855255357830
-27.586584250153066478
-27.565661789079911159
-27.472022345727907577
-27.381298119652456080
-27.295121430658298323
-27.149362761301517821
-26.910271821565686423
-26.578007009462169208
-26.140259866889437035
-25.729499275221826338
-25.537232248726240869
-25.568195803059268201
-25.601572772289841851
-25.421623603066791475
-24.930645010139755868
-24.227332479682218036
-23.640258039394211664
-23.471215652499950011
-23.825922323593545116
-24.499212875060038641
-25.091236623533575312
-25.326828874111754430
-25.235050887836791844
-25.088860059808155256
-25.231542848653816691
-25.815405888565805981
-26.732251669901927471
-27.880314497317272071
-29.185017434691587823
-30.524887145485081419
-31.811980506389375023
-33.036055059276179691
-34.214342744013606534
-35.305371557529781512
-36.159698209542284530
-36.544072017073574443
-36.440309347763673031
-36.097831113594850194
-35.593828882686636916
-34.948918927794125011
-34.240058498164785306
-33.502101754456987237
-32.766696798713951466
-32.096755232437715222
-31.462638113084324232
-30.725182683487332724
-29.796105603921660077
-28.661847153449969028
-27.315642077834127122
-25.766649569159596922
-24.060026984886519585
-22.283637790894317732
-20.545350851511500423
-18.921989149599994562
-17.431352363170958597
-16.035035216657547608
-14.648261698264661845
-13.168138471986708282
-11.572370300835018497
-9.956848059639924031
-8.477870964174712753
