9.589362542017497049
14.463213683995917336
20.697029127599385845
27.394284226189093090
33.972317713495080227
40.037173943226406436
44.213882023942609578
46.610089961544069581
48.292225548608534780
49.245703797352987863
49.230563046275342742
48.759610898095019138
47.827534772968661514
45.841157770375176028
42.706670428869600187
38.755654315207223704
34.481287724564850805
30.710062236895467436
27.555615977229734881
24.480543976025487041
21.387110561025025390
18.669037318406068948
16.285066612364005323
14.073931312835981089
12.201058368544110522
10.782640646939924522
9.717819234798611205
9.437875743294341646
10.082972033712081839
11.492107008207554486
13.104130948331658146
14.693313119728372840
16.368902158142702774
18.284986824278632866
20.034273714937114619
21.607323339012452834
23.447586972007741224
25.591539213872437131
27.405528864659743249
28.792442454498171855
30.030405225890689280
31.610071318531169027
33.454668720878942167
35.357142117936831482
36.807245757167720512
37.393442919994328122
37.142761607783540967
36.411246028760444915
35.386465926523214875
34.117276583144644064
32.975598646513560652
32.793231647101322324
33.548980350601425471
35.267516819622272806
37.333746362080148629
39.126495344942952670
40.083335166115261927
40.130004028118008819
39.887219275592087797
40.211269487033348469
40.627989159688127074
39.992395338935494919
36.968204316989925928
31.431236606609104456
24.400893098307506079
17.354150515802388099
11.060749688437340410
5.769266293703651627
1.362626344381993704
-2.385310210679250531
-5.716072693930755122
-8.810256102101448050
-11.723108711004698534
-14.328898961347817931
-16.260453022597005202
-17.282863603413687770
-17.636736351332757522
-18.006428619609181396
-19.213138488288279859
-21.708637385083221716
-24.931624862371620566
-27.540228385195376859
-28.714513855786321983
-28.773616491259303984
-28.350837734219396680
-27.995575948431337565
-27.964852135653018195
-28.118286321044990927
-28.188243553673544284
-28.128701162771847066
-28.134873431146218081
-28.269750000999749773
-28.513773985634543351
-28.776865249125876289
-28.998524314376766142
-29.154285293499754061
-29.210427606439054671
-29.280526318402507968
-29.538179268423732537
-29.970118707180461115
-30.337516656775846968
-30.407542833951936245
-30.067380859170214080
-29.403648733234433621
-28.737266385203497521
-28.368581503721713943
-28.409858656459277881
-28.671780474245565529
-28.780053736220054361
-28.493901275563246145
-27.883177577286687665
-27.264501778582143743
-27.024259131387850630
-27.354434789241395265
-28.179510196880528383
-29.417965808608300904
-30.996795482234801966
-32.772804159790609901
-34.612593418833512260
-36.443744819384676248
-38.220287926944195078
-39.850545751821698559
-41.149483429098438592
-41.860613930809847716
-41.951329650021705220
-41.652562747571323598
-40.992838133375869347
-39.906738899332196979
-38.456768843902978006
-36.848126678044479831
-35.323068850479273806
-34.015801104392267007
-32.869767849531285719
-31.710262123124948630
-30.343351157301526655
-28.644941383257446432
-26.673974016503677831
-24.668630750490706305
-22.898988156614166201
-21.536832306052019703
-20.602325153440517624
-19.971447109093048766
-19.449286289419660534
-18.882351769265824259
-18.214620127278806194
-17.441172138030140104
-16.599225491714037162
-15.769781976252772893
-15.046551217974297288
