5.931206614394994858
10.953948909269314527
17.470587625759677053
24.541883787599218181
31.532237794457195434
37.970346084971886569
42.346853942925761771
44.852995945767077046
46.688625612201910542
47.868372712603836305
48.158896492663686217
48.082052729554597192
47.652731020947442175
46.352868086842484274
44.028076120454379350
40.921516641699781758
37.484908310196672687
34.508169318630962152
32.097406133918369164
29.731605001241391051
27.310999387596041288
25.205979373812184008
23.364379624595684959
21.612072146930700001
20.078112510834458249
18.825008318177907540
17.681230348272265473
16.985727810160156537
16.857971860092632710
17.203049328577179722
17.547559437013958927
17.714500089524193527
17.860281257479613259
18.218071602686379151
18.493938586733833063
18.756944454795899446
19.446085089862719997
20.552738142889296569
21.425164335037521823
21.952093739619158441
22.402057605441456190
23.261941400393936874
24.487000219930166622
25.927482173220255390
27.175949505725583322
27.976094602199538031
28.549712376216689336
29.353747394428438611
30.425685352420089202
31.533125363302474398
32.758246698036117550
34.624585027779119173
36.834069080353884829
39.273484412606876504
41.471127739211709695
43.035825308723985927
43.539905894563304400
42.918154200038770796
41.754712858409959608
40.917913980258930451
40.061884253581979465
38.226846381800413610
34.260434676435863821
28.141006065072957654
20.901735026498982961
13.973451157093279562
8.073235257649173491
3.394110543259898805
-0.235749617859198679
-3.098296793683090300
-5.489415742456486669
-7.641146444690633643
-9.656774907807402997
-11.455485447863281934
-12.713453480842247245
-13.223806502318950606
-13.228256269714336213
-13.388496634192733836
-14.492909097148128694
-16.970914280825979858
-20.274070158999506930
-23.098824340024691537
-24.637803957680830536
-25.171724253308923380
-25.275193111506382593
-25.435631592309505322
-25.857591970897374267
-26.368199107733119035
-26.682109741123838376
-26.739648997711356060
-26.726335119478903835
-26.712520192201679947
-26.698392479413882938
-26.621569725805613871
-26.449342786820693618
-26.181894777696015808
-25.807563992403970587
-25.454050153244168087
-25.305865913868672123
-25.367807719352413187
-25.427637269038541490
-25.277996009171374681
-24.825106577556027787
-24.164168982032379063
-23.611542482106699481
-23.457765256000357112
-23.804627128048878149
-24.454705827992768263
-25.023200761586281260
-25.245275019115354098
-25.148853729372376620
-24.996594939234739741
-25.118863579306548672
-25.662266778836112735
-26.522729478358144206
-27.602328997900656304
-28.829319363051467917
-30.086967981390557725
-31.291052201774334662
-32.432048121253558293
-33.525686452413026473
-34.529251507857793513
-35.295021973811287808
-35.594741555770667674
-35.408351912005230133
-34.976716400098439408
-34.382174710300716924
-33.660843326630697447
-32.896717412550003701
-32.113065117268263293
-31.331538678757056005
-30.625805976875085435
-29.987500597957762238
-29.296004298595050841
-28.486012412437617058
-27.564663477679403059
-26.521315336171483068
-25.335972473288165929
-24.019395052788922840
-22.637374589294608995
-21.291798326017158161
-20.065122814768699300
-18.985423585750140774
-18.016517552712343786
-17.059919038535099389
-15.992479144063054264
-14.776996140292510518
-13.502585082950417927
-12.323118898789289233
