6161.438486137038125889
5098.779770891261250654
3752.874771546747069806
2001.234787572606137473
1665.519685465764268884
2440.152702007231255266
2798.291647431105047872
2917.474383641916574561
3012.218930000013187964
3011.473249697135543101
3471.824984976582527452
3926.657860074904419889
4405.138462542572597158
4811.656498092240326514
5151.665216607367256074
5482.136455098047008505
5826.758901595409952279
6261.506919959657352592
6781.035925535566093458
7300.498460732936109707
7788.128859918350826774
8273.707796333155783941
8733.243831142883209395
9135.406040179314004490
9511.191911668840475613
9878.588905885620988556
10206.663517914423209731
10565.354204022545673070
11014.662207247914921027
11483.670945131902044523
11928.934508735226700082
12308.857030173974635545
12619.965231484437026666
12894.939098697161171003
13055.428879550703641144
13162.125470009752461920
13312.546356912729606847
13473.277533826058061095
13585.972312184323527617
13637.587587196114327526
13644.189541512356299791
13657.221880062754280516
13688.773523951311290148
13212.020323978771557449
12716.483158013903448591
12121.541166430033626966
11324.407534845979171223
10482.497648284102979233
9960.414274038897929131
9642.465491051591016003
9427.098346144943207037
9342.165273732553032460
9217.480855105977752828
8620.117595189134590328
8116.269418401857365097
7771.722819212664035149
7690.129271266305295285
7611.783911921143953805
7610.534040695770272578
7657.775833834074546758
7720.329407233964957413
7784.041703899752974394
7851.840007637870257895
7940.664949410786903172
8110.649375376891839551
8385.349290464071600582
8547.379934660164508387
8289.717936648683462408
7971.532344890929380199
7735.151086246296472382
7569.870794156136980746
7440.755208872224102379
7322.543624030337014119
7198.345973942587079364
7141.818988078239271999
7229.514161270870317821
7687.280656743176223245
8489.816214147947903257
8975.622046251002757344
9156.551338679446416791
9063.381078336266000406
8568.190925109209274524
8154.281275157609343296
7789.998400776074049645
7338.461194952305959305
6928.684118905213836115
6847.940665476241520082
7150.476533832282257208
7598.368993222258723108
8188.035941088316576497
8064.345306542964863183
7988.900831384876255470
7945.062726677731916425
7960.216723455877399829
8031.828959815985399473
8129.110269585741662013
8291.108833822319866158
8471.588959380578671698
8590.315195449700695463
8626.850751111667705118
8654.601006617413077038
8708.134028996268170886
8814.004102667155166273
8978.509865226806141436
9012.728163504636540893
8912.981855899901347584
8692.657538861014472786
8365.427982947136115399
8058.911465379874243808
7861.194732634741740185
7771.799366636680133524
7741.688967692225560313
7671.989254821476606594
7257.504618539033799607
6864.736798320228444936
6507.625234859890042571
6157.226583125708202715
5836.893349315935665800
5565.191710072793284780
5336.347968309178213531
5084.555166758524137549
4842.398947912975017971
4584.192904622273090354
4435.781197772646919475
4494.352290165442354919
4462.341615336967151961
4503.734578014368707954
4838.323875308875358314
4649.099143126852140995
4941.897641901433416933
5214.267277335869948729
5163.221715079825116845
4640.952284948614760651
3806.668880424769668025
2915.602892393924776115
2302.023949568154421286
2267.798533035697801097
1730.432577158186859378
1343.459404400649873423
1046.232672754972099938
837.147803256796692040
761.596778853118053121
703.083623670138081252
547.145464200616288508
343.481644902118546270
148.265617109343708080
13.177393470399216824
0.082628234941698089
0.004834698123886267
3100.637377243776882096
3406.342736945976866991
3731.207856439767965639
4075.868290056566365820
4397.032700467281756573
4393.504229246039358259
4427.117095604329733760
4473.541060471517994301
4489.299172043131875398
4489.923364674885306158
4762.608919720481026161
5027.587101207542218617
5301.704108880376224988
5623.574027079897859949
6001.482062409821992333
6424.908853314139378199
6884.587283494989605970
7355.549983918151156104
7827.353016419804589532
8305.399482888766215183
8784.027155021081853192
9246.241043532929325011
9690.173974875033309218
10119.690961275990048307
10528.986920005225329078
10918.070446661784444586
11298.948082604223600356
11661.153448664081224706
11994.397524060814248514
12314.087635051198958536
12627.156852567013629596
12938.569525029906799318
13244.461581923640551395
13533.468403741233487381
13819.568764114028454060
14087.916848813130854978
14317.556208642532510567
14518.346933242233717465
14707.492215394257073058
14893.633843682362567051
15079.856436819065493182
15261.876543902128105401
15443.892755003256752389
15396.418411732680397108
15370.669777851917388034
15391.714578401368271443
15489.650950562503567198
15638.432326386688146158
15766.422034052669914672
15903.185852289896502043
16071.894789286287050345
16264.747869563645508606
16514.135701224458898650
16907.578616682447318453
17314.636869066693179775
17710.270209884609357687
18058.925122988850489492
18404.662634105392498896
18721.421495908311044332
19008.613553242226771545
19269.688674847278889501
19282.789443671190383611
19274.437157852786185686
19247.806623039545229403
19199.704324526112031890
19135.670134768013667781
19111.849014444203930907
19201.271893208955589216
19330.759485067195782904
19471.637243909724929836
19624.654961587537400192
19791.910046593824517913
19969.975751250723988051
20150.895140286243986338
20305.136113445129012689
20401.968331811989628477
20379.977355678769527003
20238.704322132158267777
20124.440955653444689233
20039.132395820110104978
19981.922286510529374937
19987.239764622769143898
19956.295735682488157181
19903.537477966667211149
19866.606663822494738270
19825.514568265873094788
20187.759675977900769794
20488.845273259459645487
20786.745789368767873384
21085.058159714066277957
21082.240427652694052085
21100.398817615066946018
21141.824932781037205132
21196.875833377373055555
21260.978784114657173632
21335.367184821272530826
21406.442047969449049560
21479.542647919268347323
21567.538821746216854081
21670.053692132543801563
21765.790495438086509239
21841.637603250896063400
21886.769757373393076705
21896.489068036960816244
21911.292297169409721391
21933.426333296283701202
21963.615558172743476462
22004.768212562426924706
22036.913543084985576570
22049.836095897317136405
22052.073674502105859574
22060.804182628027774626
22101.775340560434415238
22077.034439802842825884
22077.223451068708527600
22101.248074051862204215
22155.337221657006011810
22232.117567330704332562
22322.914438777021132410
22422.469835365620383527
22537.734654783420410240
22654.436919915140606463
22771.648999675304366974
22856.102316318290831987
22881.217812550206872402
22906.861308322506374680
22892.486238146528194193
22786.093523893989186035
22763.320704519472201355
22768.202560045436257496
22742.703076031044474803
22753.364847794378874823
22832.389589406397135463
22944.136542248619662132
22904.322878943432442611
22774.291473871533526108
22502.744533899094676599
22332.894762597494263900
22161.228746709966799244
22017.545907387575425673
21910.846017812302306993
21830.072928156027046498
21787.501146575559687335
21793.807240415979322279
21830.806689489207201404
21882.246066483487084042
21934.991302100672328379
21979.810935978825000348
22017.048889931684243493
2969.172417194183708489
