16.708442950662529825
20.194768023790487632
24.669433662512659566
29.361385933686861449
33.692421225414207697
37.631369743394202487
40.747133534095198115
43.176201367680576482
45.336350617438000654
46.887006959189577060
47.380308187582841128
47.113090964589602549
46.341286223496410912
44.960589347250461856
42.746242880229544880
39.700774535468767112
36.237442985026220299
33.227215468337689686
30.805940994948301181
28.421620518574727043
25.991796044761784401
23.950303170684563270
22.247690981179445657
20.687394221055285470
19.399728533641962258
18.423898330901579357
17.512802232017577353
16.979627286129812092
16.949615246950315850
17.390109162731619108
17.847112266759694421
18.164670315821496160
18.518040887522232651
19.128084756831043478
19.608551997157348978
19.988103387640450137
20.751920627704038225
21.923223164124067353
22.807586279852245070
23.302055369549719899
23.719490933153423384
24.611186935744711946
25.927838713974608709
27.493889978457303869
28.833858100840643601
29.627955106414304964
30.078878881285618263
30.644772618950185006
31.316204793069118750
31.798292968806293857
32.186863636101747943
33.135179775477325848
34.432510907992707416
36.025756639869314313
37.328074189756677015
37.830718766292591226
37.120151194074963996
35.344152348478644399
33.420505780683924968
32.503146272000265071
32.259417505908942303
31.554776670669696159
28.958680125963041974
24.259634335760750901
18.409932740421453445
12.815797872046289285
8.118205721396890340
4.425908610845425528
1.504764540054651434
-0.941894961864932156
-3.183836170821905398
-5.399639114824196895
-7.622378123776002212
-9.687637231422456807
-11.170328769914704026
-11.786488028434007447
-11.763919092794537846
-11.812420723533477940
-12.799689971989835158
-15.211616033784082447
-18.460987804464821238
-21.133914690042729490
-22.383989454023890175
-22.588378232215177377
-22.451370053302468932
-22.561857924263222230
-23.153328877241392547
-23.991302661627457837
-24.688628108408295248
-25.112904530174375850
-25.427515438855380125
-25.692457992426056990
-25.908134100530389787
-26.014256716451143348
-25.985336926131992641
-25.830194356716276616
-25.540854599988222162
-25.262375985331971151
-25.202035949996115960
-25.366049827089000246
-25.518024121510563873
-25.426283674683247682
-24.984433668457370459
-24.295521029687108694
-23.709221083469742553
-23.547803939294055908
-23.925794623811384554
-24.626718544029756686
-25.226295924189514608
-25.432897343540616930
-25.278062704162095997
-25.051246736806888293
-25.115471604832066532
-25.629902582659838117
-26.477700093900125466
-27.553362856649016521
-28.783167042277227665
-30.042672547344466238
-31.240900843878364412
-32.368526156394750615
-33.449371066034302657
-34.452433718705833599
-35.235892352828273033
-35.567032182909031235
-35.437928293061418117
-35.114218441908860768
-34.649333905474520634
-34.006367978801904428
-33.239916498357729324
-32.445331669421022980
-31.706812410691384230
-31.055760365385424393
-30.418109654875536307
-29.661221294055621911
-28.685084699062883828
-27.435681095869711044
-25.924445900390026054
-24.260643184476748502
-22.622236014971917939
-21.187308772876008334
-20.065669537864039285
-19.264205362041366243
-18.709975491759678334
-18.305100242071773664
-17.953678061927007548
-17.558814485720517951
-17.092363350578295922
-16.620885061911451430
-16.240860247836792496
