85.343061936672313550
21.971378315797796432
18.233118620173705438
17.158896567854668547
16.663479476778888966
16.557107464377310180
15.822684945697073289
15.128012022579278906
15.083262702077702144
15.058788329049502153
15.045659016402009200
15.040447893409691460
15.034469936465143292
15.027509964985284796
15.018532328620775473
15.001353526575485375
14.995162060194346054
14.989054111635820021
14.983145317217728021
14.978265690082091410
14.974243159560639782
14.970258499461401414
14.965246956596345740
14.958331377249528771
14.949686945650931591
14.940411038612642969
14.931143552412557085
14.896276579941879703
14.812453484123031089
14.789669020788602793
14.769829864319394375
14.765839056036908161
14.754218872150978825
14.748822791291093637
14.737660037022294546
14.718453946049699255
14.697624683726658645
14.671687760646854315
14.519095033343347723
14.489626272204969126
14.484669443912146392
14.483218687789452872
14.482077580430960495
