4015.960059180785265198
3311.692926800478744553
2397.279836083504505950
1406.453895934940419465
1336.522978134805498485
1297.045557533340797818
1180.079920174906192187
1149.352274154246288163
1342.835154119391518179
1709.268634959676546714
1494.578885420089363834
1464.326829799788811215
1628.129203230347684439
1914.748992899711311111
2304.167017756476070645
2804.341016399460841058
3403.204694636282965803
4120.032822438901348505
4928.284930754033666744
5758.509302954144004616
6575.379859790376031015
7384.176552421303313167
8167.110507954866079672
8904.789202720368848532
9604.827884653283035732
10273.570599739303361275
10897.932396191396037466
11524.669982838846408413
12190.513137108267983422
12838.635205026392213767
13435.245432114177674521
13951.709919604189053643
14377.829878114042003290
14712.060148894230223959
14878.168348587740183575
14905.678217185368339415
14865.366538454507463030
14766.408060617544833804
14651.318494156601445866
14546.888578302827227162
14422.424940530465391930
14289.008132211925840238
14143.735608166847669054
13343.910462552283206605
12517.596015869356051553
11658.735222107789013535
10792.261213016583496938
9965.319908261484670220
9208.232487725686951308
8526.493396566904266365
7925.163397731219447451
7403.900359232813570998
6797.248788621543098998
6038.856727589842193993
5447.188811158368480392
5075.107459299963011290
4936.766742438557230344
4974.044087411074542615
5165.300421178405485989
5495.384662516062235227
5941.661063151977941743
6392.809259190689772367
6680.036424584111955483
6853.308445200845198997
7088.971955112320756598
7398.197001712823293929
7626.712228813947149320
7751.456875055405362218
7861.789554303786644596
8004.679978587091682130
8176.753787726956034021
8359.156761220634507481
8535.656894582611130318
8693.640443826003320282
8873.277800616813692614
9117.737447044419241138
9471.978183952463950845
9972.156396956193930237
10362.669553539022672339
10578.355281208812812110
10515.878186907140843687
10178.096200551259244094
9947.601021774531545816
9772.172966708467356511
9594.542421104360983009
9379.179367111757528619
9262.184830340806001914
9156.275964857417420717
9119.753486006997263758
9172.432691287311172346
9005.984289086949502234
8884.292267618438927457
8798.104175900689369882
8763.285105255597954965
8777.144831571638860623
8819.814371548134658951
8911.006356010708259419
9021.058601434471711400
9100.178624294019755325
9132.665008197887800634
9156.550744375730573665
9186.351735403888596920
9227.191946850525710033
9270.595457661400359939
9249.569016900224596611
9148.366789016738039209
8946.385695215385567280
8671.048524510468269000
8403.116923050083642011
8200.310135860474474612
8065.062922847350819211
7972.507093824410731031
7872.041381606127288251
7401.643839526410374674
6962.359137996084427868
6561.779025246216406231
6189.493946519799465023
5868.397711115932906978
5606.153392272005476116
5392.406618473352864385
5182.520305408460444596
4992.643991920963344455
4804.418027166908359504
4684.865071011688087310
4682.506385969067196129
4612.968794043051275366
4552.790171556048335333
4638.517152693324533175
4297.028915182785567595
4026.941729449117701733
3826.265172264480042941
3501.773425930071880430
2782.670822939974641486
2080.129298110271520272
1748.385990824823238654
1309.061728630435936793
1165.921439958255177771
601.881713223756491971
224.590211357664315983
21.321373864683103250
0.000000000000730435
0.001025271945225242
2.961099979128495985
0.755793474052410930
0.070880856580934473
0.939664381388022107
0.000023751862595265
0.000344273888108823
34.190401981905459650
4397.318458858772828535
4666.283173512265420868
4938.874853711989999283
5074.148779110142641002
4699.257745281889583566
4311.505754210206760035
4155.272814890415247646
4133.245166491444251733
4115.916851636623505328
4138.077825271246183547
4177.131514177326607751
4231.288126125632516050
4302.077470326414186275
4465.861807297183077026
4726.942904308471042896
5047.703129810598511540
5406.884495465345935372
5748.012413400934747187
6061.222082324668917863
6382.763770235525953467
6717.270852805817412445
7033.894438910335338733
7335.509048990526025591
7636.033142023220534611
7928.177355003233060415
8210.142138869299742510
8501.313317137657577405
8755.634182376834360184
8933.829293401910035755
9091.421529213281246484
9256.587550264992387383
9450.631942063677342958
9675.408145258341392037
9924.753072366173000773
10273.333463824166756240
10686.058415654928467120
11086.590436421851336490
11466.504813372648641234
11784.980941730042104609
12020.879966609314578818
12216.613975663904057001
12372.460249636742446455
12504.946610588243856910
12567.534564489438707824
12651.451634154120256426
12780.923470497938978951
12950.119108560826134635
13131.626823296866859891
13316.357091528365344857
13520.343190413334014011
13757.600377040273087914
14044.482406017637913465
14567.709930758333939593
15404.982408147825481137
16221.508399091524552205
16951.729619389265280915
17559.965114016424195142
18081.416746300747036003
18512.992460164514341159
18846.965626693272497505
19086.629726136234239675
18744.350926389710366493
18583.590765757679037051
18553.636642094937997172
18476.174105082543974277
18350.192241577959066490
18347.812625891921925358
18498.635335941155062756
18709.171525584213668481
18925.923979197763401316
19143.700154295205720700
19369.391489651265146676
19603.956275403961626580
19842.749192704537563259
20025.079839356032607611
20088.470172974186425563
19971.748007681759190746
19628.241928353574621724
19326.496130879080737941
19138.883561510810977779
19182.084127018038998358
19462.621599258523929166
19586.393498418125091121
19619.985000919237791095
19635.858528115015360527
19683.976647233244875679
19811.591378100398287643
19946.037673705995985074
20037.813783754190808395
20075.755684022329660365
20111.155018662266229512
20150.129735975919174962
20202.403995512580877403
20247.179825339353556046
20280.565630114175291965
20315.560981872378761182
20323.025923423687345348
20325.965540539018547861
20368.314836695662961574
20457.246816115588444518
20542.367627242212620331
20597.903086201724363491
20608.911609009654057445
20577.254567970496282214
20570.517094055332563585
20606.833653004938241793
20714.498229175216692965
20875.518213022140116664
21018.749273914352670545
21098.735533767558081308
21127.598970415801886702
21143.832795823982451111
21210.013653589896421181
21327.205699979349446949
21466.433335027115390403
21624.457793811703595566
21813.929486458735482302
22008.511504687652632128
22194.024108255940518575
22372.112502207106444985
22578.851866074262943584
22785.633248918424214935
23000.494846187299117446
23141.155853508189466083
23144.080496236339968164
23190.569453389765840257
23185.033314272073766915
22967.948267311101517407
23130.744617433567327680
23197.534704563222476281
23089.167335265261499444
22998.714292668537382269
23204.536171899319015210
23266.450272412053891458
23332.044979729656915879
23423.435698190660332330
23162.153088240796932951
23221.260594406088785036
23235.140459248868864961
23267.731418327508436050
23341.238250473139487440
23375.414405802253895672
23421.685204367327969521
23564.011560874485439854
23768.581734749437600840
23974.660350737409316935
24209.185322710334730800
24399.716268099753506249
24524.790989536191773368
773.809626958479384484
