10.920945104398995795
15.221832499658319193
20.930840887955241669
27.129732484579726304
33.149458676241316368
38.630760783915114587
42.330849442986213660
44.442284285781660458
46.016716677521976919
47.022629607750268121
47.189780282574204762
46.976039621646535238
46.416136762724605092
45.057131188893897900
42.716222410636518703
39.586232485740254106
36.125704260216537023
33.161582699185970569
30.811345701610633796
28.539053735555199864
26.244308199765157497
24.313070630137147532
22.689965027429124689
21.190729448044777428
19.943676579152167960
19.004042299883735723
18.177584034751589570
17.797543671336995885
17.982546245891754211
18.647928172748237330
19.315595293931792753
19.807078943298733975
20.280201532409677156
20.962706684370445487
21.530090232304672782
22.037187151028518883
22.933553417729001467
24.212450091402700991
25.198329405823500338
25.773452816274016186
26.211968859128660370
27.013105591676293216
28.121892376519269874
29.372303978792416501
30.328085077795407187
30.707263488863929979
30.721956104625604667
30.826421735449656580
31.038209647191081331
31.096821166888787502
31.077609543615210441
31.535586357102829425
32.209227495186922852
33.073794154470078865
33.766297541408988536
34.026855792140906942
33.557798195971372479
32.412560992911835456
31.267703735680953514
31.034819361272525384
31.304906503136834317
30.966811962402260860
28.653814871356587446
24.160263799436393128
18.409079606106644178
12.787299242024602108
7.984602389523672628
4.182200543439705598
1.212849322082547587
-1.183897507578620889
-3.273276782160110088
-5.253075856376511865
-7.190779753652947193
-8.967944923431275583
-10.219567662186619827
-10.708435342518299649
-10.670081688650668639
-10.783342988389392758
-11.865470413039247433
-14.366610427420027918
-17.725026116884350813
-20.596764362351848376
-22.154638667860638179
-22.702348178981083038
-22.847581449501433326
-23.102948734599237923
-23.678890650652363092
-24.384614408953893872
-24.907436656815491460
-25.169925178412711375
-25.353881540577901887
-25.526507237101100145
-25.685958860061020914
-25.767476489285797925
-25.737842366771985780
-25.597935591252507948
-25.335970817258612442
-25.084716525260887465
-25.035883213696308758
-25.194438564719462192
-25.339850020926348861
-25.256645118643746173
-24.847284703220907431
-24.210536108425742441
-23.675107319091239333
-23.543229783618301099
-23.921521938446517197
-24.606119466927054873
-25.198543773902031262
-25.424612590977915261
-25.313636995876606761
-25.138103043040246121
-25.240531286306236325
-25.772796064331089383
-26.627038839460453801
-27.702589860326042981
-28.926344651253941720
-30.178220297413588469
-31.371297637134432534
-32.496071801079040142
-33.570711977633095557
-34.555298130929372746
-35.302383688915028870
-35.580737286105602379
-35.373792621272116321
-34.931622729831474317
-34.330216538665581538
-33.586799627736752427
-32.776399594191047981
-31.937040323015139620
-31.103921055209696078
-30.342890475620095003
-29.639397654065078314
-28.891327685686974291
-28.047527941211058078
-27.104155384320506528
-26.053775663680369234
-24.911665166601551391
-23.722011694048660502
-22.556826235734945385
-21.501769877970332345
-20.615377457096428770
-19.905126105498084144
-19.326110060978692218
-18.785170296009596314
-18.167799484696615764
-17.437562532569586438
-16.671977908222345377
-15.999474436355797025
