3.752295233288222676
8.932648729721123004
15.499271398895231755
22.550505083122835970
29.467509841977161500
35.818080110673690797
40.221863429139808943
42.855530274241459665
44.836714663421588511
46.199895961305010417
46.729510465616101555
46.872575406232279249
46.624939281051432260
45.502745816443841420
43.322988097648313044
40.288546216993637472
36.859586584619968619
33.863487442068645805
31.420167909812803941
28.998388862986132608
26.504355616081554103
24.331941883329562870
22.434383670989561210
20.636287058774058778
19.074921162168735123
17.814769860324119577
16.671667490072977102
15.989198353223500249
15.893170441602720189
16.301873359742174330
16.740447473437058079
17.035934570792832687
17.354345524617997398
17.934028697630054694
18.461954986110342247
19.003396371911804863
20.014917322916318199
21.492962818189170093
22.762685529267656648
23.704703195734339261
24.588449897929876897
25.904917300033133643
27.587447622571829697
29.455445936001041218
31.056164193422176822
32.090470963411746652
32.754242380429218429
33.488511320929490012
34.303419458158487032
34.940236419883120789
35.487859090336144163
36.524556836056490283
37.808450716806987657
39.306752168969097738
40.612814689741895791
41.414525472927806504
41.379630748964245868
40.547503686262984957
39.584523704932649935
39.375382597711848121
39.471090064801757080
38.742352755405562448
35.851097416959220254
30.650664156882896805
24.119393859960098325
17.680386918077147129
12.043779273678808295
7.399431824944798564
3.577938075006414920
0.311568602316810939
-2.669000660513773937
-5.556976542518867745
-8.405427745665861039
-11.073704786975014258
-13.170461740801528094
-14.431772254217577256
-15.068807535676029374
-15.739535126467984583
-17.243645032652068494
-20.016389891085594854
-23.483684082826329131
-26.292640484779241206
-27.612194302136657598
-27.749217622349533485
-27.324159388176667562
-26.875605827402921477
-26.656576183047377526
-26.534335050585070803
-26.261728816035088130
-25.823083498088294618
-25.448999064438396545
-25.237590252947597946
-25.198996997295523670
-25.263111561954985973
-25.377036754096593540
-25.511107951619862888
-25.615503304347612357
-25.780508585493748797
-26.153682362754466340
-26.696898723164906642
-27.150434581681679447
-27.266396560215184763
-26.924095749435366542
-26.210080488098242313
-25.452319198157852043
-24.963336032900429018
-24.870042791905234481
-24.997650594583092243
-24.984195181503764616
-24.597622503102115843
-23.912161961312449421
-23.243979615703722175
-22.973283008716634868
-23.279310387222437839
-24.068660164109587640
-25.242107854511800724
-26.717084044420914779
-28.356441596997910892
-30.051956886536686397
-31.771014880869870467
-33.507926572355074768
-35.198362485944528544
-36.670101808272761446
-37.666952419968595223
-38.147253028760758298
-38.335927783406361868
-38.284213748068737004
-37.985303780881793045
-37.488262238714185060
-36.802246466806820990
-35.939746136876237870
-34.955883706536724276
-33.828501210204592553
-32.443442003873656176
-30.754723610028293024
-28.804021683669077447
-26.644815520964641564
-24.346338081033991330
-22.013382950261984661
-19.788992646308656731
-17.822169394673835541
-16.210008163363340827
-14.968438080238627208
-14.036126196408019950
-13.287799451254215910
-12.567804078849917460
-11.795297926153580192
-11.010092234394221578
-10.322807659461375351
