5372.627214476402514265
5646.090614445104620245
5259.599920925517835713
4149.883666254388117522
5274.462925798413380107
5892.038661072904687899
5786.911109079700509028
5236.936482780823098437
4542.335276518163482251
3691.340126043374311848
4217.127394599572653533
4703.957325059262984723
5193.473601548861552146
5584.798701684318984917
5890.452849484775470046
6183.431095878515407094
6494.587333377564391412
6906.601436064487643307
7413.089485959695593920
7922.558462451083869382
8398.958173390608862974
8871.998947911746654427
9319.569246731492967228
9710.245122567814178183
10060.079131113394396380
10378.820292000915287645
10639.883867711643688381
10930.841225004151056055
11324.441234427831659559
11724.041476503058220260
12078.287487333322133054
12348.281594776623023790
12535.513663639914739178
12690.258750760347538744
12757.829604114462199504
12795.558006920628031367
12868.052018688566022320
12929.771025100504630245
12913.414412876667483943
12824.601677375867438968
12714.016505019422766054
12664.625306641954011866
12685.082802132908909698
10997.483889619992623921
9351.452855897361587267
7741.371298595040570945
6223.119789490528091846
4884.085932587021488871
3742.417843616003665375
2761.417837051817514293
1944.318461996265341440
1393.885285610137316326
1101.061810777875734857
521.533913539360128198
166.824189999679816765
11.535293272618822868
300.706573328860713445
1115.118943267413442300
2515.637620495953342470
4679.871444160153259872
7458.223664290983833780
5533.010596965695185645
3821.139997601424511231
2328.068497506186758983
1149.118643739125445791
449.983698572682158101
212.527219061359630814
309.311763368261722462
674.173238900962701337
1253.742308395308327817
1971.478393081953527144
2753.848004056920217408
3543.823657120350162586
4295.137932549492688850
5057.649262805462058168
5871.713725067327686702
6670.974180401205558155
7305.257328258428060508
7603.080057548168042558
7404.973140453892483492
6758.843595934083168686
6018.841907982447992254
5453.530411602602725907
4842.740103537643335585
4051.034938824275741354
2955.884088519993838418
4427.725033551467276993
5686.259979292040952714
6912.607765346590895206
8182.835688983298496169
8298.247555896723497426
8400.999177255256654462
8480.675613296491064830
8576.246663843145142891
8694.070683118625311181
8809.310208216582395835
8970.270506316965111182
9134.140637386715752655
9220.962890438848262420
9213.515492795340833254
9193.234035863688404788
9197.266560751202632673
9245.722451243160321610
9343.061227444386531715
9371.870691880734739243
9275.462633272676612251
9013.505874782154933200
8639.323200722205001512
8292.088520827415777603
8068.922990358748393191
7965.060532033377057815
7924.425476457996410318
7845.694244407523001428
7470.865605118681742169
7115.209671401226842136
6785.356290048365735856
6460.247622342944850971
6187.154629712443238532
5981.969266589321705396
5823.543433638466012781
5629.007313777973649849
5430.515268726318936388
5198.558285031082959904
5060.227564866251668718
5108.156847744175138359
5004.948910344140131201
4895.818067972588323755
5058.747259601441328414
4379.279644279645253846
3854.260246454918615200
3542.331463776640703145
3077.021225736290944042
1742.349556768115689920
544.080690763304687607
926.976410446065074211
727.195403524764060421
885.508873755292938768
365.267000758244194003
58.129137856400404871
4.162904988266299178
0.925319081391908216
1.174911177692715025
2.213276987476927360
0.843356439399573277
0.033767109863247116
0.071881643540337839
0.299751190081090357
27.378929896037128344
353.688231039790935029
7648.878420342496610829
7335.110237887616676744
6804.333690599454712356
6056.857889816621536738
6053.219601073983540118
5902.645411956825228117
5760.957145362899609609
5605.591792452248228074
5390.982974211611690407
5152.504113290205168596
5427.767416707610209414
5689.910508929449861171
5952.664240790475560061
6268.656477177787564870
6647.885738804669017554
7073.961358675342125935
7536.325050363391710562
8002.502902964529312158
8462.635595557843771530
8930.440410386174335144
9402.480542643199441954
9857.027432528127974365
10291.981608808857345139
10712.663614415647316491
11114.084164692025296972
11496.499444175808093860
11872.957511563126900000
12220.965947722552300547
12520.727518318728471058
12801.907384283123974456
13077.722663708456821041
13356.030538784410964581
13631.786337665598694002
13885.441976073216210352
14131.390990769294148777
14351.562181873960071243
14528.390926630554531584
14681.368203769477986498
14839.223960639301367337
15009.985446520882760524
15188.948423967302005622
15361.842207113248150563
15536.622872633135557408
15154.949787565938095213
14810.422550315588523517
14523.764264299026763183
14295.976874171899908106
14114.592762116511948989
13980.762340678966211271
13902.483794455134557211
13869.015539175308731501
13842.722338113288060413
13835.455217056311084889
14042.617382623217054061
14333.554570449867242132
14733.265844127483433113
14991.431827508809874416
15401.226577368324797135
16029.021706443008952192
16829.420148285757022677
17782.751479073776863515
17229.285565534075431060
16906.396433590558444848
16841.300630929446924711
17002.030019325997272972
17301.408342513019306352
17665.021721523418818833
18026.776991084992914693
18385.481606568602728657
18750.182647419322165661
19125.603672600482241251
19512.433476333226280985
19903.674778016917116474
20286.748428652248549042
20618.725860879101674072
20861.864365527922927868
21017.486517405603080988
21120.988617067585437326
21220.739400183680118062
21363.486479173767293105
21529.662841094785107998
21601.853418109942140291
21488.935459009197074920
21252.167602735735272290
20924.924976261416304624
20534.877200690298195696
21067.543956396777502960
21560.464421393393422477
22002.122059124612860614
22399.359595600068132626
22447.722303769009158714
22494.668960521936242003
22547.683769221697730245
22596.475199207852710970
22639.151337005576351658
22682.647081446415540995
22711.069930635410855757
22736.382659860479179770
22781.577844208230089862
22849.629616292324499227
22912.248682152647234034
22954.199563391877745744
22965.628246437441703165
22942.680841338918980910
22921.202294345239351969
22920.360559455977636389
22956.269484597469272558
23018.223344590194756165
23071.311114775820897194
23095.140786405070684850
23100.303113729623873951
23111.037819315191882197
23162.894251361733040540
23208.398078231486579170
23283.091463287957594730
23386.328161054945667274
23523.571686402257910231
23676.594210465966170887
23834.018649554440344218
23993.743433016737981234
24171.808444850565138040
24348.928920703721814789
24525.192141957115381956
24652.449575091908627655
24692.986170083790057106
24741.796784805486822734
24743.572356480046437355
24601.124395110382465646
24649.156738370791572379
24629.213339458467089571
24431.491245366494695190
24150.653010609155899147
23987.412694047317927470
23591.869794240345072467
23639.541681284172227606
23700.024117740631481865
23534.892688049250864424
23508.719365095763350837
23448.947639419322513277
23373.767081772817618912
23299.722721921451011440
23239.541317790437460644
23238.480728911512414925
23347.173386407554062316
23492.321692590307065984
23542.187681231655005831
23528.102037446762551554
23465.814943634391966043
23529.051642005510075251
758.700887836595939007
