15.674392413684387293
19.333650470368169749
24.212976313424704244
29.489670743652020235
34.586033406588079231
39.208293274620203306
42.258000291826526507
43.910023477039864304
45.124884481769413469
45.911729938879652479
46.049628273519815025
45.919297943635008608
45.530996284576573885
44.462418874307829242
42.477667603112230665
39.698483900531414292
36.572402194471614223
33.955538353311148114
31.960124925982803745
30.011428863775421405
27.997826188607618292
26.323887243175775552
24.929262228339183594
23.618056146163183939
22.524266732124502255
21.702430951738207909
20.938701430401252424
20.574478887535931904
20.736854156856594500
21.355862414354575662
21.945850134923773567
22.330304112050114895
22.678940851604508566
23.226511079062248655
23.620133025777562352
23.909518159785221769
24.570453638026648946
25.604148331034465969
26.304134358220181866
26.549297490351889905
26.629575368843660499
27.070953063121379500
27.812916838893656291
28.677732169224967151
29.203229101541211321
29.092533806641185379
28.574482788350195506
28.139089196901267087
27.822569663128518869
27.378363059454613904
26.929484688109454282
27.120296925027417956
27.729667205679675135
28.736922282233450687
29.685917320591386215
30.203150003126097545
29.911174090071426690
28.858429446115053452
27.780256639011213338
27.650201048248305824
28.026138324250922551
27.728892201299998987
25.336190180467781374
20.670270034117066871
14.739921963880021849
9.028444918953908882
4.270334564985176939
0.652629446517494216
-2.016839167549250078
-4.035547090837866335
-5.706325242039099521
-7.256960112142536445
-8.772706575967362141
-10.138124822837198735
-10.974208897491962489
-11.035158765643416245
-10.573705705105311381
-10.310275934734249859
-11.110641089663715775
-13.451296614032145271
-16.737587423269246756
-19.545924657764459198
-20.996033511193729737
-21.399682181478567600
-21.387778332242476154
-21.492110540642897831
-21.931692796443428506
-22.510563190955508617
-22.909494560923093331
-23.057186651089239149
-23.151666755242644058
-23.264727640491770444
-23.391582966065385563
-23.459279735540832235
-23.427995316766214273
-23.294520929118505137
-23.043086673425023037
-22.811447685873361024
-22.800223127696028769
-23.013074472386279012
-23.215643951558945446
-23.179189080202661444
-22.799860259248362127
-22.181458896733090569
-21.670822486526503781
-21.586634719807705096
-22.040546745249798732
-22.815832867946710394
-23.490106980658651992
-23.772725730733952787
-23.694436462446958558
-23.543580115585882595
-23.682669455119878421
-24.272261376677818134
-25.197519348188336608
-26.350361237012464244
-27.651436415137766289
-28.971813127235463980
-30.217981725110803382
-31.379209045537606926
-32.476378154161295697
-33.472359956104639878
-34.218996088503388364
-34.481201712519919056
-34.251548804203082454
-33.803041797609694186
-33.219040221317982287
-32.513684631751857523
-31.771682058994770159
-31.062869663731873970
-30.448921379125863496
-29.988769983778297501
-29.631674019031322587
-29.222485265851219083
-28.651332541349120220
-27.887066216441382949
-26.947253485575970444
-25.902684990778254814
-24.848506209386698629
-23.880599702360655101
-23.076076997916686651
-22.460728251653222287
-22.002869515066606709
-21.633924454273483207
-21.262519346339502135
-20.788045143822216687
-20.184360149909082338
-19.531995554489412825
-18.960446269898454830
