1725.276080465768700378
1600.204947152012891820
1420.942878438151637965
1216.316944145375146036
1219.833368919844815537
1266.182399537988430893
1375.965294027591198756
1562.146994594547322777
1820.149289641920631766
2131.020386955868161749
2566.124911291220541898
3043.542696046909441066
3564.968216199140442768
4125.168841343501298979
4718.121416783652421145
5336.184661308478098363
5968.384893948120407003
6604.348911389920431247
7231.698274077835776552
7836.955446614952961681
8409.857004843011964113
8944.394305308116599917
9436.381528256133606192
9884.717998154726956272
10292.707113352846135967
10665.513837808577591204
11008.054830710807436844
11327.985952690220074146
11631.507741228189843241
11918.138252515182102798
12187.437774884183454560
12437.925389610898491810
12668.509080679536054959
12879.382574435017886572
13068.557782683536061086
13239.274244322015874786
13396.084050446879700758
13541.017242359637748450
13677.026399410577141680
13809.287567837931419490
13944.284606973500558524
14089.303010067020295537
14249.365117507830291288
13940.029020100377238123
13652.983163088878427516
13390.888301975663125631
13156.111695997298738803
12949.456453165037601138
12769.810126971031422727
12613.311702513228738098
12464.738360551556979772
12291.444732523475977359
12125.753343658587255049
11989.490854070105342544
11877.281247835126123391
11782.037657371669411077
11697.062464744365570368
11616.574693721691801329
11536.147116343259767746
11452.983119855489348993
11366.056667114502488403
11276.288585313865041826
11186.614868610009580152
11101.435643090837402269
11026.470646405041406979
10965.510661410153261386
10907.727663467620004667
10843.656366696572149522
10790.447493659106839914
10755.497155838620528812
10738.663353615304004052
10737.078437409840262262
10746.560947885802306700
10762.037980511326168198
10780.166700933605170576
10797.289162305025456590
10807.768417081200823304
10810.254352696259957156
10811.626202535135234939
10776.694600625893144752
10694.122249115447630174
10590.969811205874066218
10482.028403947366314242
10365.699279254351495183
10241.849995227366889594
10112.241709839538089000
9907.364271133352303877
9706.584554937984648859
9516.875397476824218757
9342.857354964540718356
9259.804367538674341631
9194.496417152375215665
9146.170020265137281967
9113.932362894936886732
9095.267831849751019035
9086.499214737126749242
9085.609955152553084190
9088.377866565311705926
9089.468507206705908175
9084.657203601429500850
9071.737920778596162563
9047.277777645149399177
9007.783438635040511144
8950.359983128633757588
8870.106867324529957841
8765.750539962491529877
8640.342859349841091898
8501.527778010586189339
8360.127540689272791496
8225.922813568084166036
8105.454345618310981081
8002.870568116294634819
7919.854997952432313468
7587.024186743752579787
7280.005516093674486910
6999.938847815001281560
6745.839315508944309840
6516.807044628576477407
6309.850137833083863370
6120.108138352471542021
5940.497757999889472558
5767.051913841913119541
5594.183689642814897525
5420.258924858276259329
5242.741466974850482075
5047.759349343099529506
4832.954907765088137239
4599.650899679601025127
4306.403550131190968386
4056.679390052015605761
3769.155880750439791882
3428.269090906319433998
3010.601307757019185374
2551.895742771961067774
2069.346386884752519109
1546.392274005864010178
1031.111699400121551662
535.080666109156027233
173.641891394585513808
0.398059250805825771
0.000000000000565912
0.000000014370180499
20.598530205729389309
81.080014168107680916
218.217970996849373932
389.454606413913097640
560.212830437962225005
723.866180255632343687
863.921827290850387726
3371.174587045320549805
3991.617068880726037605
4593.168225896941294195
4751.928117247687623603
4290.331187822189349390
3826.024762116499459808
3645.155800976682712644
3618.699605605813303555
3581.114289673871098785
3578.305780739918191102
3666.596322604164015502
3754.442538278027313936
3842.498304661090060108
4030.019933156288061582
4317.536080156402931607
4653.907420197007013485
5019.227828171859073336
5356.727516833886511449
5658.587225676500565896
5965.727037350530736148
6285.895666432253165112
6590.001680242672591703
6885.601943921805286664
7189.420608550778524659
7485.788712056695658248
7766.659510173769376706
8053.711292271758793504
8295.089197551269535325
8443.658675280708848732
8572.763682480002898956
8712.344370162849372718
8886.623453366604735493
9095.255894529263969162
9308.328862995445888373
9566.416935919422030565
9810.041998977290859330
9981.356063262175666750
10118.232274701205824385
10265.541286757943453267
10435.056978242408149526
10615.652821013962238794
10772.547816556889301864
10912.224203842086353689
11025.864721155305232969
11166.581051036524513620
11359.771720116428696201
11604.466916522082101437
11899.334810442560410593
12250.582662780472674058
12695.459709434833712294
13520.689582006034470396
15414.860980693732926738
17433.915384468815318542
18902.528554107942909468
19847.299117769300210057
20362.096615908649255289
20547.807694160535902483
20494.267276614202273777
20268.404876946908188984
19908.473271160310105188
19423.205016626296128379
19622.218833897888544016
19654.246688637838815339
19486.360567758521938231
19077.299529242005519336
18450.224180596756923478
17996.085736105651449179
18057.887493117475969484
18280.829347324524860596
18506.934636106681864476
18721.487045883684913861
18935.448031750522204675
19154.951750862768676598
19379.879140466029639356
19552.249399239877675427
19620.768522523212595843
19591.255621294225420570
19381.039825364561693277
18728.255273103470244678
18428.176534647933294764
18760.296877577839040896
19134.395963475741154980
19283.529822228909324622
19338.067686513662920333
19392.718351846637233393
19500.815813170560431900
19597.243718480127427028
19715.526706416319939308
19791.528832848754973384
19809.426051799498964101
19848.337848043473059079
19888.041023885587492259
19938.803903563049971126
19978.456046360162872588
20002.790030678450420965
20026.568605940909037599
20020.992729775749467080
20010.856642774451756850
20042.231096369123406475
20122.715913000112777809
20199.675905390064144740
20245.857189809361443622
20242.062101009745674673
20176.913541090896615060
20129.182331251333380351
20151.922837007870839443
20264.602196902211289853
20435.851275415730924578
20589.369966354577627499
20676.225616941657790449
20708.361943876392615493
20726.504303763835196150
20795.932727713247004431
20939.325073856267408701
21105.064715593227447243
21290.422959731400624150
21507.450722974965174217
21724.381468346266046865
21925.076595540733251255
22113.656384874801005935
22335.479977707072976045
22555.733493728548637591
22783.713269224430405302
22933.962090057775640162
22937.433641002608055715
22984.621069014738168335
22970.298056852119771065
22684.843897468992508948
22943.649385325203184038
23072.463454484797694022
22918.867910382345144171
22740.789413483587850351
23047.404019459481787635
23030.403122095420258120
22884.465642524832219351
22958.936494143683376024
22680.292481593016418628
22801.810302231740934076
22817.458656539645744488
22793.419433207647671225
22817.201312310618959600
22805.404409318067337153
22823.997917740300181322
22988.287254505103192059
23279.232530198110907804
23699.414397642696712865
24246.692879573565733153
24646.532281844680255745
24860.542039104246214265
1767.465130834530327775
