4073.779638728505233303
3838.893775125516185653
3604.007911522527138004
3369.122047919537635607
3181.324355920150992461
3044.477632601073310070
2907.630909281995627680
2877.542101075323444093
3050.881283943305334105
3413.227590497830078675
4235.932610746632235532
5304.268716991876317479
6474.308201361540341168
7644.347685731205274351
8851.876842294454036164
10086.918520239605641109
11321.960198184753608075
12557.001876129901575041
13743.157932273044934846
14898.752484734841345926
16054.347037196643213974
17072.674589063408348011
18015.206395918008638546
18956.225740112909988966
19441.575452148936165031
19926.925164184962341096
20208.533390479562513065
20307.584352118352398975
20406.635313757142284885
20487.697237412590766326
20292.690656684600980952
20097.684075956611195579
19781.708002674640738405
19298.834564682554628234
18811.897645202250714647
18291.880096590222819941
18086.825853934733459027
18346.834628241045720642
18734.721763650268258061
19193.560777128685003845
19652.399790607105387608
19975.883870229663443752
19981.830193316771328682
19663.965573596960894065
19050.350925932252721395
19293.025781952284887666
19535.700637972317053936
19706.568672952111228369
19776.273276122956303880
19314.035455138306133449
18851.797634153655963019
18459.730458864152751630
18645.451011940025637159
18831.171565015902160667
18868.786386029998539016
18365.132754945767374011
16868.517600767467229161
15501.496796707217072253
14865.919792850367230130
14633.439858832132813404
14590.105063116399833234
14704.490388193342369050
14886.496530205338785890
15068.502672217333383742
15229.774011745203097234
15084.556363261437581968
14841.881507241403596709
14707.116022687112490530
14875.356994296342236339
15043.597965905573801138
15211.838937514803546946
15380.079909124035111745
15548.320880733266676543
15510.442819105326634599
15361.866376647225479246
15358.907562634905843879
15638.917011885649117175
15918.926461136394209461
16198.935910387137482758
16478.945359637880756054
16758.954808888625848340
17038.964258139363664668
17138.477165708743996220
17218.479865491659438703
17080.550793769685697043
16839.442731835559243336
16319.425183230910988641
16355.571134791052827495
16420.573328364622284425
16363.718383232095220592
16035.286247268859369797
15706.854111305623519002
15478.200237400711557711
15724.524339373136172071
15970.848441345562605420
16198.197587642174767097
15938.188813339411353809
15678.180039036647940520
15651.560661294204692240
15712.739196424023248255
15773.917731553841804271
15835.096266683662179275
15896.274801813480735291
15893.421846951805491699
15396.013756978940364206
14898.605667006087969639
14401.197577033222842147
14163.240895002963952720
14481.029396931391602266
14798.817898859811975854
15018.306335204029892338
15052.974171776590083027
15087.642008349150273716
15666.027671533605825971
16324.716566436458379030
16846.320335866250388790
17158.330865031399298459
17237.945962080000754213
17213.442860295624996070
16953.434085995373607147
16475.537978113341523567
15724.401519007968090591
14491.311307224197662435
13237.151337053950555855
12123.422147877074166900
11792.501889667792056571
11534.040801354793075006
11418.481346112987012020
11386.979914488525537308
11370.205154855661021429
11353.430395222798324539
11336.655635589933808660
11319.880875957071111770
11303.106116324208414881
11286.331356691343899001
11269.556597058481202112
11252.781837425616686232
11236.007077792753989343
11000.315215458858801867
10628.874109309268533252
10257.433003159685540595
9885.991897010102547938
9514.550790860510460334
9512.912374980000095093
9512.912374980000095093
9512.912374980000095093
9512.912374980000095093
9512.912374980000095093
9512.912374980000095093
