12.448061681259375177
16.339151908696813109
21.507036663563127377
27.104366727303066398
32.486888558202785759
37.357826274404054345
40.671717332119122545
42.589243590681874707
44.041687097488889435
45.081542978860817072
45.527484492951700190
45.655697497030679699
45.392278898662176800
44.305432410360232609
42.179397627234749280
39.169424334878968352
35.763407150771456600
32.851576037187591339
30.571265059397532582
28.364585398887086853
26.130082628389970978
24.277583687395789980
22.748597391433023063
21.346780161800154474
20.204023745480483853
19.371294169070864655
18.629516430833220397
18.314087725353886071
18.549065075191919050
19.265834033796366498
19.980294496598304477
20.515922231863214620
21.040504013634702574
21.785046230319125016
22.392307630761607129
22.908437415688851502
23.808248164482520792
25.094295574056999953
26.061753218214988692
26.590645740631117633
26.971724080610357532
27.731578114467311025
28.809996543107416755
30.028995481033177839
30.925256524806343350
31.199456373726093261
31.076253877435817685
31.039340737484508281
31.116153023749859585
31.048861361145668525
30.947241356226811604
31.441450999585526915
32.294908894103173225
33.465876567645011619
34.473589998207074814
34.935009819229435379
34.489900844477887176
33.224360905247863229
31.912553149572346456
31.550557858008261292
31.701160435589486042
31.184160400315533934
28.579954756584385223
23.715801030899029911
17.601736380241902680
11.716443162561546387
6.786684616986946139
2.991994148322845604
0.134226505798750395
-2.088400873864884488
-3.981134790014408509
-5.772042344325541308
-7.544593637467528424
-9.179847242564676435
-10.294013957173035578
-10.635653292068951714
-10.451432545667017848
-10.455779277292748475
-11.509067659810568784
-14.083514287237363760
-17.581743700309573342
-20.579369047199946863
-22.197537431625619320
-22.751715350278686856
-22.878087794093374896
-23.113362609697389871
-23.678549673823823696
-24.375526798121569527
-24.880070068515408366
-25.115766387212374866
-25.277528665900035776
-25.436654492084244339
-25.589933331231577540
-25.667079804387014974
-25.631183776932516594
-25.481692009890878126
-25.205042354930014881
-24.940753774167376378
-24.890855900106032550
-25.060166473616220628
-25.215293322789420927
-25.128293032928070261
-24.695966029544990761
-24.022669187419353420
-23.455810061138834044
-23.314788047879346777
-23.712193699063561780
-24.432414702342612145
-25.054155043497530642
-25.287563707770686960
-25.163680952275171876
-24.970675318176859037
-25.070750894335219527
-25.624486889891045394
-26.517677550444716417
-27.643342393706063831
-28.923242168811668762
-30.229049758136113724
-31.466997042045818489
-32.625197293206156246
-33.722840070026563808
-34.720903584940174369
-35.469026812627134859
-35.729379748447399834
-35.491034302301898151
-35.022269146965811615
-34.399510196225151049
-33.627273186901277313
-32.781721405606617736
-31.929447552960027679
-31.130082119324470113
-30.440584888734235847
-29.819888616777177504
-29.142756718045006892
-28.328076184521933101
-27.344581969839282465
-26.193986198064635573
-24.937173401067184386
-23.667541913734623904
-22.482547555685926000
-21.461463771763703789
-20.632273971904794507
-19.965749452653028584
-19.396281112562746785
-18.836064671656288283
-18.188649941541427779
-17.432178674009549013
-16.649458023650140603
-15.966611608546202206
