1899.347048073988162287
1946.183035277504359328
1805.800357802818552955
1494.684861092885057587
1780.423269886669686457
1973.769863183608094914
2106.384733311031595804
2207.372753965968513512
2291.546648240871490998
2358.125620892606548296
2946.477832025178031472
3533.415202825391588703
4130.013447057805933582
4738.839501379155990435
5360.757459909989847802
5994.017435863213904668
6632.382282365766513976
7269.128402515297239006
7894.579875911073031602
8497.161188847630910459
9067.817555753945271135
9601.067271308664203389
10092.642955483834157349
10540.935951737981667975
10948.196280939662756282
11318.115374493929266464
11653.998964834436264937
11961.866316159892448923
12246.462561793550776201
12506.174658192447168403
12739.791204702318282216
12945.422082854023756227
13121.878755767667826149
13269.590319118056868319
13387.077301708333834540
13477.516152342803252395
13545.352797478362845141
13593.245324080120553845
13625.202347550659396802
13648.185233679452721844
13670.906672048000473296
13703.239584317110711709
13753.297654217318267911
12349.672678048875241075
10982.546816793990728911
9665.345339916106240707
8413.833380525413303985
7244.664402807894475700
6172.032454719134875631
5205.978300451110044378
4353.064523551168349513
3617.646196149896240968
2995.095034604192278493
2454.380877882632830733
1996.303258664602481076
1626.320630776972393505
1358.001419056765598725
1167.109811834571701183
1053.979680904880297021
1025.827063804440967942
1037.766108578245848548
744.391547647049719671
455.448447635025104319
204.961266499680959896
30.986559454897257382
1.575004839774551968
46.993930306462694091
225.194896170817372649
535.106216629428672604
967.080388741791580287
1503.545523365592089249
2120.592113402068662253
2790.244091402320918860
3482.757721163354744931
4171.293068393105386349
4831.982062252966898086
5443.786111238766352471
5991.047955072353033756
6464.710086782932194183
6855.576343425671439036
7164.831143461240571924
7413.125305937038319826
7619.650301412987573713
7788.579834246612335846
7924.632260445842803165
8032.042753740801344975
8321.864962737205132726
8598.284177903597083059
8871.678118549409191473
9148.672009386598801939
9117.577391242126395809
9094.137161384445789736
9078.797647307963416097
9071.884076058870050474
9072.047949000461812830
9076.722515233430385706
9084.956611013125439058
9093.476944056325010024
9097.798666060600226047
9094.473351620936227846
9081.985206517438200535
9057.462501464593515266
9017.767333864223473938
8960.097143287921426236
8880.034663893753531738
8776.999838958876352990
8653.671712741359442589
8517.376301766738833976
8378.660370747760680388
8246.949396929430804448
8128.374011041913945519
8026.644472590357509034
7942.983065043827991758
7653.713643057838453387
7387.522535682347552211
7144.757030456006759778
6923.660819908272969769
6722.636784019641709165
6538.064082780183525756
6364.499053464759526832
6194.303910255053779110
6023.015979158363734314
5844.543671403542248299
5656.703369876621763979
5456.167928304091219616
5227.804844546436470409
4967.970241299221925146
4676.554644577873659728
4309.737201996602379950
3976.609642046377302904
3587.584428758847025165
3124.096902119885271532
2558.576226335474530060
1923.158948979761134979
1619.143954624925981989
1245.347374092680411195
853.878981035321430682
441.064247901177679978
132.461081039186666430
1.211859856529854174
0.000241139358251435
0.012758468853022219
0.857332400502757830
0.805966508709214824
0.067236193489018381
0.440590585802780876
1.084796627129406499
60.972867601660972525
282.176493536027805931
4678.695246858545033319
4746.081989219199385843
4787.114894094658666290
4438.164385659295476216
4012.935154670802603505
3575.643138785754217679
3414.498482834862443269
3403.861005804630622151
3380.831125755470111471
3392.823854006485817081
3511.555895663850606070
3625.448922102405049372
3737.253251953350172698
3947.764288840725839691
4258.073401731830017525
4617.376320718954048061
5005.914651348366533057
5367.089806786412736983
5693.685023611277756572
6027.411237610291209421
6376.610135763020480226
6713.401063193813570251
7045.932445308385467797
7387.487032480757989106
7720.048610177418595413
8034.817803562787958072
8352.192317762157472316
8621.155298853598651476
8796.335896048449285445
8952.280321084997922298
9119.679454112878374872
9322.333823644170479383
9558.065730632792110555
9791.495580505728867138
10054.085682720755357877
10294.842841111681991606
10469.785625279431769741
10618.537710224985858076
10786.002262359586893581
10977.732983380214136560
11178.658500209567137063
11354.592229036128628650
11512.774589703738456592
11604.585049382621946279
11723.933716526205898845
11896.839010797199080116
12115.089912331715822802
12345.194694069332399522
12577.221325325510406401
12828.893205433369075763
13109.465466991196080926
13405.788336288964273990
13880.042823813453651383
15275.582055057160687284
17364.808973742427042453
19583.551850198218744481
21029.110243531129526673
21821.306350972710788483
21682.961036747172329342
20360.942933438142063096
18964.806958300105179660
17661.404960124375065789
17245.024606514198239893
17202.067471331505657872
17328.462388486939744325
17535.003370529717358295
17799.631982475730183069
18064.449824777941103093
18303.082885669755341951
18515.643129551768652163
18718.267801269335905090
18926.794144303006760310
19145.947608327376656234
19372.590541409092111280
19545.340902070536685642
19607.828455537357513094
19562.323572209763369756
19438.782637750464346027
19278.547412562962563243
19292.065022651386243524
19584.954607868425227934
19886.967014970065065427
19975.412317878322937759
19954.095559439396311063
19888.403878408757009311
19849.903101083818910411
19917.079046173475944670
20026.040013714846281800
20102.610196576835733140
20124.915102425791701535
20153.940585701933741802
20184.319395545677252812
20225.968634558179473970
20256.673219573796814075
20272.681779282360366778
20289.134846552518865792
20276.981944381532230182
20260.874586081758025102
20286.868709263133496279
20362.548770515499199973
20435.322181800362159265
20478.392890643324790290
20475.105501921276299981
20420.116383674641838297
20385.845370023667783244
20410.814064587113534799
20522.525403368643310387
20693.259698579222458648
20846.774345545301912352
20934.147516388835356338
20967.353380820029997267
20987.031393578352435725
21058.422846200162894093
21206.144985330091003561
21376.846571496782416943
21567.877397565654973732
21791.032929459965089336
22014.107468037491344148
22221.017981790137127973
22416.588461913161154371
22646.926211495861934964
22877.202135012819780968
23116.220566636675357586
23278.810239908340008697
23297.705449721983313793
23366.762516043923824327
23383.911649091245635645
23138.071589869039598852
23442.649938282858784078
23609.298845961307961261
23474.751609536822797963
23288.691201510482642334
23565.279945959584438242
23511.342213131549215177
23386.622178354202333139
23493.670691320181504125
23260.621827050483261701
23415.839925901200331282
23458.868330225013778545
23404.006535689601150807
23340.658645671981503256
23278.652024040704418439
23280.553010188108601142
23425.948402176392846741
23640.334948503663326846
23791.240911062970553758
23917.732148814193351427
23990.791394039089936996
24059.557696049887454137
1491.769791750090462301
