10.103412947424970980
14.535911177497254698
20.353241710535243669
26.665020623813752820
32.867305858706785671
38.554912826051292996
42.367233152491770909
44.491415291142068611
46.045967627503650021
47.053968092713688520
47.291014515346390112
47.213467243084721758
46.821541131504780253
45.625600016118127655
43.437440295182206285
40.453833545367679392
37.125131810061155591
34.267630047215561717
31.990032112306977297
29.750247458562000702
27.444389369612736118
25.457306827900424651
23.734478007554287160
22.094101587046452551
20.668374904005048620
19.517982340025383792
18.456154875267003490
17.824659406214180990
17.747098129568485092
18.138539146070698393
18.520669578742371186
18.717121434867650009
18.890622825682868324
19.276519617743005597
19.559109698937234612
19.801451569586916435
20.458481109507715701
21.526285743274911511
22.332065377834453557
22.761684705572861276
23.093499055921512308
23.831455453220115714
24.926114425578191458
26.218397459950693928
27.281146041470861974
27.844312025573515257
28.135261622464696529
28.627105675523409900
29.359828842604429155
30.098234617106697897
30.943047091516064029
32.466336476509155773
34.396191152081314613
36.643270409468357229
38.719440093664502456
40.212415600416903771
40.685706986218434622
40.092864030166253997
39.055900879813947313
38.469419081169121455
37.944809504525977673
36.446213040106528069
32.739994574557954365
26.776602637694566056
19.613265961557686978
12.729726416002705491
6.870854736056145384
2.241599187410940885
-1.329382286144664249
-4.126400525176848078
-6.447827002986628031
-8.526039698436335357
-10.460553608854269214
-12.160998074209544484
-13.286375980946559139
-13.619666135412501262
-13.412870349229251588
-13.357357061035571633
-14.278631439209505061
-16.630668816253972864
-19.851397377417072221
-22.592946177193482526
-24.021237916295746118
-24.430741890939998484
-24.419048803966973082
-24.491244984512320571
-24.857355724675358033
-25.334950693004316236
-25.624911059194857899
-25.662810738471478089
-25.639167909242075893
-25.624969550778757821
-25.618505345518826744
-25.553267953916360966
-25.393806970583341354
-25.139050681323226399
-24.775792760457477470
-24.435844229121016724
-24.310225660406501902
-24.403303408770284477
-24.493961519911579217
-24.366201839234122417
-23.922080388196548029
-23.260052404368934731
-22.708435217685973839
-22.568743622056615550
-22.946392201079277129
-23.635910127948363879
-24.237178774007929860
-24.474852611627227361
-24.377927815391501554
-24.219387976370967408
-24.342551206415919296
-24.899651997392936664
-25.782254250118796790
-26.888216649499383948
-28.142554963558893633
-29.423493365701006041
-30.643024286647118970
-31.791171420800822034
-32.885790541960716382
-33.886444584609193953
-34.645327192787590320
-34.931680169622381982
-34.730939320693209993
-34.297586470824967364
-33.715654601278515656
-33.014343096979132497
-32.279417977046819033
-31.552860708372577392
-30.872229799929925775
-30.305804632456499803
-29.827582143261906822
-29.299960925886864516
-28.636421971944059806
-27.827147335131598993
-26.871478958584589236
-25.783936531449455742
-24.607936093413457002
-23.420960337200199319
-22.314364201318312553
-21.347418719735912873
-20.525182651944419376
-19.800521429364493997
-19.079839954568399207
-18.250517099345017868
-17.280491284358561188
-16.255482899806111163
-15.319987408541635432
