6.504877306334734044
11.141493679732349165
17.070142474204352823
23.453077873082833094
29.655669532768101249
35.300389228903853223
39.191505271314369452
41.421497215989830920
43.000661427553993121
44.147119668866551478
44.817223644015896866
45.198493860997047022
45.144436194155666442
44.210784207840347904
42.192345100925592760
39.255447738942216063
35.893025864398914848
32.997004106010024316
30.705590143814731618
28.461932074477417132
26.166086409271429147
24.229951903690434278
22.597685298283167299
21.076152387555453060
19.800983366596909718
18.827352853527997922
17.940761310207307133
17.481394081386739003
17.578114556415044945
18.166914116714295346
18.767863842887109627
19.207933498127076177
19.657497116472697485
20.349068175454434027
20.925770127458946490
21.433071170931256688
22.344331522248992883
23.660309485681423780
24.674543856353722049
25.266079519768169348
25.725730957919338948
26.581432012588720681
27.775695567499383287
29.134672329671388979
30.200639967012506304
30.681480544126969789
30.810950351431642957
31.084137288733160176
31.542607493583375344
31.945568216086456914
32.421917220038807272
33.619638742893783956
35.310276944345076799
37.436703558580404660
39.468645033963838387
40.943547450561766254
41.408017140186075267
40.859820691093545975
40.004652495050095240
39.800631242195635195
39.807993096633794039
38.876953063493601803
35.642491824014001622
29.998844826189412061
23.024219841931483188
16.258115574665652048
10.475318808360725598
5.887904846661541569
2.314379814143023850
-0.544847044785711887
-3.004516149360227928
-5.310272850507686826
-7.567220495082096932
-9.677871288424000795
-11.275451804564141867
-12.117221442292759548
-12.447549645113411998
-12.967139215452817780
-14.513699591418941282
-17.532807355359267376
-21.402291323089286834
-24.679473764232710664
-26.475894480537334630
-27.105758302612684929
-27.210599219703937024
-27.337434175721256224
-27.721550536020743039
-28.181862012620200630
-28.411743747960031214
-28.350605956542409558
-28.206152456686879759
-28.059371689701436026
-27.914131904508792559
-27.705153474350936449
-27.398893892373564540
-26.996876876154999536
-26.486621383236069960
-26.007988188180490852
-25.762831453393403081
-25.755466053147813454
-25.751829715094402218
-25.523273113399227441
-24.965956020172029639
-24.183725786399918434
-23.523636026442147795
-23.304869623538081669
-23.639888131993643583
-24.312977880165021816
-24.902721237891398687
-25.119100962477489247
-24.992944096190115033
-24.812167523874109065
-24.938692361883965987
-25.532787673061932310
-26.479925029735682074
-27.672827172662152861
-29.033040672331310361
-30.432157848920951437
-31.776477497301982567
-33.054275100123163611
-34.284865743908710556
-35.429113802061465321
-36.336050256269913916
-36.766440376349464714
-36.706793448585813167
-36.421255605804333300
-35.980165174308183396
-35.379837457752046248
-34.686523128911403546
-33.956315512042465343
-33.238899254151874629
-32.581364138888886828
-31.929522278619174358
-31.139147129587001928
-30.116439196276076018
-28.840965205003101346
-27.336561778234511166
-25.676853169683738543
-23.953152910412143228
-22.252728214122726058
-20.646760743839763563
-19.161203182673602896
-17.770306802756351772
-16.417380330614321338
-15.028281300917115004
-13.521247024573483486
-11.887434858766312118
-10.225312360647819787
-8.687730463293462435
