12.829143547781654888
17.244125421433608381
23.147282547836212530
29.618780909702806525
36.031613849853691534
41.937871668444152817
45.847439074667477144
47.949322253231393631
49.426727769914464261
50.273937639385650300
50.249460249341971974
49.889123128942713947
49.223188922336298390
47.738413702311312647
45.279032009494308397
42.084414914321769174
38.601976142877489906
35.617392552919483251
33.232678046164721763
30.922897629329256119
28.584556538935231629
26.584510128109272387
24.867224233935459665
23.255318758582319560
21.874654147188437037
20.784542076817288603
19.810210811579167967
19.287286023614257147
19.331796694754288524
19.845211220066303781
20.350255563108689216
20.665717176875077143
20.943390694004449415
21.411376744669155414
21.770184903004718535
22.082786926837712826
22.781494336254638711
23.850325508353620307
24.629417531030981081
24.998528402874370613
25.216290665075462130
25.758671909957314483
26.568856597248810658
27.483699043764431735
28.080912327361915004
28.087946956441840030
27.709436443745772749
27.385378850889424029
27.138620546776792253
26.727887255490685448
26.237757346198065989
26.214232894184164024
26.415532112622827299
26.835067138035100243
27.160087888669607992
27.182913679702295440
26.643000472677528023
25.588696185011684747
24.640631142525506903
24.623901193529064813
25.087245144930335528
24.928959160906970283
22.843750730146950900
18.671994019607154769
13.338370716266325644
8.195430147227256157
3.908885181763878336
0.644870365621869723
-1.773816715753895323
-3.618240586260014879
-5.163347188807051680
-6.615387403744648509
-8.050612161899834973
-9.362249910127786734
-10.203162144081829865
-10.347028690648471638
-10.021069022966173634
-9.878297732011958487
-10.704504338654885487
-12.931918026161497437
-16.018574745442549556
-18.668688861706073112
-20.081651421659898915
-20.542396491064039310
-20.626582073720555854
-20.819488523124846324
-21.320623470454904691
-21.949862458017435074
-22.413594648735909232
-22.644116056477230359
-22.819971693238414900
-23.005851564414001587
-23.197461140666007395
-23.328823591594641584
-23.364239361995089439
-23.301312616337042982
-23.126135729545808317
-22.964513038744030382
-22.999469879116873017
-23.234739691379729720
-23.457358382159952725
-23.459399319792851202
-23.146495364994962074
-22.613171742740121317
-22.175134597206863418
-22.122508982662850485
-22.557096277242635551
-23.281919231082497390
-23.912848183147900727
-24.185619350347565160
-24.128376541001898659
-24.003597361436163737
-24.141248153802621346
-24.687620021297334461
-25.538692407110829663
-26.597161040620221684
-27.792543964372896426
-29.010021715815810239
-30.167923396800460978
-31.259942278487528711
-32.305729281931917285
-33.267110558627905448
-34.001173748815290310
-34.284086110233999989
-34.099070051929004421
-33.688586458590293660
-33.134826750778984206
-32.472494145826090062
-31.783707497789805529
-31.090083402255288547
-30.412287682133012368
-29.824396313730346719
-29.321301033609870501
-28.789438091345800785
-28.171604063063284684
-27.480997066667498530
-26.715298266237653024
-25.864721227386723967
-24.940682667487351409
-23.998434503483849767
-23.128331853361089543
-22.408489171875430657
-21.868917542526730813
-21.475942681130618439
-21.129890547986406091
-20.700833290055413727
-20.138884262136855341
-19.515195269155015012
-18.961415900871998019
