13.050315237292963388
16.847720346785237666
21.891249648340519229
27.339723866545561748
32.567555391314506608
37.310506038248021810
40.557451896822136916
42.470981264796648702
43.948071124278058619
44.990760906432377908
45.375694793884782996
45.413751816048161913
45.082779792427338350
43.981883780694317920
41.892025284176256150
38.946854327597968393
35.614298805285322658
32.772426702479691585
30.553495476121597108
28.398683261101652420
26.207059428993872530
24.389269509429126970
22.887699938215945394
21.506899133206431429
20.379614423086451325
19.557610785270171050
18.822578411343059201
18.510682085963068744
18.746763549556035855
19.462984114114348699
20.175949975344849463
20.709706430353620021
21.232427181543798156
21.975309705119670411
22.581119104667905617
23.095843310806259296
23.993971448950802028
25.277558131018224685
26.241065489767251506
26.763563061553881539
27.134593524317267565
27.879321450013065942
28.935982588062643117
30.125043608963096631
30.981793127842820468
31.205845989273569785
31.021373555179167170
30.912558264684662390
30.908972969226567784
30.757567179045281591
30.576733832143844438
31.009588911103691089
31.834186387466047563
33.017419809717353019
34.074317610812897783
34.607524280776260639
34.241071905035710188
33.049717838210881382
31.801326564830105781
31.489501010563117234
31.677554447087942435
31.188096514997852182
28.605448373161209474
23.760405650898405838
17.664857185850451060
11.797135623710431673
6.881971498927782704
3.096416472892485672
0.240633899196609491
-1.987428882409091102
-3.891982142568792824
-5.699309361554128373
-7.490937387348765242
-9.146176345009081388
-10.279772854594767750
-10.639056893492892186
-10.469673748968858717
-10.485322457156541986
-11.546117133729012494
-14.124632845238267009
-17.624454177041599223
-20.622482586286309925
-22.241001356252354526
-22.795989060691596251
-22.923342075662475281
-23.158964180145460432
-23.723141967924902929
-24.417562277189830411
-24.918321315594084808
-25.149509236699884696
-25.306455389585664761
-25.460713279984588553
-25.609209506944637269
-25.681729414441747394
-25.641390760620026867
-25.487631108274797498
-25.206854487349687588
-24.938554693353296443
-24.884789697430164779
-25.050483491041120487
-25.202400455539418545
-25.112725662143759564
-24.678273844944044413
-24.003267332618406726
-23.434882551633563708
-23.292314948175089739
-23.688109403889598070
-24.406825875019421801
-25.027503049099664167
-25.260642584528454790
-25.137504639787209726
-24.946263386965370046
-25.048914580671180374
-25.605664535240464375
-26.501851194758501151
-27.630067105294074281
-28.911786625390220706
-30.218589589889575109
-31.456793044264088621
-32.614751929852218382
-33.712079651523595203
-34.710388619277637190
-35.460071054431182347
-35.723899340909667899
-35.491075877756372847
-35.029385386750561793
-34.414238359201533513
-33.649038741164360999
-32.809520061885621089
-31.962951812855351363
-31.170017245753058432
-30.488282558281866841
-29.877144733637123863
-29.210815039653255099
-28.405323882251138912
-27.426340650413806088
-26.271665442083872222
-24.999345511969067957
-23.708588391782939198
-22.505209907663697777
-21.471648403087272072
-20.635195164165168080
-19.965030743243232791
-19.394301289919212650
-18.834543364124840537
-18.189056554390504061
-17.435781577846341861
-16.656822343352587268
-15.977191557169362568
