3289.022796476844632707
2941.669203970533999382
2594.315611464223366056
2246.863537911635376076
1897.338985451842518160
1547.814432992049432869
1399.413841757327872983
1363.099602539839906967
1326.785363322352168325
1324.318045053020568957
1388.231106075744946793
1452.144167098469324628
1516.057228121193929837
1647.153208210799675726
1826.369825832887499928
2005.586443454975778877
2184.803061077063830453
2364.019678699151427281
2543.236296321239933604
2722.452913943327530433
2901.669531565416036756
3080.886149187503633584
3260.102766809591230412
3439.319384431679736736
3618.536002053767333564
3797.752619675855385140
3976.969237297943436715
4131.858766858033959579
4233.479013555960591475
4335.099260253887223371
4436.719506951813855267
4548.489932885906455340
4677.013422818792605540
4805.536912751678755740
4934.060402684563996445
5031.731615534935372125
5096.896273711236972304
5162.060931887538572482
5227.225590063840172661
5292.390248240141772840
5357.554906416443373018
5422.719564592744973197
5487.884222769046573376
5553.048880945348173555
5618.213539121649773733
5683.378197297951373912
5748.542855474252974091
5813.707513650554574269
5878.872171826856174448
5944.036830003157774627
6009.201488179459374805
6074.366146355760065489
6139.530804532061665668
6519.400865157524094684
6915.211622640141285956
7311.022380122753929754
7391.337648860396257078
7380.163328534679749282
7368.989008208962331992
7357.814687883245824196
7346.640367557529316400
7335.466047231812808604
7324.291726906096300809
7313.117406580379793013
7301.943086254663285217
7290.768765928946777422
7279.594445603230269626
7268.420125277513761830
7257.245804951797254034
7246.071484626080746239
7234.897164300363328948
7223.722843974646821152
7212.548523648930313357
7201.374203323213805561
7190.199882997497297765
7179.025562671780789969
7167.851242346064282174
7156.676922020347774378
7145.502601694631266582
7134.328281368914758787
7123.153961043198250991
7111.979640717481743195
7100.805320391764325905
7089.631000066047818109
7078.456679740331310313
7067.282359414614802517
7061.972440175123665540
7060.828267914098432811
7059.684095653072290588
7058.539923392046148365
7057.395751131020006142
7056.251578869994773413
7055.107406608968631190
7053.963234347942488967
7052.819062086917256238
7051.674889825891114015
7050.530717564864971791
7049.386545303839739063
7048.242373042813596840
7047.098200781787454616
7045.954028520761312393
7044.809856259736079664
7043.665683998709937441
7042.521511737683795218
7041.377339476658562489
7040.233167215632420266
7039.088994954606278043
7037.944822693581045314
7036.800650432554903091
7035.656478171528760868
7034.512305910502618644
7033.368133649477385916
7032.223961388451243693
7031.079789127425101469
7029.935616866399868741
7028.791444605373726517
7028.441964569999981904
7028.441964569999981904
7028.441964569999981904
7030.754115987381737796
7056.525511561073471967
7082.296907134764296643
7108.068302708456030814
7133.839698282147764985
7148.440025210000385414
7148.440025210000385414
7112.400339213948427641
6912.672023526204611699
7121.716845144765102305
7216.251009813179734920
7056.468357256117087672
6815.608308521063918306
6888.236786956040305085
6735.453411151527689071
6548.449722020000081102
6602.027097027186755440
6770.219362873057434626
6938.411628718931751791
6994.690222074345911096
6922.061743645422211557
6790.422626483163185185
6642.837458308582426980
6548.449722020000081102
6574.440760169631175813
6647.069238604608472087
6668.447782659999575117
6659.409897406781055906
6615.025827252068665985
6570.641757097356276063
