1886.538122038498613620
1970.875233314285424058
1848.113237636632675276
1529.954935720600360582
1857.135742442838363786
2072.761237020368753292
2210.339757681721948757
2301.266449838160497166
2363.028062583727660240
2397.413720883228052116
3024.368551295138331625
3644.026247044788760832
4268.695626928237288666
4901.867837207647426112
5545.196766738779842854
6197.612499479100733879
6853.430009856952892733
7506.365745629766934144
8147.098008155183379131
8764.333668321824006853
9349.222552802459176746
9896.381473080768046202
10401.500462402642369852
10862.759002370356029132
11282.014269491413870128
11662.426568684857556946
12006.700411378367789439
12320.259125062104430981
12607.322328378373640589
12865.859771838106098585
13094.367849491549350205
13290.773504944596425048
13453.776504939205551636
13583.717362082148611080
13679.004130401572183473
13742.656877075261945720
13778.914909960900331498
13790.193136185365801794
13780.273547070410131710
13755.988831935412235907
13726.074230218679076643
13700.632240080309202312
13688.262395083351293579
12088.477468530225451104
10522.114510829396749614
9004.325306107961296220
7553.703888224551519670
6190.928768837833558791
4935.215464023498498136
3802.139061311181194469
2804.148311656671467063
1952.792877700594999624
1253.845275629648313043
690.848693046249877625
277.395700566526329567
25.043031295925334945
0.039810227282423255
0.180490550288657348
1.145511324341883741
111.416245750043529483
318.606265865903708345
152.145870510776603624
38.402687561359996948
0.811744615886351384
0.460032204628390062
1.180243101309267129
115.271774667530507941
364.209430516957752388
741.072067960697154376
1231.204118663843928516
1813.639090113611700872
2462.720117922489407647
3150.224170371174295724
3847.370206499084815732
4529.129896086184999149
5173.813277081676460512
5762.392738569222274236
6280.548940985939225357
6719.590745404879271518
7070.933699769893792109
7336.387119527742470382
7536.386022171161130245
7690.088716497263703786
7801.616260855693326448
7875.608186804732213204
7916.271191084085330658
8238.627956007809189032
8543.798539823426835937
8842.779981003310240339
9142.680448277114919620
9120.212235103412240278
9103.305097988910347340
9092.635733171280662646
9088.772568813032194157
9090.610264385833943379
9095.817984819706907729
9103.670940896314277779
9111.103891505090359715
9113.827783911476217327
9108.584038497558140079
9094.037486838336917572
9067.476473597344011068
9025.892254589130970999
8966.574404900013178121
8885.168535649068871862
8781.125379729688575026
8657.101069855894820648
8520.362700838279124582
8381.376294547582801897
8249.473096386991528561
8130.688297477030573646
8028.643625154168148583
7944.481792810753177037
7657.447369723166957556
7393.156928863472785451
7151.888487400851772691
6931.828897984089962847
6731.341164898347415146
6546.783421658182305691
6372.707922657383278420
6201.486561789588449756
6028.680251538911761600
5848.230426901225655456
5657.995793572306865826
5454.686326382314291550
5223.183078652538824826
4959.861892342093597108
4664.611009606049265130
4293.520882327579784032
3923.281192790058412356
3496.195032574422384641
2993.015079862745096762
2385.360137146657052654
1704.607496180266480224
1434.565399791487834591
1092.287690274937176582
731.587562676471179657
350.202763366038880122
78.576524407569479536
0.175201892943606524
0.086077229125159721
0.232606218877146720
0.769275621107635810
0.381409978631581381
0.064126644109946521
0.138331819924858351
0.248368467442642016
57.805329980256317413
293.059107199068080263
4957.101289679691035417
4909.804563540625167661
4841.141935738201027561
4476.390719020612777967
4054.809286089341185289
3621.208749064292078401
3463.120371084485668689
3455.055067826975573553
3434.287277581781836489
3448.344199702865807922
3572.114444464607913687
3690.815858624045631586
3807.288235621035255463
4022.421107001227028377
4337.352218531728794915
4701.309515092056244612
5094.553946763954627386
5460.505845651322488266
5791.990727404066092276
6130.767924644763297692
6485.207790174252295401
6827.464390317076322390
7165.641637257856018550
7512.893083379150994006
7851.240561123761835916
8171.838049344827595633
8494.893257079038448865
8769.345553632934752386
8949.918142962063939194
9111.248883004824165255
9284.108879537852772046
9492.313576043261491577
9733.651123308212845586
9972.667573728955176193
10240.677062927225051681
10486.745106669917731779
10666.986771769921688247
10820.965580020896595670
10993.411284496696680435
11189.570772952340121265
11394.335296287164965179
11573.731877608923241496
11735.135122162721017958
11824.725157805711205583
11941.787636270622897428
12112.658497828115287120
12329.441799698230170179
12558.431811613778336323
12789.478951940838669543
13040.323065246377154835
13319.083369947851679171
13605.878530502528519719
14032.914986069496080745
15262.358357440523832338
17018.028497275830886792
18892.467614178913208889
20095.779411119525320828
20797.447491191705921665
20798.646632491454511182
19846.686141297024732921
18814.394070644550083671
17754.564383733100839891
17419.655828438022581395
17422.170689982824114850
17582.997602162162365858
17803.827176749924547039
18068.479595090393559076
18326.524090886538033374
18557.169641182146733627
18762.020223088944476331
18957.428457311743841274
19159.122830622676701751
19371.554550325497984886
19591.255055619461927563
19756.506613149631448323
19810.388945719882030971
19754.528971179108339129
19621.416764723609958310
19462.475271239527501166
19479.506074836994230282
19764.774973596078780247
20056.337246360544668278
20134.515768580757139716
20102.947563991143397288
20026.987731699227879290
19978.357230737274221610
20043.356275178968644468
20150.146460246709466446
20224.894624043849034933
20245.664962834347534226
20272.847013475857238518
20301.501628464371606242
20341.521969510955386795
20370.692351342087931698
20385.287650755755748833
20400.465878414150211029
20387.165331031628738856
20370.028047181483998429
20395.106051049613597570
20469.982881409774563508
20542.072257854037161451
20584.609097629370808136
20581.034121462947950931
20526.121385214861220447
20492.120361709927237825
20517.197249274715431966
20628.901336241018725559
20799.649219980983616551
20953.240297508662479231
21040.760985314398567425
21074.177216513515304541
21094.115796666079404531
21165.811669797793001635
21314.002286249567987397
21485.216272884001227794
21676.802078380875173025
21900.544081987838580972
22124.221811621544475202
22331.754554077226202935
22527.989285442952677840
22759.051816698607581202
22990.107771051098097814
23229.948959186614956707
23393.405312603401398519
23413.216184622786386171
23483.207677963288006140
23501.189039233915536897
23255.870053812075639144
23560.599450644789612852
23725.573262541860458441
23588.648106398970412556
23399.295938869319797959
23671.879279442240658682
23614.079219239774829475
23491.911737385667947819
23602.658785298481234349
23373.148808674061001511
23533.686495360467233695
23581.355672369354579132
23529.738417211403429974
23463.254816589429537999
23398.707910778262885287
23398.818108326642686734
23541.826331616470270092
23750.713619772192032542
23888.391283520162687637
23991.599597061467648018
24038.822980576802365249
24089.031624355389794800
1366.112305891592541229
