2.555288600526750997
8.621727628609889393
16.242330603429493863
24.423055323128494365
31.862313294390524732
37.640202767700515096
41.397305792908461797
43.720853688106465995
45.457997653847222352
46.577673652050627595
46.834394678422150093
46.597824113013835756
45.990666546330572828
44.741794054151938553
42.604521029238199503
39.621572617169150021
36.215096936284666640
33.248992779040207779
30.862408590024116961
28.514376337544959483
26.121282071890718157
24.104741762064620048
22.411254809837728885
20.843711473976085813
19.528517137978269602
18.507039622322139394
17.546336305984937098
16.968168479678723770
16.899386983582161292
17.296008160247822616
17.701173227546888711
17.958955534551790834
18.248229004051779611
18.801355857668255567
19.257774434250478635
19.661950689659107638
20.496625203424883921
21.780916468497679261
22.826374055534756735
23.525266653741738310
24.176448924728106249
25.310178859039922372
26.864380093235666891
28.652128190715330902
30.192651434468558591
31.160294382018093984
31.746690376892217955
32.401938601119354644
33.129250361028624638
33.666990434187312076
34.149290174981530299
35.258050548614363606
36.816968538221175322
38.806004495734384818
40.690750130853444944
41.988351707473441365
42.244229367578583378
41.482868028741563649
40.444240728099771331
40.104547418890120980
40.019492038008053214
39.019656858776443187
35.717382866992011259
29.991646135905000392
22.918032107298301980
16.045094974450961445
10.162429410513027506
5.495121286438745756
1.867704568069910920
-1.021101335643663788
-3.492838405632312515
-5.801827860828211669
-8.061604565144818935
-10.181778716228677695
-11.800309735054099747
-12.675383230137981627
-13.047286437775824197
-13.607820892535528401
-15.182915177627137382
-18.206231306033259898
-22.045917839623541568
-25.253578818679386586
-26.940394268993884452
-27.426534061764698436
-27.365696342333592384
-27.321384853866447884
-27.546041621233086971
-27.871853560036072395
-27.998150873602298816
-27.863133394413580390
-27.669856376114466912
-27.495300834909755849
-27.341565211474573971
-27.142984410124256556
-26.865417734910920444
-26.508571181590127708
-26.056853428454530786
-25.646320029715582223
-25.475104337552807010
-25.544323022663036227
-25.617029945576518912
-25.461334075776562713
-24.969290312397617981
-24.240063850407807422
-23.616599215282633395
-23.415943279500368135
-23.751185426431959513
-24.409675297247417802
-24.974117693345647240
-25.157816725766679156
-24.992659918683273190
-24.765167081509218860
-24.834743758109937062
-25.360184369364901613
-26.228174790026514529
-27.335608258277318328
-28.610251357173979159
-29.930608274975156746
-31.209490062223153473
-32.441479362621862492
-33.654165198535281434
-34.820778581309411948
-35.805778410200048256
-36.384516907862746393
-36.551839451091609590
-36.568252397973935786
-36.482347192598638230
-36.248120845569530957
-35.886815931115506828
-35.427497068092122845
-34.892027507272416642
-34.282777209922301154
-33.508605351263156535
-32.419126330494009380
-30.939440207820780415
-29.095463099282369512
-26.970423780292094307
-24.682533866216715523
-22.364914864380295967
-20.163418087941408885
-18.224960829244025717
-16.644400236573176244
-15.418518728394303707
-14.455816562769371103
-13.618231721833581105
-12.761170167568479883
-11.826110543909805983
-10.874426189306973356
-10.031525480278219220
