13.951706357479693565
18.067422120436205546
23.564450000626791848
29.557678180076287333
35.438731317006514132
40.822831061377101491
44.379144145895608631
46.292854232817752802
47.658180258528233253
48.473125987753675759
48.502832643199717211
48.225035126137854036
47.664901874914832547
46.345856158067235242
44.079248082712041423
41.056317073517057281
37.723606743632828397
34.894271723854487277
32.673894345231147440
30.517238672577704506
28.317279535342052554
26.455754094758688666
24.875050575849371626
23.390269542636332289
22.130441877578007848
21.152908905023807051
20.267229842523690309
19.811321957406576644
19.905639354230160620
20.463093715258821703
21.003088166816482385
21.346326741092752854
21.651813276875216729
22.150349356578232118
22.521127793195489630
22.821854663061387214
23.502269426971949429
24.553304386603173270
25.296493156674443981
25.611284991204058770
25.768877380063514693
26.265291786635202698
27.042284910444038815
27.930931219776596208
28.493048928005379139
28.446418174403078183
28.005413584836986729
27.630101381607289568
27.348744403539399173
26.918034877921058978
26.438032017073737734
26.494240081051572133
26.853410111592324938
27.503811879388393891
28.076089518489681041
28.297160973875207901
27.860616018146828310
26.814939146021174565
25.824836308503563487
25.771738136556592735
26.206220221234474366
25.995117160552780433
23.786064566600714443
19.413353272953003170
13.838600726438357924
8.469455791379289167
3.999356353428112243
0.601011175532363495
-1.910848242898168792
-3.819217588252769247
-5.410796078279901167
-6.900555732110376539
-8.368192824777366923
-9.703167109581443128
-10.545187483159935482
-10.659647641637803872
-10.283426514971750976
-10.095990279765118203
-10.914755575290683964
-13.189538955556940891
-16.357457531047714383
-19.071979253133918064
-20.501102632899176115
-20.940944869703457698
-20.989583425721093590
-21.150984897676380569
-21.632217661200456860
-22.246289635667608309
-22.688718443882464726
-22.889877681349844352
-23.035883431542458766
-23.194293516603238459
-23.360803092906621714
-23.466889612281477184
-23.475431315740024729
-23.383878189129802649
-23.177689056100746257
-22.987520840617435169
-23.003498047248513103
-23.229392817115922298
-23.443747130352676322
-23.430334808353791232
-23.090952676723986770
-22.523718683260995022
-22.056635949687517950
-21.991123812008993355
-22.432875501901662574
-23.177055932421524176
-23.824314945265825827
-24.099878253657834648
-24.032866668059170934
-23.895925168435667274
-24.031802609758187828
-24.592289712280091862
-25.468936720442286514
-26.560162469728084034
-27.792100861821722901
-29.044549952857948938
-30.231435802976648120
-31.345070251672439099
-32.406041084470075475
-33.377073479159889757
-34.113607653533847497
-34.387608870068049782
-34.186052567635442756
-33.763266652356094255
-33.201217773345945261
-32.525476192764131156
-31.818263906059030433
-31.119715276776446444
-30.466444941576867222
-29.926566941904923169
-29.477823742491921166
-28.992467775169700417
-28.394584122730066156
-27.679673001333128468
-26.852263816987203882
-25.933666384487992218
-24.966402535241741134
-24.019526509127558711
-23.177513877091143968
-22.498289702183228655
-21.988159179910383045
-21.600412768737498936
-21.239637341695129180
-20.788565768198395745
-20.207505949355777375
-19.571391704600955563
-19.010283028003925665
