1683.241416584860871808
1741.835813923051773600
1655.410881929773040611
1432.738533575194423975
1714.450650197117283824
1918.837930710702266879
2068.907754239487530867
2185.596508601131517935
2280.082940847475583723
2352.929512368246832921
2933.809215058418885747
3505.243199160419408145
4075.011834333260139829
4645.138863589773791318
5216.516005608301384200
5788.317341132990804908
6356.738063290162244812
6917.623196830362758192
7464.766132584963997942
7990.601951831511541968
8489.193736155160877388
8957.008462781628622906
9391.454970951486757258
9791.947909424161480274
10160.737588035215594573
10501.284604571741510881
10816.957580571639482514
11112.952728935610139160
11393.481674217162435525
11658.311552145167297567
11907.285118212614179356
12139.639440890623518499
12354.996436746090694214
12554.075310316691684420
12736.370401013973605586
12904.457746459795089322
13061.844860807990698959
13210.972722686694396543
13355.142251199848033139
13499.528863325009297114
13650.320499350946192862
13814.192540735959482845
13996.315611284278929816
13206.565225536263824324
12445.551856993542969576
11719.560524573204020271
11035.251818524719055858
10398.890362722053396283
9814.642683205207504216
9284.165072792273349478
8807.293270426820527064
8382.317824571306118742
8000.424074520497015328
7634.527296117535115627
7283.418695724738427089
6956.785527627574083454
6671.282228401038992160
6418.074801191231927078
6201.878830054158243001
6027.640384105866360187
5864.620402961698346189
5568.744145428646334040
5271.622237117321674305
4997.843779844492928532
4765.733202696040279989
4590.398101248065358959
4483.183871743905001495
4453.112623849615374638
4503.823658482931023173
4633.535049241872911807
4835.528750616133038420
5099.024434836701402673
5410.231012169514542620
5753.378969179101659392
6113.454251354239204375
6475.975262081780783774
6826.650787752896576421
7152.840052421352993406
7445.042436275781255972
7695.805669615282567975
7904.438860383538667520
8080.643921757618954871
8233.986518634384992765
8365.059415161418655771
8475.349199617512567784
8566.342869717238500016
8743.021441945331389434
8908.149770977192019927
9067.872160714860001463
9226.221214067592882202
9225.833049904684230569
9226.486532414950488601
9228.382068045053529204
9231.734919453831025749
9235.699346992203572881
9238.639835575600955053
9240.022786527573771309
9237.764478449258604087
9228.986738436629821081
9211.545631240695001907
9184.624263683645040146
9146.487074582351851859
9095.180103397602579207
9028.914718706693747663
8944.756273716648138361
8842.333442110437317751
8723.518263406715050223
8593.344081250861563603
8458.994934197808106546
8326.865486606984632090
8201.106784279400017112
8084.239477555994199065
7977.141726585792639526
7724.038140352330628957
7484.024655021430589841
7257.221928782957547810
7042.388619537349768507
6838.445949580891465303
6642.998004937488985888
6452.435948652222577948
6261.667927248292471631
6067.706331834637239808
5866.442410142659355188
5656.347779438287943776
5435.064584118298625981
5192.269136042603349779
4925.359094462431130523
4634.136797007526183734
4289.234232484450330958
3952.403727968911880453
3575.399184892017728998
3146.207719465091031452
2647.171013191546990129
2100.989417861805577559
1740.111625172316280441
1333.782183598970050298
917.624988797550031450
491.482536588038556147
164.017376542482622881
1.528271667262118827
0.000000025501230615
0.000305129875786578
0.140260480767120582
0.488365956739136298
0.594608189942604226
0.148583491655681660
4.332801551207242419
46.646791792198243343
268.030647011028293036
4736.376477020688980701
4709.850989026527713577
4656.023914199507999001
4297.921966605054876709
3867.782459601337905042
3427.430245315784304694
3263.816809323564939405
3250.911676615470696561
3225.720628726969607669
3235.680904255013956572
3344.894392780511680030
3448.703408269304418354
3549.371714828047515766
3747.869738302998030122
4045.669292783677519765
4392.180399476082129695
4767.699690743322207709
5115.779042133544862736
5429.638115311094225035
5751.282155573379895941
6089.089593319565210550
6415.080319205339947075
6736.919121092918430804
7067.335706854454656423
7388.732385066336064483
7693.026958786796967615
8000.760089290674841322
8260.467500002125234460
8426.498630273405069602
8573.359081613811213174
8731.212173841722687939
8923.090982904768679873
9145.948872724546163226
9362.661980029926780844
9603.615128216459197574
9820.824012109738760046
9973.652964348562818486
10102.930342947091048700
10255.658829216445155907
10438.124897873956797412
10633.291258052646298893
10804.922470747575061978
10959.304478368176205549
11080.568675740923936246
11229.374429496640004800
11431.390033573903565411
11678.075256813182932092
11936.707048816535461810
12198.947247463949679513
12483.890386286384455161
12806.370204678509253426
13171.577783928547432879
13791.949739006297022570
15488.575501450039155316
18001.352953174595313612
20582.954021857975021703
22241.000402880970796105
23045.280598233428463573
22684.291666054581583012
20959.564910366669209907
19129.566508660045656143
17708.328363678330788389
17196.489505896628543269
17077.406209195854899008
17137.261410692033678060
17292.358184516899200389
17527.055044469725544332
17773.500138330244226381
17998.092529671579541173
18197.435160580796946306
18386.356261695465946104
18580.487424439445021562
18785.029065222392091528
18997.733094586899824208
19158.486823266903229523
19213.660122923589369748
19173.723818520404165611
19093.194826170241867658
19043.200702132409787737
19166.556739601328445133
19502.339951395231764764
19815.175541328877443448
19906.578471927830833010
19887.104045486710674595
19823.449543033664667746
19785.471188428120512981
19839.343708907581458334
19935.164659134963585529
19999.755200534120376687
20010.851815427882684162
20037.349648109247937100
20064.980325084299693117
20103.299546824404387735
20129.871436339115462033
20141.073754642995481845
20152.616663788270670921
20135.976283986732596532
20116.016039941667258972
20138.754566655410599196
20211.581085218673251802
20281.592246338474069489
20321.682947758818045259
20314.887661893979384331
20255.852180754729488399
20217.999298782709956868
20241.199086606968194246
20353.058719913889945019
20525.019333949458086863
20680.131449554537539370
20769.105673834641493158
20803.786350539725390263
20824.780835483248665696
20897.343276191852055490
21050.956664984769304283
21227.291176487025950337
21423.685997877400950529
21651.953905279009632068
21879.881581866127817193
22091.479506884978036396
22291.771745008478319505
22527.073195704408135498
22762.533866919558931841
23006.932584054931794526
23175.083304038886126364
23199.859895034289365867
23275.506730293189320946
23299.705875844258116558
23060.634411864321009489
23372.321523741338751279
23542.685383905627531931
23409.948052068324614083
23223.455570014048134908
23498.359027369777322747
23442.848454385031800484
23304.634586065509211039
23407.365105389591917628
23173.388599910933407955
23329.161022709635290084
23367.567058406184514752
23298.913749752526200609
23220.615649405022850260
23147.296174978073395323
23141.323803983668767614
23280.313403172254766105
23487.282281252053508069
23626.594137411870178767
23736.556344629178056493
23794.691166597265691962
23853.400531816296279430
1585.127639299123302408
