101.536057326051547989
41.470837934575833117
37.472632960869788121
36.412133700875500608
35.990962753376727790
35.761032399008350069
35.604923239015342062
35.449090198098517135
35.012199923145310265
34.963268942343006529
34.933824338196927783
34.910283091173425873
34.856026774069043483
34.799310938946035776
34.778340983287016286
34.749025028692727801
34.741452771107098840
34.731343472924031346
34.715566293098532924
34.710847827336209548
34.707267794682657325
34.694429375055847231
34.686914147815770093
34.681933052380905735
34.654509801735216001
34.608326096182402409
34.590248782531496374
34.578275399943194657
34.571270022965634894
34.564722886995056683
34.560338640796281595
34.557294273121172523
34.554383232672243764
34.552469732712907557
34.550769208694894985
34.548548893999495135
34.545658213973013062
34.542112593490912786
34.537895516282809183
34.533070890453785751
34.509064055681605510
34.483524526976360391
34.476955112440009543
34.470435695012056954
34.441815214501616538
34.436005584531258705
34.430994333878302882
34.426368481344105987
34.412252502066699833
34.407100093444398681
34.403716059261121529
