31373.270638164722186048
31018.005674754163919715
30662.740711343605653383
30307.475747933047387050
29952.210784522489120718
29596.945821111927216407
29431.572611876912560547
29353.227218489832011983
29274.881825102751463419
29196.536431715670914855
29118.191038328590366291
29039.845644941513455706
28961.500251554432907142
28883.154858167352358578
28804.809464780271810014
28726.464071393191261450
28813.118133517607930116
28913.970021732431632699
29014.821909947255335283
29115.673798162082675844
29216.525686376906378428
29317.377574591730081011
29418.229462806553783594
29519.081351021377486177
29619.933239236201188760
29093.930265099141251994
28428.307802881186944433
27762.685340663232636871
27097.062878445281967288
26926.080463252579647815
26987.712172716546774609
27049.343882180510263424
27110.975591644477390219
27172.607301108444517013
27234.239010572411643807
27295.870720036378770601
27200.016755874778027646
26583.699661227488832083
25967.382566580192360561
25351.065471932895889040
24988.186643587028811453
24706.824491682993539143
24425.462339778958266834
24144.100187874922994524
24349.571959734039410250
24580.690870226775587071
25016.577538515673950315
25571.262923699574457714
26125.948308883478603093
26680.633694067382748472
27235.319079251283255871
27538.380197737424168736
27716.163975038794887951
27893.947752340165607166
28071.731529641536326380
27751.586754344640212366
26562.975214668120315764
25374.363674991604057141
24185.752135315084160538
22907.564950086769385962
21618.164712600751954596
20328.764475114752713125
20126.194957048202923033
20297.394150005191477248
20468.593342962176393485
20639.792535919161309721
20619.577430841873137979
20095.707900393055751920
19571.838369944245641818
19585.427884066004480701
19739.507157725882279919
19893.586431385760079138
20269.463319357681029942
20696.144384884610190056
21122.825450411539350171
21549.506515938468510285
21685.799840364539704751
21543.572818521581211826
21401.345796678626356879
21259.118774835667863954
21173.185901395590917673
21302.612491271502221934
21432.039081147417164175
21561.465671023332106415
21663.893937661508971360
21405.040757909679086879
21146.187578157849202398
20887.334398406022955896
20628.481218654193071416
20582.122033717136218911
20551.306178986513259588
20501.547054927741555730
20428.562135825628502062
20355.577216723519086372
20171.857363904848170932
19735.299421860694565112
19298.741479816544597270
19013.103068444677774096
19040.293528504644200439
19067.483988564610626781
19262.131837309210823150
19616.514166731813020306
19970.896496154415217461
20325.278825577010138659
20679.661154999615973793
20743.178313285701733548
20565.394535984167305287
20485.917034045425680233
20557.030544962195563130
20687.332687593392620329
21001.654405865196167724
21315.976124137003353098
21630.297842408803262515
21843.772592090204852866
21203.750993800982541870
20563.729395511745678959
20547.304289651787257753
20560.899519680013327161
20574.494749708239396568
20588.089979736461827997
20601.685209764687897405
20440.892635897140280576
19920.875087290365627268
19400.857538683580060024
18880.839990076809044695
18407.194091578676307108
18017.941189695447974373
17628.688287812212365679
17294.697331072784436401
17168.632470805627235677
17284.500636952747299802
17779.755445149607112398
18222.510267102104990045
17991.391356607407942647
17787.779121738498361083
17875.824420974648091942
17963.869720210797822801
18051.915019446951191640
18217.902780774802522501
18433.613763901263155276
18529.767387990919814911
17810.730777569217025302
17091.694167147499683779
16465.520405946735991165
16370.715992820056271739
16275.911579693376552314
16181.107166566696832888
16086.302753440017113462
15991.498340313339213026
