88.934800942124070389
12.965093780918266475
10.750336988248506032
9.481296719637903436
9.160706483227478714
9.081484966091247557
9.055834621533289663
9.049409762869622398
9.042188280232382525
9.023913298026684515
9.002977381345717234
8.977888811793146573
8.975784001152929292
8.974406710435708590
8.972894089357644987
8.971040561530452706
8.968688526948540130
8.965805325967302508
8.962460699325886182
8.944912710816852908
8.940131112432908367
8.927439178354374505
8.911156936577716792
8.814989252725164093
8.749896405542227029
8.612605265366616081
8.528931895874228175
8.518831706329098807
8.517007785463047043
