1.385917273181192400
8.126089060910288708
16.435205745454268822
25.166732840138081428
32.738404576143935287
38.343366378341414702
41.966432604591787481
44.281140321904601365
46.007179803211982971
47.056750079808693954
47.176202272154256434
46.731029020717571143
45.926617537229248001
44.589973344535337674
42.450823982779141375
39.486865575802411854
36.100439031192706807
33.159566916016743221
30.800415573819947213
28.471681459639938794
26.091029880180713008
24.091864450383198459
22.423937692863475490
20.889875277829787592
19.619716231774503967
18.653384545400996330
17.745580556156198782
17.212060402671340853
17.180958293874425635
17.622564953459288972
18.085837926691453958
18.417743589426976314
18.796198556170878646
19.444053727370828710
19.975954932594618185
20.420071448018177307
21.259574387642174997
22.514092071808931905
23.483922703740603311
24.059001968517577552
24.543290306378793275
25.478032953981738729
26.804267237126992995
28.339427000257074951
29.605995732777984131
30.288989328281161306
30.604281506569435578
31.033334342977354936
31.602117105155173249
32.063612242965405130
32.569707552999375366
33.827266108399925315
35.662782795924954371
38.033093811374527604
40.328193791431289128
41.979836770420405401
42.478112129366223826
41.843925951323001300
40.853833802257639718
40.529979783307538810
40.443380152314375664
39.420278251825976668
36.058987443530384098
30.242307491789063079
23.067088279195019140
16.108651124176219582
10.168092682290307494
5.471506976951332035
1.837561644389268167
-1.043047086061449136
-3.500821382778894986
-5.798809658712684723
-8.057378779879684316
-10.188773051479699916
-11.826360823298330160
-12.721655673383509111
-13.111834379211074975
-13.689884345052746539
-15.284898044369924719
-18.330211357809730544
-22.180831966819084755
-25.367448003020683700
-26.995786137468599009
-27.405046362127109205
-27.273704365739831701
-27.185073040487395701
-27.399878933245361168
-27.744253518988216456
-27.903891574477597715
-27.805902896799693735
-27.648765631251762898
-27.506188700703376071
-27.378986889839779906
-27.200976146092216368
-26.938646160956068343
-26.592637117325807594
-26.147400882157512569
-25.741265471919973606
-25.575642873425465496
-25.651686849438704030
-25.728694639841023672
-25.571468973743833430
-25.071027242379727795
-24.328950151093636123
-23.694617655624028885
-23.490912569390729914
-23.833343264477434786
-24.506280368673856174
-25.085974757337623942
-25.281169869232826386
-25.123843731239674071
-24.904011306688119021
-24.985259784973948172
-25.527148077256015313
-26.412892739225355854
-27.536617488073602544
-28.823935824464399502
-30.149957304500219379
-31.424152590850667366
-32.639070075124152481
-33.822029009254492848
-34.947086704332434692
-35.878690979442978914
-36.390675928166274389
-36.480341258475050381
-36.415202588081058366
-36.244505599592855560
-35.917138760235786776
-35.459743701645550118
-34.926615215409356097
-34.355043188581987579
-33.732082450835662257
-32.946866559493912519
-31.850610540283810224
-30.374893827868504559
-28.547118895690289264
-26.464003579519726372
-24.277746203011417947
-22.158483216258730408
-20.255437847684447661
-18.656945946384496438
-17.352810870900725604
-16.244630600928815056
-15.210543069164884855
-14.158147934902217457
-13.029708448085045802
-11.849075950461610773
-10.722886696791135819
-9.777902966798080797
