8.382661995192762561
12.674944154427848275
18.377369325259103050
24.598534789627308328
30.722446827281949311
36.336859769144062682
40.083428259545243577
42.147888095537922482
43.656892778219429374
44.666272934727032862
44.975654269650704009
44.998870916829460498
44.698595072969311559
43.573776317941117497
41.436125154241011614
38.488297395182222260
35.189620254139349242
32.365000796158398089
30.130524785658096221
27.949997671924350584
25.723940895932017270
23.840322975097350877
22.246723528918892043
20.762662816197817506
19.521033846797692490
18.582624587819282169
17.760093069199697879
17.394119062926009178
17.607573491826570944
18.315437677577136810
19.038843590312566789
19.599875562514100125
20.158529126048662761
20.946134706489559107
21.641851551324222669
22.302675954213853515
23.376842337786769122
24.852865470705026496
26.048843084970314976
26.839696130710819943
27.490996813867838000
28.492159323333311249
29.777625066807814846
31.170877782167906389
32.226417181610514717
32.655595425065058635
32.667947056208021195
32.721127734473469673
32.844452079870308125
32.800216603824821959
32.699157356395801344
33.140816301984216352
33.902431133938137009
34.966622014973552268
35.937242512027296470
36.507205558351415675
36.344034391097608250
35.482616802472648487
34.582117530554995710
34.519013169370680316
34.836599548376369739
34.399258969024060661
31.864074072698571172
27.080465111831188096
21.022997344864819524
15.110552912541663773
10.048337289634503122
6.020394790977661614
2.850196902017302136
0.260778882779533205
-2.029504669474476941
-4.229905641604972288
-6.413071234086885397
-8.460262713702775272
-10.002443787851035495
-10.796375949729338117
-11.070880757423935847
-11.498081325601020808
-12.888621064578671849
-15.685880028250494433
-19.320808595969822363
-22.441227270955721451
-24.210511106262231351
-24.921741522285117298
-25.172047915686448505
-25.466980935835408673
-26.017989664718470522
-26.644953432045838326
-27.051726101229178312
-27.177219959178842146
-27.215391211478618061
-27.240571430449449508
-27.254170782010248786
-27.192489940048744756
-27.022516462891303490
-26.745219885348092248
-26.349050459414911529
-25.967148486208259328
-25.791633963890262748
-25.827859111769726042
-25.855688096518179009
-25.660180924633664290
-25.144595167702846084
-24.408795564959007152
-23.782788998194462238
-23.570121015757706573
-23.878584361302955585
-24.505340031607431683
-25.052951818405404083
-25.248545243288390338
-25.123153076604637590
-24.951269897931865671
-25.077263583371404820
-25.654099476761018650
-26.573837576991877540
-27.734534138755634558
-29.060914610272163827
-30.430200301694810605
-31.752494582434565018
-33.014991112013433394
-34.231861414455920567
-35.358241916996860255
-36.241163526586490207
-36.643949188390649851
-36.545373339287664294
-36.192520007641917346
-35.661233630209949297
-34.971872870803565547
-34.201997172553603832
-33.387483516006568607
-32.561151001002770045
-31.787425631454539143
-31.039366042563528936
-30.183141379445885377
-29.139737881813061904
-27.910168289426167121
-26.509382364531177245
-24.970771618180037876
-23.354733352520497647
-21.750966220092379899
-20.259511987516987119
-18.947301223650299562
-17.826361794259696580
-16.854703924992577413
-15.940830408841577537
-14.969993514558325387
-13.903476336117194023
-12.817788518994063907
-11.849227168323295700
