7.406099175926442513
11.854026580109277234
17.710866601310812030
24.082392799726228816
30.350201312713657842
36.097811924644638282
39.962837814873104492
42.130686704878549165
43.729300504712213638
44.815288421034658484
45.189003555068580908
45.264855453406468655
45.005154079925780763
43.907911757314586509
41.783420219216488078
38.832835102753598733
35.514187392562405421
32.651559642488614088
30.360791431588481259
28.105936020142422649
25.788097310606573842
23.796028450911734353
22.078243721755640649
20.455378930267585247
19.061703266134287560
17.959746275420684469
16.964384318470308699
16.419087794218171439
16.450160788621616348
16.976706269096183632
17.524673494700380161
17.921594614207364771
18.333384870054814542
18.997520021955878633
19.599219859787723408
20.201115604104927570
21.256320902298227793
22.757197681803660316
24.024470375873931971
24.934378578036728413
25.752502234155230099
26.966996350465961996
28.509831255154551855
30.200867084893985748
31.589917657266624929
32.382736933612108032
32.782545926342038456
33.240146841958420509
33.777532773912270159
34.149159486715120693
34.457317963928289828
35.292543640045209941
36.422811300249748001
37.821804532539033517
39.085499678197294315
39.900650272006657815
39.930691509147379747
39.208413781868927117
38.392389815881841741
38.359263109205159026
38.652396441891369250
38.135281552149649542
35.462474689867718780
30.479088382033864946
24.154401200909973113
17.902886271595718881
12.428631980632047771
7.919890687214405034
4.210506433594730424
1.039490959490478872
-1.854791410633254145
-4.659531805093251933
-7.425205091430058246
-10.012468141007786926
-12.034593986312074776
-13.234531684082526226
-13.831683588521798356
-14.493158383370456477
-16.028535949377413772
-18.883346997033612524
-22.493173850075379505
-25.512465134220491336
-27.113028047703693346
-27.598115084663106700
-27.576608285207100835
-27.567028555167496506
-27.794438734416587522
-28.092217335717293736
-28.176707925385755971
-27.997402588132842993
-27.756239802106449588
-27.532660497499705343
-27.330502480477775862
-27.086346664809354934
-26.765974075480357897
-26.368256037806361292
-25.879079352163273597
-25.428795650167842268
-25.206600301425623911
-25.214787255012140577
-25.230024417152662863
-25.034106166372055213
-24.527140499228721637
-23.806237158430178624
-23.199329080016468652
-23.008761318407380259
-23.342029209575798632
-23.996759713756716792
-24.576494820225548210
-24.809587851653418511
-24.728370848962470063
-24.608654175977335399
-24.796161036620958384
-25.445245535694880346
-26.449238409543454509
-27.706984482626864974
-29.142987772169021810
-30.632772019061690116
-32.083212922840061765
-33.477330909057684494
-34.825207454760857217
-36.078844443255718488
-37.083240826028088577
-37.600141383752941238
-37.606220773323911999
-37.345257532216351137
-36.888477965904030498
-36.250559108710206146
-35.502499274434512699
-34.672721421003416253
-33.785795023780394786
-32.897809971212325308
-31.975124154538207222
-30.881644985394700598
-29.543828102206589392
-27.976553319535071296
-26.212302290024183549
-24.303286817444757162
-22.333684397598688065
-20.419541194249575256
-18.681476042133681403
-17.194910552154681227
-15.967882129903955502
-14.947365965592325665
-14.030194524965622804
-13.091814029065119485
-12.084082039689349131
-11.073234958745274525
-10.186190221550305068
