7.065450788747085653
12.033210010403664114
18.378051149889110150
25.215907294626020985
31.977326107820083223
38.215311054734890206
42.485733724182622950
44.960211993895711657
46.752217620748766080
47.926862149281795666
48.265964175235708922
48.222400910105257310
47.834036596097845973
46.638585486658449497
44.448365389312812113
41.453884493462823002
38.102290153183304255
35.209001904040334807
32.883260012264912575
30.584614561823570966
28.211733591383733710
26.152712023781631956
24.356693917062287369
22.645683593413338031
21.155561685461520938
19.950322710583392904
18.845901157356436784
18.186292645102128063
18.097773179473335858
18.498903281734001780
18.914653461832486414
19.171268017107109927
19.433242496563707391
19.936712159892280738
20.365872658060851563
20.782925461433677583
21.641497016331555869
22.935843391582181994
23.990469014901236733
24.687744673659295813
25.301982304321114725
26.332535242569548473
27.724463155400144387
29.311667222464677707
30.657773434530099621
31.480769021796476181
31.993036475087905046
32.649926550490931731
33.472078204662665257
34.206181016124162397
34.941079104686366463
36.249852666832509840
37.880338938037908747
39.783540336209910038
41.530033875200189186
42.779092516009427527
43.165961347934739933
42.696275375390854379
42.004729497945646699
41.950289764039496276
42.068168640740225328
41.226110481722429313
38.096639615611280760
32.555481488719976824
25.611640159495863145
18.723262031225686997
12.636667079400183411
7.576583723419446414
3.404942420478391796
-0.120615113994091416
-3.252435361025874272
-6.176881457243922569
-8.950832306470005051
-11.447185217369167276
-13.295549787527079388
-14.257017787774884710
-14.568283800619127533
-14.910474592204934652
-16.102469707921642339
-18.594509983752971038
-21.824191032278832836
-24.448551558295321229
-25.646255025939069583
-25.734464796032398226
-25.343735213652450966
-25.020128168825067405
-25.018012749458989674
-25.196696583875450415
-25.290409318006709327
-25.255527044007465065
-25.289126689890338184
-25.455361417278197678
-25.735234598994225053
-26.038683988381251311
-26.304729983407639793
-26.508035367456216136
-26.613787256007867654
-26.734362354272604989
-27.042021204496165865
-27.521997800357439701
-27.934052388183658877
-28.044457669017674561
-27.740243102185218049
-27.108503289380507795
-26.471007841131040550
-26.129067038651726307
-26.195759249997934148
-26.482229106768102156
-26.614230667502738470
-26.350684740647068338
-25.761062310683939813
-25.162204481491642127
-24.942283182087578552
-25.297156845883648657
-26.156946343257402532
-27.446842569117393396
-29.101219302848903681
-30.985196488653855340
-32.974998159506810680
-35.006401125040042643
-37.031513143838481028
-38.940247514876091373
-40.517849726690485568
-41.474213167595166851
-41.745901548292522421
-41.549804004607324259
-40.942978555643378513
-39.938088522542159353
-38.618609337971463447
-37.046860701295827312
-35.308952630660769501
-33.539535406704260367
-31.774576965640505932
-29.928086881385581819
-27.962476998654267391
-25.915845190611491944
-23.830858821308993356
-21.751543244391996268
-19.726042958514767633
-17.820863655386233404
-16.117021083755446398
-14.668528357658260575
-13.475306523178687712
-12.480246656935946703
-11.573700790874340782
-10.622453578361103155
-9.572608749580979293
-8.491613401743109080
-7.514029121720113835
