7.428433888532055107
11.984153521000592946
17.942514105491504495
24.412310286735994680
30.778570536919005463
36.624387403823881471
40.586392504189603869
42.846833886689701387
44.522148748682063513
45.645274971019148325
45.999536402037108473
46.031237342138084045
45.735555305897463541
44.627275504468414624
42.520296718690524074
39.612321078367983773
36.356642314789731074
33.572567531217586634
31.371231855779370790
29.212399323671931484
26.993537167324532788
25.100439031164313519
23.479205242210596793
21.948400019678842909
20.640359415474861748
19.615650972805312335
18.687049686393791603
18.195737896650200582
18.265538326621907572
18.812882566598503331
19.360875592175460724
19.734100642512260038
20.095561253994276285
20.680061307986761676
21.170621502314489248
21.628377780484015602
22.505853503292598816
23.795875430086184110
24.820772557657562629
25.459537574490298084
25.981576345648647930
26.879777351542742281
28.091504272092265637
29.442369377032150624
30.487991286367702060
30.939716877873621570
31.005944754073425429
31.142082528517562423
31.374013041469879681
31.459218326819581080
31.502059955421231052
32.094376358196228693
33.005514242330576735
34.212129186525658042
35.316054657052802668
36.012599305025105423
35.974962310895620021
35.245519023937049496
34.491799323005267297
34.598665316265368119
35.116333059710314046
34.912745620739883634
32.643759446533067603
28.152337290963089345
22.401650710258394383
16.794869845837268940
12.017992391458278689
8.233444476039267101
5.242088152623693986
2.745200363259215237
0.442595460201772539
-1.887410179288252721
-4.320651121333668243
-6.729659629948827160
-8.723676006790270776
-10.026393390001146599
-10.826904640391802559
-11.757531642518870285
-13.595354418162884258
-16.760498445038479076
-20.672106766623244312
-23.976437213635279022
-25.843125197842681473
-26.576634097071007545
-26.788142546324820614
-26.997938227489612473
-27.431470467708265915
-27.921004327364755682
-28.180743898573439310
-28.157815481712248129
-28.052356460515511571
-27.943080053218920966
-27.834286504464955669
-27.664009583740835296
-27.400136191423825949
-27.043987860112849830
-26.584056714317341630
-26.153397683087689529
-25.944037638339693785
-25.961267380234232860
-25.984869221561893937
-25.799670771319540563
-25.308384361394246298
-24.609882453457259999
-24.032669769533185899
-23.878293928582024819
-24.252121245902003466
-24.948553612204761976
-25.567181901103424480
-25.832094989106849425
-25.771411179527433433
-25.657046126091188398
-25.831340667369033781
-26.445959228510162120
-27.392462691833941335
-28.569156355816517134
-29.901608321144180991
-31.268300391050331655
-32.580906275432255370
-33.828500116090594929
-35.027492369890808277
-36.135559955860287573
-37.002266588345833043
-37.392884442331478567
-37.286869863324682228
-36.930160373524756778
-36.395325591203913973
-35.697252521228676869
-34.905862729496448083
-34.047285524520816580
-33.142733000632972562
-32.244096910818541346
-31.313172191884802942
-30.209776590463377488
-28.857925198531631850
-27.274036050914673979
-25.499440076304438207
-23.601550733060321363
-21.679038039262536586
-19.855961497660246096
-18.253660969350335108
-16.943209436004053714
-15.925507492531437492
-15.138117938876746393
-14.465627839700516688
-13.769357188146386761
-12.988702184035389564
-12.182230601594994823
-11.474200629219012626
