5.312535553812452349
10.180891083667148678
16.452669991665004545
23.218895739434806558
29.888360408415763914
36.046574090151054293
40.319207586449302028
42.871778075621847393
44.796208585612930619
46.125685042651106471
46.702803904111249267
46.986556389399034117
46.901124216712155146
45.782558090036800991
43.484975767529427060
40.316174308123130743
36.758145551236971471
33.629855917282654332
31.038441036513532367
28.440304137794612416
25.731638207812352448
23.300327683912868793
21.099909138486992788
18.965193349694487779
17.059801998034387793
15.501046429860650733
14.192571795911135268
13.573473535203362417
13.794596328314256084
14.708034448535002525
15.767728399355434021
16.764457706729217534
17.824662014144891486
19.119605080553583321
20.258648310521166991
21.248160291329369898
22.546280517813713118
24.202686518722686060
25.594899107564387464
26.634253970471064576
27.603937664733848578
28.995879310095176606
30.730821726345055822
32.595888167160296689
34.072336097734449822
34.738218804551365793
34.609083117470873958
34.029344061235690333
33.175635175717218317
32.086965262014956579
31.126213603572409738
31.116401004796614416
32.028067712811150614
33.879675384225379275
36.053934854664618115
37.932883128376403192
38.963541359263388131
39.087711399835797010
38.947887620757086324
39.424616684564909974
40.064974003887982690
39.736093706430722250
37.100388631671989970
32.018317829197769697
25.483157705111750602
18.940725145011811037
13.130341465332094231
8.274929998270266651
4.238477524768086369
0.783135258395105893
-2.337395066521224862
-5.302292837347124532
-8.160158626868962983
-10.774465063066941184
-12.764549347238471455
-13.881352928208855246
-14.353057309046050705
-14.855461020342772827
-16.206267255666716665
-18.858581876739719974
-22.255467811155199342
-25.059396034561189026
-26.451220417619595082
-26.744340696217420827
-26.558439583555411900
-26.422321439118377384
-26.568607874704241567
-26.833377505562339138
-26.931133956090320680
-26.807269352740661361
-26.659167529966168786
-26.561887637602069390
-26.515003107866220944
-26.450612116906484061
-26.329425642680007513
-26.144419907686369697
-25.874728710013698674
-25.643261760761220103
-25.631413865056060786
-25.833756693711450225
-26.019778789454335310
-25.965017342134785849
-25.564429818916494241
-24.911041273304761035
-24.329588685146063654
-24.119965995928623670
-24.388036974724400352
-24.931081178036436086
-25.354509256383266802
-25.391948515135482012
-25.085278522532576062
-24.724045993834749879
-24.670677745205182418
-25.097145589970352830
-25.912862812114269673
-27.028833401255894842
-28.375864639571716452
-29.828351590657234738
-31.283536927309796738
-32.708546543505235604
-34.099865499464726781
-35.405485411662255046
-36.473368095171792902
-37.071833927134889564
-37.185552406074691589
-37.057294671914860373
-36.724164108432375997
-36.125976031653124210
-35.320369101305573167
-34.478309438733447223
-33.756335277118125759
-33.174751949101448645
-32.599380338436617421
-31.828832488947512047
-30.666534318286267080
-28.993500257776247508
-26.879350119748266934
-24.579855067169376071
-22.389778120755238433
-20.511126969042095425
-18.997207900731552854
-17.757278495370599103
-16.626888225017296463
-15.476164733670543683
-14.263453621434848628
-12.991594207306661701
-11.701717797789228825
-10.475239472307350752
-9.403166076965248976
