71.497851823125174064
76.559464034656016906
82.980594449081195307
89.863007315713971934
96.597639953924726797
102.758893812245617028
106.970947027680949759
109.375888882121060419
111.041360711309408771
111.979748482947982779
111.980874258817266309
111.517401049560817228
110.611162887648092124
108.793062299344612143
105.884349126392905305
102.088528839648944313
97.867667119247414576
94.053392469472456128
90.771861541911050608
87.499487687056785035
84.150814676876194653
81.127796941980577117
78.390387352126936094
75.767432069387012916
73.397060262324274049
71.340769210915524923
69.407694850434282330
67.931756977365012062
67.027288755343818138
66.600505250494904885
66.164777226428100221
65.536041101457129798
64.869609062494731688
64.392763910327019516
63.780003509361876013
63.081744691442366957
62.736738679824554765
62.720744962161475655
62.336266515127334742
61.441088262982390233
60.284215329901797986
59.341805432971113987
58.541416188745756699
57.708974441832509683
56.413088482122191181
54.392107212038098396
51.895212158713690087
49.430617927549775459
47.086175790141481912
44.687084056723108461
42.407547129461022450
40.907413049881910183
40.017361433399571524
39.762709691579942728
39.775110886326416448
39.756237229106545783
39.359970769993083195
38.583710798638577444
38.026871848377851393
38.489171434810458550
39.428840586629320342
39.627753570159825358
37.673642362913028592
33.367019052608497987
27.655625727096293076
21.949530308428848002
16.955861070468557728
12.864615004063495007
9.505939664354002616
6.610824608401202340
3.909524716918411968
1.210897286534958539
-1.533295762156456021
-4.176017181275483381
-6.320024927475174081
-7.697952125861633021
-8.521065865170498910
-9.450693257312309470
-11.291461754259387362
-14.482445953684589313
-18.449384247690204575
-21.833077220627274073
-23.789211260775005030
-24.604960724218585710
-24.875798683374796383
-25.111220993713175176
-25.531969365538657257
-25.970975009887524720
-26.146793951073163953
-26.013000617563420747
-25.777551630574862429
-25.528736864624136160
-25.283492839826976706
-24.997247576559232130
-24.661313278850172992
-24.306252653861179169
-23.953005523757610717
-23.765262423289414073
-23.957773121048774101
-24.545657639943613049
-25.303666931777456739
-25.998409065950568220
-26.505727829473073598
-26.894713436754955183
-27.466210736100492795
-28.499074348701412873
-30.081008142880648393
-31.991619833647348514
-33.815671718782539301
-35.260403408953607141
-36.334866477026366738
-37.290991922122373126
-38.452031259800889984
-39.952819921879211051
-41.670656709198453882
-43.491189063759634337
-45.327041118062027181
-47.041674928182771964
-48.529304730358433062
-49.761041238044128932
-50.739081051825564828
-51.416441899110111535
-51.653536167008155644
-51.246176490844902673
-50.224506092435206028
-48.901051703283997085
-47.422803148460502598
-45.877166204898514934
-44.395402838036886806
-43.046575524495494847
-41.872647234255452986
-40.924808118265104895
-40.147081940637406205
-39.368794225209796878
-38.470959933529741193
-37.408997822839921810
-36.139003660588059574
-34.626637149815280736
-32.877150919999792222
-30.952470314249978856
-28.953883676990130880
-26.974650187043494043
-25.071139693779116442
-23.254791753663198506
-21.486219717001574736
-19.691372680112692706
-17.856153403723340034
-16.068378423171793656
-14.468506691262689401
