37884.617528722774295602
37909.114565568335819989
37933.611602413897344377
37958.108639259451592807
37900.610500062917708419
37791.848659830960968975
37683.086819599004229531
37563.758982846025901381
37363.455927085909934249
37163.152871325801243074
36962.849815565685275942
36762.546759805569308810
36562.243704045453341678
36361.940648285337374546
36106.226282914576586336
35846.922139435497228988
35587.617995956417871639
35328.313852477338514291
35069.009708998259156942
34809.705565519179799594
34550.401422040100442246
34291.097278561021084897
34049.126939629008120392
33824.611426577714155428
33600.095913526420190465
33375.580400475126225501
33151.064887423832260538
32926.549374372538295574
32702.033861321247968590
32494.522292437628493644
32328.116676883219042793
32161.711061328813229920
31995.305445774407417048
31828.899830219997966196
31666.535893919659429230
31527.864547624318220187
31389.193201328980649123
31250.521855033639440080
31111.850508738301869016
30973.179162442960659973
30834.507816147619450931
30581.316313528815953759
30324.517524091621453408
30067.718734654430591036
29810.919945217236090684
29554.121155780045228312
29170.723626023394899676
28605.766289264305669349
28040.808952505212801043
27475.851615746123570716
26755.183078295136510860
25969.378782620467973175
25183.574486945795797510
24397.770191271123621846
23636.107167021193163237
22891.390677655843319371
22146.674188290482561570
21401.957698925121803768
20906.329094568300206447
20495.014267992293753196
20284.490342339959170204
20158.425482074413594091
20158.279298899215064012
20389.398209392122225836
20729.224308627239224734
21114.422492780464381212
21499.620676933693175670
21884.818861086918332148
22223.803983243557013338
22562.778385300633090083
22901.752787357705528848
22971.838817614665458677
23015.861467231206916040
23059.884116847744735423
23103.906766464286192786
23138.027898478365386836
23165.218358538499160204
23192.408818598629295593
23209.770124414211750263
23125.726884232764859917
23041.683644051317969570
22804.759081252508622129
22535.120352347152220318
22197.450296311835700180
21735.212475323660328286
21272.974654335488594370
20854.276882710742938798
20484.486625922094390262
20267.129422300000442192
20267.129422300000442192
20370.547759634933754569
20555.442888029261666816
20802.041193219309207052
21110.199740543179359520
21409.090909089998604031
21409.090909089998604031
21409.090909089998604031
21524.047817682458116906
21729.486849231710948516
21953.073523625222151168
22184.192434116914228071
22265.562024179998843465
22265.562024179998843465
22265.562024179998843465
22265.562024179998843465
22265.562024179998843465
22001.856880780531355413
21625.933547929365886375
21026.868694586843048455
20975.508936700880440185
20843.688171615911414847
20339.428730540472315624
19835.169289465044130338
19298.937467297673720168
18759.660009482919122092
18400.580996140037314035
18269.082744006682332838
18546.425436600598914083
18823.768129194519133307
19072.062682009076524992
19318.589519864945032168
19565.116357720806263387
19670.688227743583411211
19752.259607918265828630
19833.830988092948246049
19878.669955699475394795
19856.658630891186476219
19834.647306082897557644
19812.635981274608639069
19787.702867852985946229
19672.143412603491015034
19370.098647233353403863
18769.189479953005502466
18113.116732808077358641
17409.871890441016148543
17383.782234300259005977
17357.692578159498225432
17331.602922018737444887
17305.513265877976664342
17279.423609737219521776
17253.333953596458741231
17227.244297455697960686
17201.154641314940818120
17175.064985174180037575
17148.975329033419257030
17122.885672892658476485
17096.796016751901333919
17070.706360611140553374
17044.616704470379772829
