85.343061936672313550
13.214986224368683310
13.163109157621924794
9.945263382921485373
7.989458062637005753
7.740261312169771202
7.700136551375511118
7.695166299463016557
7.688371871925777867
7.680007660442097261
7.670997934845108723
7.647126996215796169
7.638607467123343042
7.630747577659965586
7.623912327971305913
7.618566875656354931
7.613973830461866044
7.608878537678312348
7.601830548081474959
7.592106266077541576
7.580752420605216813
7.569109538919873259
7.551830962675818881
7.406726976741936141
7.390778024587159933
7.282522743861727932
7.166901577560762959
7.070881979162596309
7.001606452952604087
6.949290153073626186
6.911507019849954858
6.868086282791609598
6.843269674368910316
6.839338697103070963
6.838052426901879421
6.836853753815567813
