1878.236326350755916792
1740.783138177773707866
1546.421180269112028327
1302.165959477201340633
1398.943463035115200910
1516.827450281954725142
1680.125716723876621472
1891.172683234066653313
2136.538064554690663499
2399.303125044360513130
3290.718637874167143309
4191.636061078357670340
5106.113146928445530648
6036.028177525377941492
6980.322678348180488683
7935.846786933260773367
8898.338666661302340799
9863.195315967446731520
10826.123968334290111670
11783.707233879755222006
12733.846798875511012739
12838.317879371454182547
12934.638973326580526191
13024.110299684483834426
13109.425121979082177859
13194.294904540116476710
13282.786610242406823090
13378.485491058307161438
13483.695538658848818159
13598.879740722266433295
13722.460848648188402876
13850.984656402735708980
13979.600443482371701975
14102.714438694365526317
14214.658619205143622821
14310.279775557706670952
14385.382733983115031151
14436.971829013509704964
14463.324824036257268745
14463.951830196965602227
14439.426263422381452983
14391.153870162541352329
14321.149989882898807991
13886.298979299042912317
13434.696682527717712219
12969.293054920859503909
12493.437448036087516812
12010.822054254849717836
11525.445084515686176019
11041.644581111706429510
10564.207696766332446714
10098.475351289598620497
9650.303154049639488221
9225.724477741399823572
8830.315556129695323762
8468.395347953781310935
8142.378054960789995675
7852.485443581560502935
7596.785186979259378859
7371.394254956078839314
7362.414936179444339359
7372.160422005029431602
7395.531118442255319678
7429.764317096369268256
7474.817208558512902528
7532.689982031416548125
7606.286245747105567716
7698.416628244716775953
7811.077410631625753012
7944.908930583452274732
8098.761476422721898416
8269.387238107376106200
8451.348687399207847193
8637.241326703562663170
8818.282279233697408927
8985.233267972398607526
9129.491777504696074175
9244.229527847057397594
9325.427384338090632809
9372.516775380141552887
9388.338737872363708448
9378.299788863103458425
9349.162610173003486125
9308.191405652753019240
9262.790516193332223338
9220.360835639159631683
9188.253531592910803738
9173.573710886110347928
9182.714851387558155693
9220.712427285181547632
9121.681392388120002579
9055.720728102109205793
9021.597729582585088792
9016.069729608252600883
9034.585202642094373005
9071.955963892331055831
9122.758595390370828682
9181.391883594731552876
9241.857900317889288999
9297.521667554668965749
9341.122588023741627694
9365.173596249145703041
9362.719307578416191973
9328.296613082473413670
9258.868122936159124947
9154.562351998101803474
9018.867854504585920949
8858.155424177761233295
8680.583411147255901597
8494.765932727379549760
8308.633989792755528470
8128.704343734832946211
7959.823146600216205115
7614.105502193738175265
7285.134036014595949382
6974.337433322762990429
6682.287869222746849118
6408.734107074127678061
6152.744481989813721157
5913.025836128734226804
5688.339208350126682490
5477.784126973850106879
5280.721555978660035180
5096.275686441445941455
4922.662084850644532708
4756.631516647670650855
4593.163112538778477756
4425.670025562474620529
4246.418707522845579660
4009.346082685494820907
3743.632376473070053180
3441.490169849935682578
3097.088479562829434144
2708.158772629325085290
2277.812547828496008151
1816.103560930478806767
1340.600739390695935072
884.051365559772989400
498.040767455649586282
226.719182552575290401
86.832267241265526536
41.942927372039093825
40.187997800986167363
62.052823134670077820
103.109203362281448335
157.493138610054927540
217.822421444560944792
276.376923367059589509
326.000885602390781060
3734.528194867507409072
3880.102833015260785032
4030.619189071380333189
4185.281069085172930500
4343.184629154873618972
4503.362992420182308706
4664.839430205032840604
4826.683542749967273267
4988.064543279933786835
5148.296687503570865374
5306.873657357303272875
5463.490613408128410811
5618.053953097924022586
5770.679280817317703622
5921.677849707560199022
6071.531314320341152779
6220.854631271808102611
6370.347718249393437873
6520.738129200652110740
6672.719227049533401441
6826.890710840976680629
6983.710284852896620578
7143.466137826109843445
7306.279153050504646671
7472.140995331787053146
7640.989349365431735350
7812.815103656689643685
7987.789289265413572139
8166.391698977893611300
8349.520018125174829038
8538.559220298451691633
8735.396095680936923600
8942.372079068298262428
9162.177094263714025146
9397.695766669939985150
9651.823319748431458720
9927.270967781594663393
10226.379722323443274945
10550.958029237659502542
10902.153600634588656249
11280.364243445574174984
11685.187311692961884546
12115.403329024686172488
12568.986881408070985344
13043.137291741419176105
13534.322697436977250618
14038.333355307122474187
14550.342603219254669966
15064.976740245518158190
15576.398787909907696303
16078.416397127999516670
16564.630073950644145953
17028.640105860529729398
17464.322808376065950142
17866.165684128129214514
18229.621960062733705854
18551.421121331382892095
18829.766602743999101222
19064.367542175463313470
19256.280601884649513522
19407.572651538455829723
19572.329642556014732691
19701.683920025334373349
19797.890697255374107044
19862.605079298980854219
19896.889311641574749956
19901.469949445428937906
19877.173036603850050597
19825.432104974061076064
19748.762953337136423215
19651.115016040388582041
19538.029338406344322721
19416.556481619183614384
19294.918129530738951871
19181.934750829288532259
19086.283201161862962181
19015.683094102925679181
18976.129063075833983021
18971.281276713081751950
19002.098724975217919564
19066.754783315798704280
19160.822073322971846210
19277.666028726209333399
19408.958346456343861064
19545.225625008115457604
19676.387061030131008010
19955.145790738355572103
20208.655455739462922793
20427.802497900254820706
20605.116737837892287644
20735.513265933415823383
20816.829229465740354499
20849.995529021787660895
20838.802431480078666937
20789.369830770545377163
20709.524593665166321443
20608.267648448338150047
20495.404658374071004800
20381.288097843233117601
20276.544411572012904799
20191.666246593518735608
20136.419432388116547372
20119.104974241916352184
20145.787378660766989924
20219.631997151253017364
20340.487178171388222836
20504.813041591383807827
20706.005906492689973675
20935.098007434338796884
21181.730902432736911578
21435.227368996009317925
21685.555574070593138458
21924.020486430545133771
22143.623254652997275116
22339.144960588211688446
22507.069567105016176356
22645.437624815342132933
22753.657703275264793774
22832.264942869518563384
22882.640738444941234775
22906.766809568100143224
22907.116781986445857910
22886.745492666897916934
22849.536516904023301322
22800.476101689237111714
22745.797386477861437015
22692.891502235568623291
22649.967554297043534461
22625.507054174348013476
22627.577794525164790684
22663.062903389094572049
22736.852425640390720218
22851.057361778905033134
23004.342569367276155390
23182.991939344734419137
23386.530579855199903250
23602.854447566925955471
23818.202600390228326432
24019.592712768953788327
24196.332643940691923490
24341.599558031182823470
24453.057307827319164062
24532.374458172496815678
24583.968316044585662894
24613.552934102473955136
24626.977146991284826072
24629.531871495175437303
24625.632515221121138893
24618.699187572678056313
1248.505549872774281539
