1587.997391439811735836
1503.877481417512399275
1378.526399311714385476
1220.292019077955501416
1256.964625834783419123
1331.341771178172393775
1466.280068695508361998
1661.298950389077845102
1898.896730732377591266
2157.599821500828056742
2561.181244242590764770
2969.975494220806012891
3386.912108479180915310
3814.037029353572052059
4250.158133811575680738
4691.361321976663930400
5132.207823695167462574
5566.427812413175161055
5987.297537110407574801
6388.224797957458577002
6763.673304500807716977
7110.255121894540934591
7427.758331516133694095
7719.863202574956630997
7994.133902200049305975
8261.010317908465367509
8531.969233213294501184
8817.312506842798029538
9124.266485027659655316
9455.968303249888776918
9811.498341995935334126
10186.708797915785908117
10575.501884789073301363
10971.160418374278378906
11367.447789725662005367
11759.360070442917276523
12143.505515776179890963
12518.122052959579377784
12882.843825882324381382
13238.329482238052150933
13585.819249871052306844
13926.742171250747560407
14262.453705621472181519
14131.131735159842719440
13996.674033547498765984
13859.833167203350967611
13721.202978460483791423
13581.255234597263552132
13440.420911434917798033
13299.219483270058844937
13158.405500829718221212
13019.062014711977099068
12882.577090966504329117
12750.489352087643055711
12624.236627447819046210
12504.872954750846474781
12392.836609485315420898
12287.821571546179256984
12188.771853482790902490
12093.996437547290042858
12001.396116132129463949
11908.796846617091432563
11814.390301786044801702
11717.173220318549283547
11617.180929865755388164
11515.414123367521824548
11413.546515011255905847
11313.583851715655328007
11217.539047201566063450
11127.129762935403050506
11043.490443090613553068
10966.908864348515635356
10896.627184431448768009
10830.772219296299226698
10766.479575945733813569
10700.249870587449549930
10628.489381016432162141
10548.176854358032869641
10457.551366853365834686
10356.594659455538931070
10247.043748855219746474
10131.824048100716026966
10014.220235624201450264
9897.249829449212484178
9783.339479949960150407
9674.300163580985099543
9571.517251085389943910
9476.135548394047873444
9389.058434357450096286
9310.744748248913310817
9252.073683124413946643
9200.792854253890254768
9155.095759574071053066
9112.935403356405004160
9072.589031918190812576
9033.098399296237403178
8994.387141221446654527
8956.966336913001214270
8921.316127880725616706
8887.155957586208387511
8852.932496363077007118
8815.807989508000900969
8772.194918436071020551
8718.690530291209142888
8653.116517127516999608
8575.354954683885807754
8487.605733732238149969
8393.902476129160277196
8299.026299087483494077
8207.285678317179190344
8121.620580897693798761
8043.238438026233779965
7971.790162814585528395
7738.645035555367030611
7509.313419812516258389
7281.957383482121258567
7054.866355972558267240
6826.552043078027963929
6595.870692347104522923
6362.261446174116827024
6126.047845802513620583
5888.625064185495830316
5652.332862424376799027
5419.953948284241050715
5193.998364218720780627
4976.041844735104859865
4766.191413913830729143
4562.942082459287121310
4363.232395024376273795
4358.515334648227508296
4347.264807161080170772
4323.679262799820207874
4282.835515115350062842
4221.989607819898992602
4141.709075903238044702
4046.376979176091936097
3943.687784569560790260
3845.130338626365755772
3768.049251729663865262
3723.021675802088338969
3710.902040806774493831
3723.933468746118251147
3750.181593056696328858
3778.594872734434375161
3802.243102732050374470
3818.924954895693645085
3829.696704424499330344
3836.722148216458663228
3841.746066750980389770
3883.013377661233334948
4206.720413467635808047
4520.641664035801113641
4818.252259977874018659
5092.838973101826923084
5338.043917598592088325
5548.492169438326527597
5720.413178431173946592
5852.152836165839289606
5944.490582233767781872
6000.718514773602692003
6026.488552639381850895
6029.469520975280829589
6018.869199155120440992
6004.871373638025033870
5998.025759366429156216
6008.618209766569634667
6046.043183047730053659
6118.198873952090252715
6230.926341772367777594
6387.517051691159394977
6588.319870529438048834
6830.489969464793830412
7107.937578183802543208
7411.548929962051261100
7729.754700512968156545
8049.497267106356048316
8357.583027652055534418
8642.299122095506390906
8895.051230252800451126
9111.695643387211021036
9293.253616947013142635
9445.829830681190287578
9579.764306139753898606
9708.238142581911233719
9845.650759271016795537
10006.070542443452723091
10201.968584308253412019
10443.332745946545401239
10737.168399073389082332
11087.337871075929797371
11494.667587761472532293
11957.246937961308503873
12470.844579821257866570
13029.369680438281648094
13625.306677916778426152
14250.053817622892893269
14894.101164008829073282
15546.999301281697626109
16197.109852472254715394
16831.213522573281807126
17434.187644304984132759
17989.111370393078686902
18478.201136902938742423
18884.786487415847659577
19196.081512365974049317
19405.992753112415812211
19516.970892786117474316
19540.135073818368255161
19493.433669322250352707
19398.204279104036686476
19602.361955916887382045
19796.040550976631493540
19990.399645326859172201
20187.754362138864962617
20380.768020350242295535
20553.517453961347200675
20684.353134224926179741
20750.234698188338370528
20731.947780276113917353
20619.267825780178100104
20414.816228754647454480
20135.336529398733546259
19809.709848126032738946
19474.139379960128280800
19165.944845756996073760
18917.675917121046950342
18752.727449395792064024
18682.839517405944206985
18707.325349778217059793
18813.739056162827182561
18979.782336000243958551
19176.270874553145404207
19370.777870190242538229
19531.262930720531585393
19628.947785192427545553
20319.934419225053716218
20900.377873386725696037
21351.976346568273584126
21664.743443722276424523
21839.527238401446084026
21888.771764624339994043
21833.921422026392974658
21699.927936510342988186
21509.406455315544008045
21279.217497451041708700
21020.754466549187782221
20743.302258377272664802
20458.493114036573388148
20183.546330170553119387
19941.721397446850460256
19759.835443437605135841
19663.930640286271227524
19674.555212039827893022
19802.726939092328393599
20047.080806100319023244
20392.463597015590494266
20810.412411936482385499
21262.221730769826535834
21705.064262949541443959
22100.378094883912126534
22421.882055317888443824
22659.857388743330375291
22820.122679080832313048
22919.160023065360292094
22978.308650535414926708
23019.003447220391535666
23059.354250138771021739
23111.539965647581993835
23179.703402257509878837
23258.650080405386688653
23334.113685894430091139
23385.360102303449821193
23390.308118516299145995
23332.216122084169910522
23205.905229059477278497
23021.364228826980252052
22803.672165891250187997
22589.651384885040897643
22422.549900608384632505
22346.133536866938811727
22399.148321035070694052
22610.493996299021091545
22994.869056620980700245
23273.570688637217244832
23689.234022016244125552
24187.643285482772625983
24696.535510853940650122
25142.101430937113036634
25465.060977475495747058
25639.370404968034563353
25677.725849033206031891
25619.574013409353938187
25510.968348956823319895
25388.889091115583141800
25275.289461883574404055
25178.846573270973749459
25100.009775856717169518
25035.821595188677747501
906.619109357729485055
