40.554374212870364147
40.878767753428263632
41.175405844010413148
41.429813878917613579
41.584406278848923932
41.662179018077090120
41.668111538366765956
41.577393035306656088
41.331233453425817004
40.678568206874857083
38.825212981278539814
36.236942703213181005
33.235360141062443518
30.135436762995709614
27.051393467496382073
24.012889381668770739
21.008976503442781336
18.010309619172531370
15.070032284520493704
12.235815227679537998
9.530443020683307509
6.965860639678680855
4.546789479829783431
2.265257645481213444
0.092466508492535127
-1.968387241417147493
-3.778710513909814495
-5.138435112775582070
-5.867341629207402320
-5.857141091799547894
-5.044620619746211787
-3.512533133384692974
-1.571428722917261211
0.415787712142559940
2.171383234796024908
3.596552340445839491
5.065973838662785056
7.460307803464417020
11.114571553530367964
15.288248881022525438
19.356749837155575733
23.134626205224947171
26.678405552267491885
30.064013103491504353
33.224415839418185215
35.940584218038566178
37.885704177064326359
38.825827587782214323
38.899398681765291030
38.468265130913664507
37.838396370609643782
37.210845923326814955
36.742118162427942707
36.576996528833745970
36.832581577214028812
37.557862184919088122
38.673169205774144075
39.916404943146176265
40.984419612352525064
41.755862485540120588
42.166195017373780729
41.748226204961383701
39.763770626772043215
36.591493823408910657
31.408387567592200185
25.589650179914769978
19.173737166763856976
12.169829485636540767
5.756657381603247359
1.002355272757370130
-2.499883619653132882
-5.651109399581343951
-8.621172898330883072
-11.342767492531947937
-13.842074003709058161
-16.160632567388461212
-18.402115881023462407
-20.592688688480905057
-22.667403955804445559
-24.496020243413397566
-25.788782490935091118
-26.226312864098531463
-26.183494124973776707
-25.977187443689217616
-25.741554124412630244
-25.546821446538558575
-25.437920396765264286
-25.446012453397372610
-25.591003261070682129
-25.882119091199456307
-26.319130372867505230
-26.894473682508987622
-27.594265360121312369
-28.393250371919407371
-29.242961945623051179
-30.071065724571326427
-30.807209007361279873
-31.407626133940311774
-31.853963355008488634
-32.146113893579581600
-32.294202068530296401
-32.315612954791959055
-32.233598693991780237
-32.062181909810874458
-31.798282225328705408
-31.441049731121381683
-31.025283823979350473
-30.637820272147564538
-30.330400617389159379
-30.028479255731326703
-29.686469043660963507
-29.311485534751113846
-28.927917179257008229
-28.551867897031684151
-28.163549721197057352
-27.745640892830238045
-27.392076694969318851
-27.187932057107616401
-27.178165141402132576
-27.403133286472893815
-27.941195342184130368
-28.867759860075466349
-30.050930269068203415
-31.226787289680260074
-32.191640357407095507
-32.827289151133015821
-33.087698861006856532
-32.979449236095490505
-32.426560753301998830
-31.170428130974869418
-29.099608161018181818
-26.566903008950248477
-24.004769418814703386
-21.683650652871165221
-19.819818891852662546
-18.555668538342047214
-17.801707532838520365
-17.269932176958491254
-16.667974921793074827
-15.853388173082407775
-14.866995932652685042
-13.872546189950412554
-13.053548931025432012
-12.499697757036585699
-12.156150711134159792
-11.894770935342478424
-11.620142936887077667
-11.305767867356109946
-10.967659905130631159
