65.383737370487068574
52.458762089971827436
46.605384827904927647
43.206053899877367996
40.955099107449356666
39.320466097362896107
38.055747454276044550
37.042722924242937665
36.204574222891402258
35.500887270105380367
34.887952689952548724
34.352273788333960169
33.882354055015397876
33.467412013746795196
33.097583219141156974
32.765064634214134287
32.464688655632095049
32.192222809485045332
31.943721814966849593
31.715915616543121303
31.506108734477898281
31.328098845306996623
31.132876412593194715
30.964101342907238035
30.808446124271100075
30.659356333937672900
30.521198884792152484
30.390771891997584220
30.267688887012887733
30.152235296795467434
30.040498480523808666
29.935426811881331588
29.837162262474119956
29.742098891233549551
29.648534096705365215
29.562566107859005626
29.477723277148534464
29.397434306044466723
29.321494264938692709
29.246141834088405176
29.174880518881995073
29.106358271942021076
29.040011410242335899
28.976231710686896292
28.914373721969440112
28.854695975346004388
28.796972893171549401
28.741067558699192830
28.687077283627090196
28.634612280723182209
28.583768585206712487
