2421.669048803174518980
2233.174915911567040894
1897.957578749256299488
1423.464816381361288222
1454.288711174483751165
1456.865230173961890614
1475.217150260716152843
1546.709247901296066630
1689.264141097475658171
1902.075932376232003662
1813.298620176377198732
1810.187611780659381111
1906.491854351396341372
2107.306650338882263895
2412.809749365045718150
2817.500083663144778257
3309.723235519440095231
3876.018263698606006074
4498.529670484835151001
5156.430099336794228293
5831.122315513428475242
6508.326610820025962312
7176.635979172544466564
7829.060964745866840531
8463.799295424978481606
9081.372704867037100485
9681.998544170381137519
10267.896965797581287916
10838.982566116223097197
11387.994875236241568928
11907.705738087757708854
12390.289589250874996651
12829.063642265828093514
13219.641279351622870308
13556.193798443793639308
13837.631867876063552103
14064.417111186841793824
14235.430468755697802408
14350.780097466673396411
14413.762549816383398138
14429.961843716017028783
14406.606217595926864306
14349.663773169359046733
13977.206125038361278712
13582.279267796562635340
13171.165268175815072027
12752.520661863127315883
12336.611979446672194172
11932.917138096237977152
11550.524947589041403262
11200.204728594480911852
10895.337832621007692069
10646.355766392420264310
10446.413334620910973172
10317.924723266647561104
10264.928650134763302049
10305.049763011820687097
10425.558453184799873270
10620.590285213458628277
10888.145068851614269079
11219.854865309871456702
11040.079284877872851212
10904.667801893438081606
10807.086335149981096038
10743.080992394074201002
10711.117601632868172601
10707.405975191919424105
10727.116096524992826744
10764.147176054659212241
10812.367664626370242331
10865.514999626337157679
10917.376331014556853916
10962.084508856187312631
10994.061344934409135021
11010.203058819015495828
11007.141219869339693105
10978.557496936675306642
10915.972835652988578659
10811.333117252588635893
10659.227911978028714657
10462.682478506052575540
10234.916966029051764053
9987.479207181744641275
9719.162691094772526412
9431.073364288036827929
9125.481436381820458337
9148.367760102932152222
9167.164851325142080896
9191.276737704987681354
9226.979412037808288005
9119.221218236252752831
9027.815482222193168127
8953.522329586752675823
8896.754626372248822008
8856.078925530997366877
8828.725087265695037786
8813.390558016979412059
8806.367705110074894037
8802.622447626630673767
8797.974047749279634445
8789.999386115674496978
8774.871894612302639871
8748.540362073026699363
8707.446189120790222660
8646.692175533929912490
8565.342210938204516424
8465.648819875765184406
8354.463252916597411968
8241.847936645703157410
8136.735319355764659122
8044.774966530177152890
7969.257555919624792296
7911.124584102995868307
7582.986992439986352110
7277.544132118035122403
6995.838356772166662267
6737.062967686524643796
6500.738379809134130483
6284.479660175732533389
6084.150067619287256093
5893.460536201082504704
5709.237179093026497867
5526.649747361886511499
5344.660083735415355477
5161.159805320033228782
4962.581910391021665419
4746.610081544858076086
4514.551642340060425340
4224.842302814913637121
3817.940440829738236062
3373.544233382404399890
2873.182012688347640506
2289.018858028844533692
1651.583862678568948468
1370.689918151195797691
1033.444469862577761887
689.383225898987802793
332.325580417174535341
78.195881986286551069
1.211125615961743618
0.228741836907055324
0.251588001078701107
0.115388105192359855
0.058997907344162798
0.045254954944659323
0.102096618109475054
0.378133064528422824
1.498198232980977984
64.688098500922379230
5458.050723474284495751
4986.478605924092335044
4503.185970730747612834
4027.831232687803549197
3598.948130247780682112
3182.628470951795407018
3048.073471471950142586
3066.766346047950264619
3074.575649374351087317
3117.632080155015955825
3234.197899354276160011
3351.947372227146388468
3471.821160458291160467
3692.820437823709198710
4015.706990331593260635
4389.768204502613116347
4795.286905044901686779
5175.858675225140359544
5523.665992149517478538
5879.241869140818380401
6250.018693447442274191
6606.176216811070844415
6952.548314945147467370
7304.086428424015139171
7651.680878444793961535
7993.253526592980051646
8349.990625070211535785
8668.050306221441132948
8899.358233955928881187
9116.129459383329958655
9346.936372128349830746
9614.095291074159831624
9914.392098835372962640
10209.766066551470430568
10530.802771786449739011
10834.916649390175734879
11085.473287363016424933
11323.555903030599438353
11596.922770969436896848
11911.340375377074451535
12246.624518077973334584
12563.509349243024189491
12866.297193693259032443
13152.749447703659825493
13465.395967252323316643
13824.491236590152766439
14212.705357745902801980
14590.208017012548225466
14951.117949063556807232
15312.721144001103311894
15662.322937355054818909
15931.393189525968409725
16132.624308557464246405
16699.826621154341410147
17272.450219275156996446
17876.487040832133061485
18114.344800257957103895
18299.039591536122316029
18499.039944728268892504
18616.979746363038429990
18679.943706658443261404
18654.271691061654564692
18770.867375966194231296
19054.829868026699841721
19447.692954413727420615
19817.222049923682789085
20099.492048595813685097
20271.957837254729383858
20355.471501185886154417
20376.814906219271506416
20365.753537915054039331
20347.318900045880582184
20334.168983120369375683
20330.286969363583921222
20281.387928362641105196
20140.756616093942284351
19930.923681241743906867
19731.898203848497360013
19642.147102495462604566
19754.715622985549998702
20036.372044005325733451
20267.478319685444148490
20279.073017148290091427
20195.410898564463423099
20088.219901894157374045
20019.810400529648177326
20099.765517166091740364
20211.567063307498756330
20286.821988851177593460
20307.783896424632985145
20342.548267006532114465
20379.453378832262387732
20428.229729005757690175
20466.846531383042020025
20491.372550992455217056
20515.943221708072087495
20510.871993478373042308
20500.825804915468324907
20532.346291993420891231
20613.870675206879241159
20694.070283980032399995
20747.469326206370169530
20758.803518097935011610
20723.135491908436961239
20710.202945403067133157
20755.251464958902943181
20885.520323487024143105
21074.124581106087134685
21244.905208318239601795
21348.205019489087135298
21394.813950435775041115
21424.175875969005574007
21500.374490500355022959
21644.744250370309600839
21806.465967258754972136
21982.827021048618917121
22185.750185553140909178
22383.675767935099429451
22561.325124377901374828
22724.406805136914044851
22919.829353463355801068
23114.198636530687508639
23317.653306149586569518
23446.876715077039989410
23436.031210215332976077
23478.366905783663241891
23472.438863848641631193
23208.227970149713655701
23495.546333049260283588
23643.806734130761469714
23497.162735712361609330
23302.749133710130990949
23573.249066571232106071
23526.272336064608680317
23483.908781935882871039
23697.630888849929760909
23593.274011064884689404
23873.356629835478088353
24021.644802922539383871
24040.970783287615631707
24028.057079973699728725
24016.826881319218955468
24069.893565799793577753
24254.986204618635383667
24480.397171773049194599
24593.164885582998977043
24629.473276199514657492
24593.926962146757432492
24568.927939286339096725
1048.767711858149823456
