65.342573335412041047
70.758275109160180705
77.648240384666578962
85.066892672512722129
92.377529835051788609
99.086062383558001443
103.656385464937443430
106.236246631580087296
107.986620120442438520
108.920932235050855752
108.822294573308681720
108.215899845230367760
107.123907475772710995
105.040176561615538731
101.820708350602416203
97.719589575162586925
93.202052029286150514
89.074221358034861851
85.460375310940278837
81.858692042488470975
78.188532600082069735
74.838119413956647463
71.770528773566809377
68.823093779740275977
66.131680877424699361
63.760617080615176633
61.535524610219681563
59.788809349386028202
58.631118104168365335
57.957922231365017751
57.286574646801327049
56.431711737757041192
55.542005571114714257
54.842552381037450004
54.029617056424086741
53.159257729252630043
52.653088577221126343
52.480153326730572871
51.961659315771470347
50.955703884623744671
49.698639406838168497
48.646402841360952607
47.727752706470852218
46.774132852383047521
45.369773094778196310
43.262433627884689713
40.691335902852614481
38.144480574784495275
35.704278057907089305
33.198126820924301228
30.785196518188286063
29.086636299930319183
27.925761563171391799
27.334514652815045110
27.002909903919061207
26.699884252473879087
26.126786145618552837
25.282024061366939804
24.722218017792073397
25.193508260518171937
26.156069987283927958
26.424658051880555831
24.631303136893194505
20.577805622325286095
15.171840093179326914
9.767345540922633518
5.042881006287700529
1.180042258066748673
-1.985374272653388061
-4.712554776859008143
-7.260903221317590805
-9.813668906845833817
-12.416127945419987100
-14.925337685865713411
-16.957487335852590604
-18.253786991658529359
-19.016181261004533098
-19.879951234600468979
-21.618586695847568535
-24.654153424219941826
-28.433963594677038600
-31.650257590134515340
-33.490784269148832664
-34.232109291138385743
-34.447703335104392863
-34.628600151341629498
-34.988011152580440921
-35.365607474462592563
-35.490588786262037502
-35.318176525249839415
-35.048463574849279212
-34.766571786417500789
-34.489137791253256182
-34.173808013274879158
-33.812966830998391288
-33.436958789330674335
-33.066971084369470191
-32.861456521893160243
-33.027696344682397012
-33.580423489161375983
-34.302544966879906951
-34.968619127179579209
-35.457946726909824520
-35.835618858144300702
-36.389780031276131922
-37.387637649642840643
-38.912740717650990518
-40.752389002631673520
-42.506464721087183989
-43.892628796572353167
-44.918835986307271924
-45.826698290742228892
-46.926546620909732610
-48.347663883933307716
-49.971876407506385931
-51.689392870777169264
-53.416684753216770787
-55.023193095237047601
-56.408194586070862897
-57.544826594046639912
-58.434909787116509960
-59.030977587764652981
-59.195297403349911747
-58.727827451840994399
-57.654607276166473184
-56.275665334994528166
-54.737348558094709006
-53.135163476002276184
-51.599240978380521483
-50.179453228220381789
-48.901984394687247004
-47.825451729450719540
-46.914097386060063855
-46.015969732898952316
-45.034779793057225561
-43.944341972060556145
-42.692271661163260887
-41.210385547712235166
-39.468159813285240034
-37.509350026832009917
-35.439936181453674635
-33.374752508917879368
-31.396044465782154020
-29.530303791904316313
-27.735439129458711705
-25.925770045894694249
-24.077477711332790022
-22.274303482006928334
-20.657249074455819482
