54.156025424660896306
18.173352238400088510
16.560570368973589694
16.349020871363059371
16.332059344239524989
16.313104700213756360
16.287754898615609989
16.251200561867371164
16.191996954254278762
16.133180593178749973
16.079044952444270677
16.030781082530626946
15.988216943232259837
15.950875415294476056
15.918177580857779674
15.889543280941568426
15.864431347706432263
15.842354398719557196
15.812465017256000621
15.694438574058938940
15.532673521503284064
15.512473070171104439
15.499958316520004331
15.491307090418406034
15.479927656356650800
15.475270557563963081
15.472588394979483795
15.470626133155461090
15.469139289481663724
15.467980453410305586
