90.410993427876235273
26.490281608828212256
20.574106266737096860
19.478005055934076495
19.268400476668929855
19.070613636850783479
18.997079554711667981
18.972158563033701739
18.958768522266947087
18.909689955566033603
18.861883339566659856
18.822731909886606161
18.816629231075133077
18.812346501354916484
18.807843770739076206
18.802306929507452082
18.795449983708547137
18.787843964601869118
18.780256669612782616
18.772896111258965846
18.754415953079764279
18.688374714989805625
18.676074134491784662
18.666244894325636494
18.663959935831343273
18.662507760407326174
18.661057021299175318
18.659909206124972059
18.648522059071360957
18.645203226862690826
18.641850055775613271
18.639817885705987521
18.636811320760099164
18.632149952695215234
18.625497799962836609
18.617482125979819330
18.608421163051747982
18.580228844580751968
18.505863900655874943
18.479366502985474341
18.471771376402983833
18.467813320596633275
18.466270336413728614
18.464510396350252819
