80.730769554679810085
85.261247422832170173
90.979125545757185023
97.057179280519036979
102.927805132098910690
108.268140955392382807
111.942789371643470986
114.085352257971521794
115.623471597663183275
116.567972854774581037
116.718743787130250666
116.469652856140029940
115.842046005417415699
114.422390905879353795
111.979810290045222132
108.641937736453257912
104.866089754203628104
101.522149136608973663
98.739090888489698727
95.960681153927538389
93.094237791965568363
90.562313234065783263
88.320175219987049786
86.183939503827701856
84.295129339639416344
82.710997406450360359
81.215950210811072907
80.146178419294486162
79.621544732139611256
79.564379779232723422
79.482081095743353671
79.192535146997670381
78.861014299525777460
78.718081204322672306
78.405583188802751238
77.965475134661801349
77.862213833713781241
78.081632415257686830
77.898177314103861590
77.169164830528302446
76.162579214578826736
75.384909320323473025
74.761911412158099211
74.111236825949404761
72.978061563232799358
71.086617588235611720
68.701026542616261850
66.359823956713626103
64.159022388409169935
61.920519910467817226
59.841073046392409651
58.638578174797686415
58.154761238678560176
58.405002249681558624
58.933412359927899615
59.340766694028843631
59.209747706520658994
58.536240904583451083
57.983852594153546534
58.432666196261209279
59.337996485625552623
59.432396847520635674
57.237151201948734069
52.550839197977211370
46.381304177991722781
40.222807459556861431
34.825331166737015565
30.391474123107173000
26.742910569880592675
23.595893686308642145
20.665166624260081107
17.747746576599837454
14.790952512759503179
11.947963575665511371
9.636168685007191925
8.135800172794546370
7.221607228590727345
6.193193708659663343
4.199225658074993817
0.775115252161754142
-3.472515227214159950
-7.107306666364479497
-9.236851748148467323
-10.164237873848833260
-10.517941705822295262
-10.835152257274785370
-11.347906684990903159
-11.879026313043198115
-12.131101698299517011
-12.055236756035299095
-11.871183714088658689
-11.671984481969275294
-11.475025412691479687
-11.232406921465099003
-10.933832950646092286
-10.610193450635961199
-10.282057182915195881
-10.120971275384590626
-10.352888285676158375
-10.993508866080389907
-11.805349878997390078
-12.543093974099178922
-13.077399483346539455
-13.483355304684494058
-14.080856793366478996
-15.166229397321899341
-16.833409280589819446
-18.850466080180353856
-20.779482215227915276
-22.312065327606660503
-23.458912213112739664
-24.487432369154248590
-25.740258218110625421
-27.360553978811594789
-29.218827161688011529
-31.193883353133287528
-33.192575665318713618
-35.069397677568588279
-36.710969946835746214
-38.085363203979966329
-39.195337948936128214
-39.994638366000401675
-40.340894312542445732
-40.023700049255921840
-39.079354316847684458
-37.839131255770041662
-36.450985033941719848
-34.990170298266150439
-33.589645627441086617
-32.347258968881476449
-31.328641493641953275
-30.573842701416538148
-29.996558772673836302
-29.398030963749590683
-28.625230144219869999
-27.605981598930782184
-26.309101659816349184
-24.751014552936567270
-22.990637580084865021
-21.117150745350954821
-19.224804920360384131
-17.374496704142870840
-15.583782535765408284
-13.841523696276851751
-12.112390598292847699
-10.339776631436905063
-8.524166942507235945
-6.759490834789005476
-5.185393116416946668
