1040.731059435652241518
1456.771211361701261922
1624.181367047234061829
1542.130738336197509852
2076.613318561626329029
2438.319712237733710936
2656.876950760838553833
2760.526230180828406446
2768.959239936832091189
2691.000084376392351260
3738.656303662941354560
4726.121016462404440972
5665.630771152647866984
6562.287986727625138883
7419.901841443694138434
8240.693260735894000391
9023.938917371204297524
9768.609132067882455885
10471.627757438407570589
11128.458169091840318288
11735.940095000971268746
12292.829766339096750016
12797.981142108492349507
13251.058758509085237165
13653.367404608561628265
14006.676831219698215136
14312.400659328302936046
14573.988183088034929824
14794.286883003909679246
14972.141453064115921734
15107.040541761851272895
15198.332570035812750575
15246.036810216615776881
15251.334426104549493175
15213.898514400307249161
15136.122836175107295276
15021.073326203217220609
14870.581047256478996133
14687.399156443705578567
14476.723558007079191157
14245.705194922864393448
14003.101968099346777308
13757.433465333329877467
12046.028745044723109459
10351.906335754696556251
8690.758271080327176605
7083.870870337334963551
5557.798832114111064584
4142.545584997517835291
2870.897398870683446148
1779.249294003744580550
909.603197998610539798
307.468778922756598604
10.860265136701487521
0.153801783033356954
0.131503177816884170
0.102667530395223555
0.310257235428925748
0.195952718067431392
115.903379220322364063
606.054481385516851333
144.867368666976830127
1.357821216251456020
0.608730797471408236
0.113236274871263781
5.596909253298196774
92.258788620004025915
332.633363277625051069
713.424556762106476526
1206.380698528484117560
1781.150200393033856017
2407.467077945851997356
3056.441731891298786650
3701.400265356691761554
4320.109799851025854878
4893.698500124118254462
5405.293818741657560167
5840.661861934034277510
6189.859655855478195008
6448.414484018302573531
6620.643470475622052618
6719.587855163631502364
6756.888489721691257728
6733.684603484869512613
6651.284260414824530017
6511.094054061714814452
7201.896935515366749314
7850.731532830961441505
8469.526485523339943029
9066.569821912533370778
9168.538169557998116943
9255.319408208375534741
9328.225545083520046319
9388.726156521623124718
9437.288945486925513251
9473.611104133904518676
9498.481991484923128155
9510.995955677606616518
9509.408123993474873714
9492.805662791193753947
9461.697362038747087354
9415.596312029636465013
9353.594608213179526501
9274.664085262857042835
9176.322365430036370526
9058.347915139420365449
8922.365891116367492941
8772.930817595974076539
8616.662351300574300694
8459.348903052316018147
8304.562541348277591169
8154.356302773061543121
8009.295617723764735274
7777.723904264650627738
7554.236159049575690005
7338.818854932642352651
7130.216645330763640231
6927.482336382748144388
6728.484508936357997300
6529.983140240230568452
6327.324776876563191763
6118.032826297098836221
5898.545305074804673495
5667.935726340992005134
5424.403042845520758419
5158.018581360265670810
4866.636504768113809405
4550.387092194348952034
4179.760568257447630458
3598.090040990876332216
2973.706966733617264254
2291.490979009754028084
1530.153770980108902222
708.980490312544588960
600.008146660115016857
435.259270102882851461
255.824256329662034659
72.931852403941249463
0.326645013564776876
0.168475116094674748
0.215630864603991695
0.082560525590849129
1.487192007905956403
0.608070761895533107
0.187596768744528797
0.241531934640838913
0.755613268250796222
44.910532101349964762
374.916183563523247813
6733.627249842994388018
6258.532022215699726075
5770.672715284273181169
5289.765241468469866959
4852.124771671651615179
4424.203407737084489781
4276.121595432168760453
4278.075587396092487324
4264.974692900506852311
4283.710778139618014393
4420.764704352641274454
4555.777233896176767303
4689.547462217921747651
4921.630753994398219220
5252.858113772309479828
5632.408593423867387173
6040.754402980521263089
6421.453553107953666768
6766.995968309796808171
7118.527608557343228313
7483.778194616826112906
7832.821008251095918240
8170.434435200285406609
8511.381019921731422073
8846.018727618153207004
9171.674048934126403765
9509.063684078097139718
9803.374277489243468153
10005.664905185583847924
10188.211260658961691661
10379.406809383412110037
10601.388761113015789306
10850.605023877973508206
11088.423747813794761896
11345.371057147751344019
11578.323380639703827910
11750.228490336599861621
11902.427572800073903636
12083.125497567563797929
12298.379677189921494573
12528.268647939683432924
12733.833397287362458883
12920.192720756813287153
13057.994329337114322698
13219.380344000170225627
13426.208219254747746163
13662.705287416085411678
13890.655878729023243068
14106.223488871641166043
14329.035901342651413870
14548.617172676080372185
14698.349044066872011172
14793.458159979749325430
15273.132233657379401848
15775.020790677828699700
16318.799213362484806566
16504.772826070118753705
16649.065977096244751010
16821.100036636828008341
16926.135485458209586795
16998.360609666957316222
17061.196149767041788436
17287.060746075094357366
17695.900048704221262597
18223.533842081033071736
18735.699287682575231884
19169.192408877530397149
19501.271175629539357033
19750.790599975833174540
19942.102253957538778195
20102.425211136716825422
20254.194442790718312608
20407.447341167746344581
20563.621056982839945704
20665.687077537786535686
20664.579383678570593474
20581.447389591350656701
20495.871218644333566772
20506.520403634614922339
20706.990493734803749248
21063.975272316198243061
21356.720274567316664616
21415.911273815461754566
21367.926906685421272414
21286.456496889950358309
21235.786768124937225366
21296.978845459678268526
21385.202317991690506460
21433.180526079046103405
21424.492218348255846649
21422.398280689616512973
21422.660040003971516853
21435.806984269907843554
21440.163997083065623883
21432.057307632981974166
21425.797453634637349751
21391.389677982937428169
21353.419406218494259520
21358.397617422670009546
21414.414557243970193667
21469.363380000009783544
21497.200507861183723435
21482.257952859537908807
21419.429094500352221075
21379.022737909635907272
21396.829775343903747853
21500.777551077149837511
21664.465331089770188555
21812.027973529860901181
21894.390229025691951392
21923.349258542162715457
21939.458417506590194535
22007.923368236126407282
22159.922993733791372506
22335.349262028928933432
22531.502735634741839021
22760.184855908515601186
22989.183395865416969173
23202.446838548432424432
23404.835142017269390635
23642.505699449142412050
23880.603154741740581812
24127.984037548289052211
24299.304437912884168327
24326.775811071442149114
24403.555626224697334692
24426.113747600498754764
24181.744031648493546527
24485.101595018655643798
24638.504958083907695254
24485.821012175449141068
24276.019840326232952066
24525.958194824117526878
24448.354882780178741086
24317.929855925140145700
24440.284348950586718274
24247.899150002318492625
24435.589288022772961995
24490.147602008280955488
24407.419796585993026383
24290.721474003334151348
24181.551435147197480546
24143.995446939072280657
24246.550802184479834978
24397.434755570688139414
24442.771818941699166317
24418.781867665795289213
24332.718529479287099093
24280.254956140681315446
374.269050261823906567
