1888.115717924326418142
1734.909615438025412004
1465.927079972819910836
1234.535818247744145992
1213.739690967256365184
1241.989545405764147290
1345.892416830025695162
1544.063619869921694772
1824.089771754094499556
2147.538657215998682659
2610.412610717196912447
3112.458527071174103185
3669.251037822166381375
4281.490531432460556971
4948.719586014034575783
5666.410073885308520403
6421.193833876029202656
7199.687435048486804590
7982.530965673006903671
8746.491600630035463837
9474.248660767660112469
10156.383843853844155092
10785.287449375275173225
11357.672636998089728877
11877.205918053316054284
12349.349691596486081835
12777.693010191331268288
13171.846082219177333172
13538.927457375781159499
13872.171108603119137115
14166.340436947932175826
14414.976508237008602009
14613.260078852814331185
14759.248333012832517852
14844.959640989933177480
14874.309053956552816089
14854.933571593455781112
14787.976607950276957126
14677.681079635360219982
14532.540485133715264965
14362.775153098706141463
14182.524004066639463417
14003.615499228053522529
12866.090267574436438736
11755.131599143425773946
10687.286669348581199301
9683.575105523903403082
8767.271340531953683239
7957.585173191376270552
7266.784590606252095313
6703.679988590651191771
6276.471372189373141737
5975.134789429452212062
5723.854857250054010365
5515.425879532352155366
5389.398350521259999368
5394.222279664716552361
5502.325721991723185056
5726.060367708887497429
6075.204076428781263530
6498.492518749463670247
6669.713058338930750324
6749.043048200130215264
6824.337873197393491864
6926.169579826323570160
7070.810565896724256163
7263.643257731479025097
7508.845180867654562462
7801.649560641347306955
8130.700347191523178481
8480.488147153502723086
8834.065040895742640714
9175.337510349472722737
9490.042965552964233211
9771.659258637502716738
10016.186483523481001612
10219.782891502985876286
10401.736915540970585425
10568.961691834692828706
10596.360411269155520131
10485.905938429155867198
10319.135124065163836349
10131.059827342160133412
9921.030377355009477469
9692.663713368419848848
9452.791271650085036526
9344.905023460976735805
9254.510168809714741656
9197.803271526960088522
9185.145916935351124266
8977.749313881280613714
8820.024101722316117957
8711.532109228566696402
8650.780472538632238866
8631.960105771659073071
8646.372129910487274174
8689.080158172737355926
8749.971190486794512253
8816.384723231789394049
8878.323752527265241952
8930.628047767129828571
8965.539116730353271123
8975.152446855507150758
8952.528963629703866900
8887.208101783313395572
8777.715570885227862163
8628.508436816498942790
8453.728738017713112640
8275.250325242108374368
8113.059204418782428547
7980.233976772419737244
7884.676495787773092161
7828.881454232629039325
7365.741851090965610638
6956.935312516937301552
6606.500749770318179799
6313.408682715756185644
6076.567668614543435979
5889.993808458040803089
5743.427290303267909621
5621.535469791087962221
5516.335541954361360695
5416.237101011006416229
5318.894298139327474928
5220.062991846080876712
5089.641209091075324977
4924.171776307985965104
4728.655960194304498145
4408.982643756981815386
4298.849849005229771137
4116.128486860780867573
3823.427623390724420460
3361.356367898094049451
2803.685297466256542975
2385.891690553898115468
1868.158930730254951413
1335.546040832358130501
761.058788053439684518
303.123887072245111085
37.499291939048347899
0.000000000000000000
0.000000000000000000
0.000000000000000000
0.000000000068600845
0.000000000000000000
0.000006761447816032
1.574550346745284601
74.584471810877673192
213.205636289596071720
2935.411191247619626665
3909.178392191591228766
5027.479940378964784031
4759.680518798462799168
4294.798299313928509946
3835.776614993875682558
3664.940445754202301032
3654.487608983160953358
3638.256978932432957663
3660.009203083589909511
3780.972822707581144641
3902.723854973390189116
4028.400522052040287235
4257.797694310263977968
4591.263125282389410131
4977.431996292264557269
5395.761841108294902369
5788.720964767105215287
6146.861780150959930324
6509.400401984892596374
6883.014681438173283823
7238.062984139693071484
7581.091942700499203056
7927.145493866566539509
8262.139796629702686914
8580.321751632303858059
8903.607427485905645881
9181.095550904694391647
9365.603162508619789151
9527.940271561596091487
9697.470928530108722043
9899.379864798533162684
10135.231719194718607469
10380.324934592767021968
10686.296181433393940097
11000.423977075015500304
11255.581496878839971032
11478.343239567389900913
11688.475963415376099874
11886.346602463456292753
12075.632350207444687840
12234.211170370021136478
12373.423787434527184814
12413.932860516712025856
12481.315835083392812521
12601.575909740369752399
12767.894766411243836046
12946.441736384182149777
13122.819749201196827926
13313.341110327086425968
13519.444489623083427432
13703.559903606634179596
13984.383396566276132944
15126.969539214531323523
17078.360684916257014265
19195.135048369636933785
20694.618804304482182488
21635.326984683761111228
21720.466044954435346881
20752.147562704445590498
19236.647512826064485125
17726.345608057301433291
17479.123207659758918453
17624.525664659802714596
17918.755730822947953129
18262.631694659634376876
18635.840008843031682773
18978.273927879890834447
19272.098056864062527893
19525.407420039853604976
19758.870773848488170188
19990.830347240189439617
20227.534072674596245633
20466.879495001281611621
20648.188666378762718523
20711.439073226440086728
20618.334245771970017813
20105.033312643336103065
19036.877172444459574763
18674.072021073287032777
19042.012585286051034927
19410.529949016334285261
19548.533946400028071366
19586.193599198591982713
19606.912804558083735174
19665.877752461037744069
19800.270644774511310970
19936.365858939672762062
20025.273629465849808184
20058.172660387375799473
20089.947572454548208043
20125.819430087616638048
20175.671182350688468432
20218.003382017774129054
20248.939197656876785913
20281.887951858734595589
20286.389516040228045313
20286.304940666941547533
20327.194588275851856451
20416.419523084998218110
20501.644379757392016472
20556.372042742535995785
20564.884737384851177922
20523.859880991843965603
20503.887478238732001046
20534.176723901400691830
20641.442029445850494085
20803.269396757386857644
20946.859065762015234213
21024.707563772706635064
21048.746662536766962148
21060.076126871172164101
21124.222479371237568557
21232.058278192140278406
21363.428360797977802576
21515.394164066910889233
21701.552870449420879595
21893.193388282041269122
22074.876185490036732517
22249.040619549290568102
22458.836628652516083093
22668.489924719095142791
22886.416803756677836645
23027.285999283907585777
23021.992542098927515326
23058.573391541987803066
23031.615638186805881560
22731.322471759041945916
22963.746979587504029041
23081.792399892819958040
22914.862352162410388701
22732.725497052262653597
23066.436945681809447706
23138.355608102279802551
23123.797677021462732228
23219.078484072884748457
22951.752227987377409590
23048.916456323826423613
23053.867783328012592392
23021.003699647139001172
23016.522810066704550991
22981.193598639056290267
22984.124973094647430116
23123.606660640758491354
23342.340050650589546422
23539.852863649768551113
23801.166215776742319576
24009.476977931251894915
24130.340214144329365809
1976.535060317084116832
