14.156915689200403108
18.230272160948288729
23.677237238275345987
29.621671014631864693
35.461793184885557650
40.818102990947458864
44.362087786430365099
46.275194811555749652
47.644862109138891526
48.464268401500923744
48.496758563009080945
48.221023445347462655
47.664314094535697564
46.350995828253729769
44.092027343109229776
41.077630103275488693
37.753358258074740661
34.931682105200792421
32.717822371197925690
30.566417071360589830
28.370447952865049501
26.511719117960012682
24.932708682942916312
23.448614866945575841
22.188568559618389031
21.210013200033031922
20.322615374139218147
19.864408808345373814
19.955973972997995247
20.510353904487416798
21.047077854194910174
21.386958988721644914
21.689084760821373266
22.184312483119740023
22.551866400251128653
22.849466528932055098
23.526855226141705657
24.574960082305238984
25.315302411110991443
25.627310159555747759
25.782150700792584530
26.275810388962582920
27.050012718035446824
27.935807681235587552
28.495000157760046022
28.445363467191612017
28.001262789604055570
27.622746048304406941
27.338051182180635124
26.903860629203506960
26.420361129436685133
26.473672512596294837
26.831701246623424595
27.482838879242621033
28.055931311704597420
28.276640897996344393
27.838547708645194234
26.790424597872828372
25.797192328673958173
25.740479048353620328
26.171248013151398482
25.957050447251134528
23.746239692217727679
19.373352691432870643
13.800074028612783650
8.434304446412141942
3.969333604256519266
0.576614576214808494
-1.930904706076489674
-3.837282832326707194
-5.429215304537905240
-6.921099231738736535
-8.391986461215026338
-9.730815594161043691
-10.576864406454376422
-10.695096228347495071
-10.321941773605658454
-10.136482403117184958
-10.955937487537198649
-13.230196752549034045
-16.396701975181315447
-19.109369684828550362
-20.536593658268088802
-20.974701488115215398
-21.021773562503483390
-21.181646054498685317
-21.661229825162195084
-22.273423833956542239
-22.713705982345800294
-22.912462182645924713
-23.055849401565581047
-23.211480888928463173
-23.375114089438511655
-23.478288350691002506
-23.483936208225486553
-23.389549845901740355
-23.180618643310651805
-22.987824175023774842
-23.001318061588392538
-23.224907308197600742
-23.437173195378875334
-23.421921231234819061
-23.080958527819120718
-22.512386623710028744
-22.044175307908290051
-21.977716052501193644
-22.418703075169901240
-23.162340952626891522
-23.809346373468599722
-24.085011767823402806
-24.018497193508494547
-23.882446237352610297
-24.019569043522722041
-24.581592554538474360
-25.459992330534248595
-26.553115018859671181
-27.787034270325989382
-29.041501406904728810
-30.230405524565640007
-31.346032535790470774
-32.408968230594041415
-33.381974763658718075
-34.120564131838193589
-34.396772358284977145
-34.197592009629147469
-33.777276452195451384
-33.217627615807543862
-32.544044468454330854
-31.838754021282454687
-31.142168171928574338
-30.491262623290595002
-29.954408948979789784
-29.509650592352556941
-29.029396548508088927
-28.436951760856061355
-27.725734903481679794
-26.896827682249579539
-25.969658835144855402
-24.990444006392579013
-24.033172901715431635
-23.183979293039158165
-22.500250796846671619
-21.987453197235652169
-21.598400814261083269
-21.237687584152354248
-20.788516762721371833
-20.211616905730181770
-19.581151796612971339
-19.025164396651064180
