594.479295918699904178
1257.770009336762768726
1600.054055832503308920
1620.838632945364224724
2345.118129921587296849
2833.790403689413324173
3111.954139450109778409
3207.913338888848102215
3141.653070614219814161
2919.392132316322658880
4207.444552206311527698
5378.874433929303449986
6456.585447983935409866
7452.848562581793885329
8378.983613733214951935
9244.254142320662140264
10053.048578837806417141
10808.876682057401922066
11511.775123077464741073
12159.094312527638976462
12749.508516970063283225
13283.742303059269033838
13761.970082534262473928
14184.883036042636376806
14554.952361113377264701
14874.863208247059446876
15146.462773546236348921
15374.479750648384651868
15562.708829711791622685
15708.534669095817662310
15810.634708669305837248
15867.310595928845941671
15877.714269185895318515
15842.686399764952511759
15760.597870188255910762
15633.741132312788977288
15464.919066640961318626
15254.682496643292324734
15004.944242434261468588
14720.929997239485601312
14410.545719511255811085
14083.963157357307864004
13751.028699453780063777
11939.358016838852563524
10145.142101428988098633
8387.329489924357403652
6692.495956944241697784
5094.412625156203830556
3631.306377136660103133
2344.746521317823862773
1281.368669158181091916
497.612478495576965543
58.911642285410103170
0.035989130389562467
0.006104561560632495
0.085302813681077477
0.067564277050574231
0.126835616715971100
0.026608636553156820
23.333878315487083910
561.400285215756980506
60.349923515272230645
0.461970949912951789
0.079623845357113712
0.551186350494157651
3.024887512359965225
110.730438881490371728
426.589550151150945112
915.843371520605955993
1533.925237034866995600
2237.600152069803698396
2986.175275561702619598
3742.625951078680827777
4474.326830420394799148
5155.822146036890444520
5766.618638658935196872
6288.462962950698965869
6705.581944577548711095
7006.595075046873716929
7186.094997806841092824
7249.723207966612790187
7214.637046817160808132
7095.505869030926987762
6891.813395043180207722
6603.388461082225148857
6230.378612172199609631
7008.938453299811044417
7726.703654363600435317
8402.589804095136059914
9049.592565885586736840
9163.082896178768351092
9258.309445988565130392
9337.583914793392978027
9403.319991975540688145
9456.420412118459353223
9496.641728514206988621
9525.273269453713510302
9541.171491239840179333
9541.954847231561871013
9526.334304997297294904
9494.951180016767466441
9446.991793422137561720
9381.080897048113911296
9295.766183650983293774
9187.628102561029663775
9056.536887932219542563
8905.020448977722480777
8739.799531956263308530
8570.582772856978408527
8405.967231133729001158
8251.434295118737281882
8110.249326301211112877
7983.388702480957363150
7727.685670384154036583
7490.447804533410817385
7271.447111381545255426
7068.447951746677063056
6879.465712781813635956
6700.695557702521909960
6526.692910024098637223
6349.879613310607965104
6166.221624180410799454
5970.047146942025392491
5759.565695993057488522
5531.931020372702732857
5272.634609955095584155
4978.404076963978695858
4649.885738185679656453
4239.296631415307274438
3718.183696250390767091
3135.819040021155160503
2468.320594088316283887
1680.352373500893691016
801.620995251666045078
722.558358378926754995
551.419252019406712861
349.269157227106461505
120.747367207601911332
4.296555145092352923
0.616290739875055116
0.730333328736985532
0.323522633379882130
0.203987669518061437
0.074964272296410436
0.022863000533808939
0.030199244696078081
0.809973981816888622
27.115463814304831658
354.514165502027367438
6070.356045553051444585
5571.778654686767367821
5054.884353771715723269
4538.632384923150311806
4076.613396009785446950
3619.415851548950286087
3464.984759301519716246
3472.112555895542300277
3461.193810738739102817
3483.727228008734982723
3665.033841372232018330
3841.737166437410905928
4015.207428008158785815
4294.209486932520121627
4676.300880730284006859
5103.840182936030942074
5558.223179430444361060
5985.307225562343774072
6377.928996580732928123
6775.656151095564382558
7185.929148639207596716
7579.998186018169690215
7962.471736749788760790
8347.561711482430837350
8726.033815792427049018
9095.353411601490734029
9475.460855211738817161
9809.126576809838297777
10043.878776775442020153
10259.167111248727451311
10482.237555631274517509
10736.216849492331675719
11018.869011507680625073
11289.853997666605209815
11578.446857933815408614
11837.353650625645968830
12030.614949886190515826
12204.045074303425280959
12403.965956859316065675
12636.220565752024413086
12881.712673390002237284
13103.075935027452942450
13305.329342654105857946
13438.506047253653377993
13593.985595318858031533
13793.054009768700780114
14020.959210606722990633
14241.511541180521817296
14451.680217987974174321
14671.067452100418449845
14890.429033451982832048
15046.768081432346662041
15156.061909249014206580
15700.554141777063705376
16262.434005984909163089
16862.614578766428167000
17057.300914151684992248
17192.702730129476549337
17352.811834200303565012
17444.415260297893837560
17513.685100443377450574
17551.030743957635422703
17753.137135925830079941
18128.072032320680591511
18615.911319301780167734
19087.024993334634928033
19483.791669096950499807
19786.193691035907249898
20011.602141063925955677
20182.599517569244198967
20324.612994397608417785
20458.567874641306843841
20593.574981976784329163
20730.588419522740878165
20814.489737491559935734
20797.919909762043971568
20701.080061687087436439
20600.384163154616544489
20590.650590386881958693
20761.896132124093128368
21082.271157551032956690
21339.837725307093933225
21372.047816147281992016
21300.412616382618580246
21195.746434031298122136
21119.813372511631314410
21184.254053579465107759
21275.028561678656842560
21327.031742376213514945
21324.712151606829138473
21320.710404990270035341
21319.289121404570323648
21330.577310176555329235
21333.731456985246040858
21325.194697273713245522
21318.688800587831792654
21285.355681927834666567
21248.789390746274875710
21253.650413440431293566
21307.667200449002848472
21360.706434415529656690
21387.673199843422480626
21373.439405493958474835
21313.031663572626712266
21273.972290728004736593
21290.647320726275211200
21389.931846915325877490
21546.530024998446606332
21687.629650008206226630
21766.166614153193222592
21793.569684026122558862
21808.889178558678395348
21874.847390704329882283
22018.004153759276960045
22184.048254016561259050
22370.386383034423488425
22588.488269620978826424
22807.267413502879207954
23011.170428917459503282
23205.233746680813055718
23437.723459252571046818
23670.673321009257051628
23912.546852226529153995
24081.284290001825866057
24109.588725884874293115
24182.364527388610440539
24195.980435339595715050
23921.879805414020665921
24250.328581326950370567
24414.663874825298989890
24236.019266324197815266
23985.899010092973185237
24234.825733387820946518
24124.694395811027789023
23973.701809429192508105
24109.229497395132057136
23939.280137367226416245
24157.325417727472085971
24226.942369518135819817
24143.868549371181870811
24016.170842998661100864
23892.082239558589208173
23846.793992266389977885
23959.626164634049928281
24127.239481232121761423
24182.932597709179390222
24164.993034641065605683
24078.822638202593225287
24030.376989528711419553
1321.061565076248371042
