51.617647468592920745
16.316838687430372801
13.782840812477033410
13.231080141524257598
13.167756122636713911
12.953987257577901815
12.936603683686053401
12.931977598998747325
12.929300107835938860
12.868642984842086463
12.842642670767975943
12.827856649004690581
12.819706423036357990
12.815208013217834093
12.812604803605333714
12.808979889640653482
12.801195396198043142
12.772590427405267732
12.737398480980985482
12.659910081098521673
12.578752990925419653
12.549798018424318968
12.531792173384371125
12.525376489357341825
12.518012108181107322
12.512352777901307732
12.508929515969269275
12.506422084068697487
12.504814679670772648
12.503697083964681269
