630.494799792060803156
683.840146756182321042
737.185493720303838927
790.530840684425356812
843.876187648546874698
897.221534612668392583
1103.175866623065985550
1321.195980298872655112
1496.070864158549966305
1497.698936436026542651
1499.327008713502891624
1500.955080990979467970
1502.583153268456044316
1504.211225545932393288
1505.839297823408969634
1507.467370100885545980
1509.095442378361894953
1510.723514655838471299
1512.351586933314820271
1513.979659210791396617
1515.607731488267972964
1517.235803765744321936
1518.863876043220898282
1520.491948320697247254
1522.120020598173823601
1523.748092875650399947
1525.376165153126748919
1527.004237430603325265
1528.632309708079674238
1530.260381985556250584
1531.888454263032826930
1533.516526540509175902
1535.144598817985752248
1536.772671095462101221
1538.400743372938677567
1540.028815650415253913
1541.656887927891602885
1543.284960205368179231
1544.913032482844755577
1546.541104760321104550
1548.169177037797680896
1549.797249315274029868
1551.425321592750606214
1553.053393870227182560
1554.681466147703531533
1556.309538425180107879
1557.937610702656456851
1559.565682980133033197
1561.193755257609609544
1562.821827535085958516
1564.449899812562534862
1566.077972090038883834
1567.706044367515460181
1569.334116644992036527
1570.962188922468385499
1572.590261199944961845
1574.218333477421310818
1575.846405754897887164
1577.474478032374463510
1579.102550309850812482
1580.730622587327388828
1582.358694864803737801
1583.986767142280314147
1585.614839419756890493
1587.242911697233239465
1588.870983974709815811
1590.499056252186392157
1592.127128529662741130
1593.755200807139317476
1595.383273084615666448
1597.011345362092242794
1598.639417639568819141
1600.267489917045168113
1601.895562194521744459
1603.523634471998093431
1605.151706749474669778
1606.779779026951246124
1608.407851304427595096
1610.035923581904171442
1611.663995859380520415
1613.292068136857096761
1614.920140414333673107
1616.548212691810022079
1618.176284969286598425
1619.804357246763174771
1621.432429524239523744
1623.060501801716100090
1624.688574079192449062
1626.316646356669025408
1627.944718634145374381
1629.572790911621950727
1631.200863189098527073
1632.828935466574876045
1634.457007744051452391
1636.085080021528028738
1637.713152299004377710
1639.341224576480954056
1640.969296853957530402
1642.597369131433879375
1644.225441408910455721
1647.086721791384206881
1650.096362445170143474
1653.106003098955852693
1656.115643752741789285
1659.125284406527725878
1662.134925060313662470
1665.144565714099599063
1668.154206367885535656
1671.163847021671472248
1674.173487675457181467
1677.183128329243118060
1680.192768983029054652
1683.202409636814991245
1686.212050290600927838
1689.221690944386637057
1692.231331598172573649
1695.240972251958510242
1698.250612905744446834
1701.260253559530383427
1704.269894213316320020
1707.279534867102029239
1710.289175520887965831
1713.298816174673902424
1716.308456828459839016
1719.318097482245548235
1722.327738136031484828
1725.337378789817421421
1728.347019443603358013
1731.356660097389294606
1734.366300751175231198
1737.375941404960940417
1740.385582058746877010
1743.395222712532813603
1746.404863366318750195
1749.414504020104686788
1752.424144673890396007
1755.433785327676332599
1758.443425981462269192
1761.453066635248205785
1764.462707289034142377
1767.472347942820078970
1770.481988596605788189
1773.491629250391724781
1776.501269904177661374
1779.510910557963597967
1782.520551211749534559
1785.530191865535471152
1788.539832519321180371
1791.549473173107116963
