32.502036004072607511
31.637246900394046634
30.461994878069589276
29.159119474502702474
27.793815153119581396
26.389112510289521651
24.936654856759346899
23.369773324250218138
21.600312689020427115
19.739360757267064628
17.871583368103543421
16.028575413258778326
14.226500347784934775
12.479203956084859328
10.807249304954979152
9.233697544154011894
7.752173043320283341
6.341077121918488047
4.986873111432402084
3.683149003508617625
2.426207403865646484
1.214229440177291508
0.048766178102852109
-1.060520054878082874
-2.084156286429873717
-2.952766602360952675
-3.589337885819389840
-4.015972645012880093
-4.307222169925722710
-4.510665021262639129
-4.645675720911185635
-4.720528722124072374
-4.739642077914908214
-4.705627532287280701
-4.619789639331827402
-4.482359437763562937
-4.292464637042229469
-4.047021618907564289
-3.736989987710813921
-3.342092614433511244
-2.850187693737154859
-2.292497388989289675
-1.706522986364802819
-1.115988757337390780
-0.535963917562867209
0.023169501498159661
0.554006251504006286
1.051329840422340567
1.511647090223988243
1.932825389511720005
2.313757466319145806
2.654020101335646586
2.953483308853492417
3.211878485506048264
3.428973762555528992
3.605879081266323283
3.745198214506530121
3.849407347997384932
3.920265070666914653
3.958968373070035796
3.966197719753637330
3.941980778172819555
3.885339079040761590
3.793556725180167177
3.660658061206248703
3.474107203690635970
3.207915618650929446
2.815420459552939292
2.259012329699800148
1.568238580602582033
0.807402273389612901
0.031856462227750626
-0.722749858074280382
-1.446930762560043604
-2.145148398149501645
-2.820825126673895511
-3.473373817023173160
-4.099772098228385175
-4.695699897436497849
-5.256059123686952717
-5.775176581001375098
-6.246778972805486774
-6.663642667678800535
-7.016603338815372126
-7.292248334438880875
-7.468338816885761844
-7.509245033594595498
-7.378917068406650515
-7.080065334711150626
-6.663094442467610179
-6.183457054249316798
-5.679216227482584145
-5.174267778308120569
-4.683595842831948630
-4.216418342470689140
-3.778021506269908514
-3.370906579608856646
-2.995554911290383870
-2.650993879919212759
-2.335268889660653713
-2.045851805888275976
-1.779971114037863344
-1.534847497657580107
-1.307839152795708060
-1.096518355661402211
-0.898705565062073219
-0.712482709800440261
-0.536198234062879919
-0.368466648053185963
-0.208158483734990796
-0.054376085280779307
0.093583818717917211
0.236273664960577889
0.374136022116147160
0.507536344615914459
0.636786184743243666
0.762158329155766978
0.883896202195217029
1.002219628611896951
1.117328438028579285
1.229404842730417613
1.338615128497991691
1.445110949748283247
1.549030383369540687
1.650498814640258161
1.749629694626889886
1.846525176880476238
1.941276641322900787
2.033965099142250210
2.124661472250522820
2.213426738011605721
2.300311921303944018
2.385357918949154055
2.468595131592110192
2.550042870851967791
2.629708511261924286
2.707586343574291732
2.783656090016023654
2.857881056544130161
2.930205920329655100
3.000554241615219553
3.068825937203769172
3.134895249221216318
3.198610234976968059
3.259795484615636951
3.318260472488731239
3.373816012283697319
3.426299524137931485
3.475605386538376251
