23.913273203448763837
15.772126227345751204
7.045199097838555247
-1.397367259429465491
-8.848753057091613528
-14.415599293589281160
-18.051353865036602997
-20.476362676552142261
-21.894928658815786093
-22.780356166406050988
-23.446150786091337181
-24.021640258275354540
-24.560098549134835366
-25.064378842129031000
-25.507932316056681543
-25.858255356152128002
-26.111354549646932810
-26.276678692805489845
-26.353629775737076102
-26.332638478392610182
-26.200317022330111172
-25.941418085584800224
-25.538623499677697737
-24.969375215584918237
-24.196404228678062509
-23.150567105301263382
-21.764048135750542201
-20.073973540619704181
-18.175124734715666364
-16.139643225112564551
-14.012986711509341831
-11.829190605752671672
-9.617870072944640469
-7.406567361354689183
-5.221175772316598795
-3.085409138460448730
-1.019539303281703724
0.961928783583886116
2.854726940483686803
4.670141099790271255
6.415840277967106431
8.060940109874252357
9.570941471577839366
10.926284041755963017
12.116760653558486638
13.137310972639568263
13.986205682318484378
14.664245193140573065
15.174333364486528808
15.521193982200145456
15.711157549679114709
15.751977253245513566
15.652599507320275052
15.422846995463231679
15.073594454492877048
14.617920660861670967
14.071039069660685072
13.448447093175076361
12.765060128869663458
12.035096262492430697
11.271905844996638280
10.487683110004098808
9.693018241776542254
8.896122322262016269
8.101314227629302422
7.305806200070065870
6.493027719413532850
5.625643703548576013
4.674355365997257650
3.674178837033991840
2.693103681916824144
1.789806740468605994
1.003270095579267718
0.346565843584954791
-0.181260885447670717
-0.580594329124636488
-0.848247422250693717
-0.978817917620887101
-0.965581014540020988
-0.800753526186298359
-0.475444193377626334
0.020588985736225140
0.699442759883652343
1.576185685510552048
2.671492085561141039
4.017195197035391629
5.661497898769141557
7.647890412262029258
9.955008830363908601
12.483010887139442957
15.120001845212982516
17.779559474746690739
20.399467442014952212
22.936373074888564361
25.362590125600462443
27.663875974306336047
29.834088740661059092
31.860423515965436536
33.709862954247824973
35.330169430967970357
36.637697315673364074
37.481832897894321377
37.628417553040549137
36.966140840258276512
35.785042731657227932
34.473868557761988995
33.228396107743947141
32.109171217382538543
31.166269848407068821
30.453012535077618850
29.965480383330287850
29.635879468583567586
29.392238624276927794
29.188125825079481501
28.997424580947239292
28.805856912074801812
28.605930562036576248
28.394230074373950856
28.169933310246449309
27.933994105113413298
27.688750708740968776
27.437885670655589365
27.186778919016092004
26.943425195771368408
26.720199303703651594
26.536188638027653042
26.415591880622940835
26.371458336925456933
26.390506097991504930
26.449585382676247036
26.531447334418317041
26.625652740735887392
26.726067915883959358
26.829050711246480887
26.932418500477496082
27.034866792299624194
27.135629689138170306
27.234274544725707301
27.330575252983351220
27.424433617042978995
27.515830514967802856
27.604794992884535532
27.691383241304265539
27.775662189374997979
27.857694917878973229
27.937527597222754139
28.015180061747116724
28.090643603906784165
28.163888530125149146
