32.145082599772734966
31.300066093807274115
30.098110545814904526
28.799756206956388382
27.514099535738083091
26.232466621937334139
24.889982358269080009
23.390174153869352835
21.644118403084846136
19.776203597190132655
17.887469904122696107
16.023887125108586815
14.212522070415502640
12.475383114115572880
10.839740274660812247
9.332992864091409047
7.946693518727727223
6.646594426111221310
5.395230150051332885
4.155952886247064271
2.899924663526860513
1.618759701252344030
0.330996927361070448
-0.921871230898602789
-2.077843123379693679
-3.044121578835728315
-3.732874472883452199
-4.166905134341078565
-4.429088806026214797
-4.578255208907535234
-4.644459458647702377
-4.644677594323695757
-4.590311440908209306
-4.490121385481586458
-4.351321990660153460
-4.179752795299975787
-3.979254906857079277
-3.749805529432222784
-3.483193755862117769
-3.157514026863651679
-2.756649376422387832
-2.305828507665694360
-1.834982406326702176
-1.359227040654161556
-0.884671090144820482
-0.413250106247744498
0.054571149533927610
0.518059863787328823
0.975079725847450618
1.421555346018976707
1.851542623043883395
2.257765340751177519
2.632331630849478188
2.967373525263639067
3.256066931224069094
3.494471665164155638
3.681915296965257767
3.819358637440245730
3.908624263425707568
3.952275945737795837
3.953350847861685224
3.914914275007220112
3.839423105949805404
3.727743548554030895
3.577406071177847480
3.379101611508559699
3.109597845058885923
2.724337456707957017
2.187005630624327068
1.527509935618212467
0.809515076636131425
0.086756406734480151
-0.607589366783486184
-1.267122846057276320
-1.899672156301278392
-2.511946330093820734
-3.106293507082881433
-3.682186602461939628
-4.237468102915556756
-4.769077567700747977
-5.273413871206287240
-5.746302493410411216
-6.182429522567105096
-6.573956842295018532
-6.907713679935483242
-7.160115060790474217
-7.292229099060421049
-7.262678238193245761
-7.067186952886572726
-6.748356121584635048
-6.354196395948832787
-5.916898955188088394
-5.456920048153875769
-4.988505516074837942
-4.522523817596123763
-4.067630571733246825
-3.630655216439123478
-3.216691711129357145
-2.829141366103584687
-2.469825176097288022
-2.139196628823214041
-1.836623218353679476
-1.560674069483923176
-1.309363445380682833
-1.080339317225792684
-0.871035895152260764
-0.678810521643072207
-0.501070604947557285
-0.335384170199915843
-0.179564995235551805
-0.031727067588690261
0.109691580890995510
0.245931556628505632
0.377935077054985413
0.506382504181118520
0.631736249546747786
0.754286910890300533
0.874197734001029403
0.991544699966624421
1.106350597484492937
1.218612329954538609
1.328321397457074227
1.435477993046276879
1.540099484646106021
1.642224227161875660
1.741911705705120994
1.839239955508645608
1.934301098018494258
2.027195675793649343
2.118026309481933822
2.206891051506659096
2.293876693137008260
2.379052214770354112
2.462462543352643252
2.544122812470249073
2.624013392452610560
2.702076053527179056
2.778211730467972984
2.852280441706312786
2.924103939458632340
2.993471625676193071
3.060150102244364234
3.123896455748933931
3.184475007432610028
3.241676798760352085
3.295340548918574086
3.345373126187752177
3.391766552393619349
3.434607382792592034
