2552.635750386172276194
2614.387581721824517444
2710.435462323197953083
2836.508399841228310834
2934.213025613904846978
3048.400633235493387474
3173.043156317904958996
3303.104544674433782347
3417.604968399400604540
3529.157659766089182085
3634.133011108767732367
3728.739917058366245328
3809.255848911828707060
3872.180002834484184859
4022.182208118928429030
4152.569279192945032264
4260.714298089712428919
4344.419870803095363954
4404.526565880029920663
4443.155006747527295374
4463.745903018821991282
4642.921200492892239708
4814.384259427249162400
4983.580341436843809788
5155.052118901286121400
5331.923981793208440649
5532.983153582730665221
5749.384273955842218129
5970.810922935206690454
6194.768570607652691251
6418.362912112751473614
6638.762342242182967311
6853.564489726567444450
7061.044722110235852597
7260.287545020898505754
7451.214231896899946150
7634.525041031710316020
7811.575613694266394305
7984.207108327306741558
8154.549479910533591465
8334.058856339312114869
8361.045628336167283123
8392.031977846596419113
8428.736552635979023762
8472.509244365570339141
8524.250067832534114132
8584.375128128565847874
8652.830449229664736777
8598.533914441746674129
8551.615717348575344658
8511.282481742489835597
8476.520829405710173887
8446.200718941208833712
8419.182089960471785162
8394.184001018691560603
8370.253008753466929193
8347.063474309637967963
8324.262908341692309477
8301.798902275897489744
8279.913208727313758573
8259.113728164475105586
8240.126718685212836135
8223.832151519560284214
8211.185733595444617094
8203.131777004458854208
8200.511789091098762583
8203.974284872991120210
8213.891733544665839872
8214.583346988374614739
8216.391689801437678398
8223.498913645118591376
8234.680418549034584430
8252.578718539520195918
8272.762363567087959382
8291.198053556536251563
8305.464897659290727461
8346.007444512981237494
8377.479519917267680285
8397.672274059219489573
8404.675552089009215706
8396.974395790315611521
8373.533263239107327536
8333.865651775491642184
8278.086513976435526274
8206.943994616938653053
8121.825818243327375967
8024.734574003352463478
7927.176065139323327458
7837.610782868014211999
7782.786611053767046542
7688.688185024939230061
7558.138432494520202454
7434.597385138371464564
7320.883273547711723950
7219.152890851793017646
7130.757686821501010854
7056.182067756121796265
6995.070144557611456548
6946.332298261829237163
6908.310823575700851507
6878.977313022463022207
6874.395957033589183993
6874.142614029015021515
6876.217105187794913945
6878.892726581781062123
6880.777758549314057746
6880.838783479759513284
6878.392996258930907061
6873.077548207793370239
6864.803664063754695235
6853.702342712307654438
6840.067283245520229684
6824.299485336027828453
6806.856857014371598780
6788.211140130567400774
6768.813533731408824679
6749.069554049576254329
6729.322930787760924431
6709.847728872881816642
6690.847429907529658522
6672.459425854215623986
6654.763271691324916901
6637.791096459307482291
6621.538753067409743380
6605.976555345244378259
6591.058765554661476926
6576.731317605279400595
6562.937563449272602156
6549.622088260837699636
6536.732845569970777433
6524.222007328635299928
6512.046010138137717149
6500.165305971066118218
6488.544300478324657888
6477.151888536828664655
6465.962877273844242154
6454.960429263021978841
6444.139466224918578519
6433.510755666936347552
6423.105170309913773963
6412.977383318361717102
6403.208067669808770006
6393.903553994011417672
6385.191936016237377771
6377.214901216802900308
6370.115238634709385224
6364.021143930342987005
6359.030020762093954545
6355.195908879898524901
6248.498421635684280773
6318.231149188784911530
6399.829505539301862882
6491.829239050194701122
6572.531072941546881339
6658.908581127481738804
6748.910308841859659879
6840.873470822944000247
6969.444809593038371531
7097.755180964622923057
7224.262754226617289532
7347.792421712949362700
7467.184556301481279661
7581.345334109244504361
7729.649065774712653365
7864.177523856008519942
7987.446450561726123851
8103.515179650336904160
8212.755399597290306701
8315.978631633293844061
8414.453637109263581806
8677.881443010213843081
8940.321538188993145013
9203.733809698187542381
9469.722202948112681042
9739.349983352041817852
9975.621503913116612239
10196.948946347152741509
10421.470946423867644626
10648.174711465117070475
10875.909876328849350102
11103.555828995524279890
11330.149416922666205210
11554.965485143475234509
11777.551833683524819207
11997.725230518431999371
12215.537196702962319250
12431.218700998535496183
12645.112606006165151484
12857.602177415919868508
13049.100831560155711486
13181.899590050970800803
13314.133439285582426237
13445.932099907364317914
13577.325270597846611054
13708.235775239905706258
13838.486694454140888411
13967.821063843301089946
13968.334944541909862892
13967.468525776392198168
13965.037727700215327786
13960.845427224394370569
13954.698823023656586884
13946.426961628647404723
13936.394657380738863139
13924.688483589065072010
13910.618940833763190312
13894.230096301711455453
13875.635004305218899390
13855.015260297483109753
13832.617753372551305802
13808.748761393922904972
13783.765458536339792772
13758.064920743869151920
13732.070847034065081971
13706.218447246425057529
13680.938229280098312302
13656.639680270125609240
13667.590397867801584653
13690.965348130044731079
13716.259883660799459904
13743.671187818141333992
13764.144068626914304332
13783.093332213007670362
13804.436335847332884441
13828.174603737254074076
13866.607198310335661517
13907.369434147165520699
13950.425443379417629330
13995.736549705907236785
14043.260586534624962951
14092.950653853755284217
14144.754835726513192640
14198.618156791997535038
14254.487396191938387346
14312.318375778306290158
14372.084177537055438734
14414.468062917216229835
14427.690754194578403258
14361.184016333325416781
14375.829775762935241801
14352.554624047628749395
14331.770577094921463868
14313.662683925273086061
14298.322224220224597957
14285.706275670634568087
14275.618091615944649675
14267.711642771442711819
14261.518435497840982862
14256.490383066415233770
14252.050170915570561192
14254.936125447913582320
14257.360590421090819291
14258.930572646604559850
14259.362629200806622976
14258.485679274301219266
14256.233949040386505658
14252.633058996409090469
14247.782152877851331141
14241.834504047297741636
14234.978444837313872995
14227.419898082576764864
14219.367318606911794632
14211.019491805524012307
14202.556366847285971744
14194.132897585926912143
14185.875701896717146155
14177.882218417167678126
14170.221937422313203570
14162.939214785852527712
14156.057148638228682103
14149.582010224954501609
14143.507769546356939827
14137.820334953110432252
14132.501222958921061945
14127.530478462198516354
14122.888765536103164777
14118.558638585238441010
14114.525076080206417828
14110.775414123882001149
14107.298852657175302738
14104.085726469116707449
14101.126735505651595304
14098.412317444304790115
14095.932320693545989343
14093.676097037026920589
14091.633082200092758285
14089.793867760670764255
14088.151690929895266891
14086.704180596512742341
14085.455104943917831406
14084.415774939981929492
14083.605688749239561730
14083.051981647626234917
14082.787321379355489626
14082.846121332391703618
14083.259389348004333442
14084.049168332479894161
14085.224137011729908409
1880.980435655390692773
