23.638328750284522073
15.624677716889081580
6.999494980236967479
-1.374268964269724336
-8.783909149151874374
-14.330625758354130994
-17.959877955405090688
-20.381797817104825299
-21.793691825697436570
-22.667501996260241981
-23.323599387046627385
-23.904255348340342380
-24.468925811050453945
-25.011030430042580974
-25.489358984327310509
-25.862152034231726816
-26.122477116375975470
-26.281131913720528814
-26.341396579295761171
-26.298578922720494688
-26.143640672049542673
-25.863993251153956976
-25.443146621508844873
-24.858432710167633672
-24.072572598796625698
-23.016974344324310664
-21.624844607705753674
-19.934497298588496506
-18.041778182814653064
-16.019568244603391349
-13.913614810252198595
-11.757721361817459638
-9.580718893988318996
-7.408820435569708707
-5.266090450640831477
-3.173999873864744359
-1.150292440047593345
0.793164996545215217
2.654631247617203371
4.447550425170334165
6.181110152569743832
7.825063423371091176
9.344513703208207289
10.718464680861927718
11.934415740897492242
12.984502439943497620
13.864116600208774344
14.571525423571102920
15.107757166629113499
15.476465355775161470
15.683687440372608535
15.737486450412148997
15.647464514328873975
15.424187540403494268
15.079174705761317909
14.625974561469263335
14.080122063103402752
13.457374043579250156
12.772938143209870532
12.041422939501188694
11.276686299447305828
10.491519886462299382
9.697139569332051678
8.902329617430837061
8.111845814781446506
7.323130116221790331
6.519592638630683723
5.663632730385955938
4.725498223496430228
3.739674800286536538
2.773681445316327654
1.885899424254688483
1.115232490885802008
0.474834460387995705
-0.036151821312870425
-0.418187166562319135
-0.668527863865278960
-0.782745629347203931
-0.755737551582541300
-0.582045007838900119
-0.255768679482770267
0.229847451348121012
0.883299677453436516
1.716598069108641766
2.748861328102094603
4.013044059678975373
5.562241385737848987
7.449097005750502376
9.664924985866747420
12.123761683601856021
14.725257376593958725
17.388700375912975460
20.049803410012060567
22.655826105362478984
25.165006371302069965
27.548082301061327826
29.786543483782793373
31.860289280922387434
33.734847173007551646
35.361599870798414713
36.663797868201299934
37.498730960917896482
37.638940109418030033
36.976997225007352199
35.803463352232228090
34.504857494722074307
33.273307469034875794
32.165651963164179961
31.229180893482578085
30.515851043429307765
30.021885015004642128
29.680869927061763747
29.422949495827140254
29.203969951691107099
28.999793679750922593
28.797555821456455760
28.590536668689054522
28.375512920802947292
28.151403248871673668
27.918595421843178883
27.678680637921218022
27.434505879020719021
27.190587935925435659
26.954075589812561020
26.736566432495635581
26.556516887061150101
26.437741013189850037
26.393233928271598643
26.410001803134974807
26.465440035593957191
26.542954810919383135
26.632726940427033924
26.729110476486937387
26.828778774463614809
26.929697019965800564
27.030571208695420182
27.130549097136935188
27.229055013721705336
27.325697220743080607
27.420215066420666972
27.512447815403106688
27.602314847877863713
27.689801272128732990
27.774945502871759118
27.857826837033655920
27.938551996121276488
28.017240378608931906
28.094008705956127869
28.168956944377157470
