1480.783811595501219927
1513.837673337734031520
1566.142682426969713561
1637.590659369316426819
1716.664009316968304120
1787.826508840043288728
1840.755218598231294891
1873.301582204779833774
1890.631555825589657616
1901.266443973237073806
1913.342563219347312042
1932.176065469954210130
2112.214925313217918301
2303.789464353959374421
2510.176314825677309273
2735.847594600089905725
2985.337705015022493171
3261.730130606496913970
3565.368776213777437079
3893.216763810084103170
4238.978600956272202893
4593.833627346152752580
4947.505451406308566220
5289.413799654041213216
5609.731756561197471456
5900.242955135399824940
6154.952124623383497237
6370.358392173790889501
6545.631535672373502166
6682.660504606457834598
6785.915231943368780776
6862.167267678062671621
6920.062167901198336040
6969.534985032883014355
7021.077055569246113009
7084.896691060735065548
7170.058501905769844598
7283.718307422691395914
7430.574538774232678406
7612.624152008314922568
7829.249469101783688529
8077.632325701381887484
8353.273329829456997686
8387.243750848894705996
8437.492473533038719324
8498.095830541160466964
8563.159714781029833830
8627.250734199564249138
8685.731832902421956533
8734.994613270255285897
8772.591059534814121434
8797.272283103175141150
8808.943128875434922520
8808.541214032924472122
8797.849222897104482399
8779.251662277649302268
8755.450978030219630455
8729.165589974390968564
8702.838778631134118768
8678.389828705590844038
8657.037332900819819770
8639.216071787835971918
8624.594926360727185966
8612.187133447698215605
8600.530096932714513969
8587.903374522533340496
8572.551743466239713598
8552.884539241174934432
8527.630447014646051684
8495.948111007193801925
8457.457288873692959896
8430.893182225521741202
8397.885620551731335581
8358.990960343431652291
8314.884540975632262416
8266.228126075462569133
8213.547110616766076419
8157.131898218367496156
8096.974830663955799537
8032.750918269661269733
7963.846455480145777983
7889.434656381987224449
7808.592120214918395504
7720.444737683026687591
7624.327078944261302240
7519.935812149885350664
7407.455703036276645435
7287.636720451988367131
7161.793939302530816349
7031.745545059490723361
6897.762680082519182179
6765.499892634070420172
6640.368413141615747008
6526.841080121163940930
6427.851082188449254318
6344.418998173355248582
6288.835700838981210836
6245.087686151257003075
6209.254589494845276931
6176.911726114733937720
6143.785787450594398251
6106.310658300433715340
6062.020964565793292422
6009.758028715938053210
5949.892545537479236373
5883.902781416675679793
5813.995942550760446466
5742.789672250941293896
5672.957841547458883724
5606.893112986899723182
5546.470486577770316217
5492.913531351496203570
5446.729024360624862311
5407.763894491034079692
5375.342213535062001029
5348.446615746197494445
5325.908256305510803941
5306.576124943427203107
5289.446788388595450670
5273.746169876644671604
5258.963667152866946708
5244.844933159254651400
5231.353114983583509456
5218.609816282749306993
5206.827099629771510081
5196.240882483854875318
5187.054304805844367365
5179.397218390186026227
5173.306620358079271682
5168.722226978520666307
5165.499397660831164103
5163.433409851598298701
5162.289161874932688079
5161.830572623481202754
5161.845087541000793863
5162.160373251912460546
5162.652047331956964626
5163.242819989659437852
5163.894550500452169217
5164.595409165384808148
5165.344637836117726692
5166.137409874128934462
5166.952081434503270430
5167.741740620411292184
5168.431394319211904076
5168.921324014445417561
5169.096017380109515216
5168.836644645495653094
5168.033592955024687399
1.524019270523074177
158.465049257909242897
328.630339764367590760
509.079106088010405529
697.843606217418027882
893.318729033323620570
1094.124527600195506238
1299.059298938808296953
1507.093066840053779742
1717.349922399904016856
1929.101727425554145157
2141.774367332479414472
2354.958813179761364154
2568.427738475426394871
2782.156616734450381045
2996.346847811456427735
3211.448020144854581304
3428.175909996766677068
3647.522428023281463538
3870.753629067613928783
4099.392183647471028962
4373.260246992307656910
4656.472125853341822221
4951.289913078800964286
5259.920601409624396183
5584.372933453642872337
5926.293417929944553180
6286.782515514812985202
6666.194504453856097825
7063.927756640596271609
7478.216859671098973195
7905.944834296746194013
8342.502765258403087500
8781.734573554786038585
9216.013671271957719000
9636.500722621025488479
10033.620564280750841135
10397.764848078724753577
10720.174005607515937299
10993.887807255228835857
11214.601135270815575495
11381.248805151022679638
11496.187131589176715352
11564.931204386764875380
11595.511208280317077879
11597.588091198247639113
11581.494628394537357963
11557.344919654475233983
11534.304711598153517116
11520.061054377458276576
11520.489099362568595097
11539.491822935773598147
11578.982651706743126852
11341.659308874413909507
11122.598140802314446773
10918.823459471141177346
10727.102237988208798924
10544.346877013800622080
10367.934810326927618007
10195.930352213981677778
10027.201130821242259117
9861.431752771541141556
9699.048498772770471987
9541.077938674783581519
9388.967216632277995814
9244.393695242306421278
9109.087442764857769362
8984.683377373241455643
8872.612570974852133077
8774.035645414505779627
8689.816119468985561980
8620.528120374865466147
8566.490866431591712171
8527.821384087161277421
8504.496730495673546102
8496.417319171814597212
8503.463678020103543531
8525.540070761351671536
8562.599866595379353384
8614.649329110507096630
8681.728528400843060808
8763.870259719216846861
8861.040013715777604375
8973.062054045383774792
9099.538355746826709947
9239.768421817985654343
9183.401151016278163297
9138.553237044648994925
9103.751936772334374837
9077.303031695279059932
9055.536402346388058504
9037.278455013411075925
9021.450131150852030260
9007.137200742354252725
8993.641696347795004840
8980.508767873690885608
8967.526698145409682184
8954.701592803332459880
8942.211649900104021071
8930.348316926389088621
8919.452717791329632746
8909.855451749288477004
8901.826472013426609919
8895.539625643317776849
8891.054016466157918330
8888.312013767072130577
8887.151754355794764706
8887.330556836417599698
8888.554873892611794872
8890.512252434167749016
8892.901189725103904493
8895.455648002995076240
8897.962146849527925951
8900.268606439558425336
8902.285282081409604871
8903.979063375598343555
8905.363013436110122711
8906.483271478155074874
8907.405364036689206841
8908.201642137166345492
8908.941072929888832732
8909.682072733970926492
8910.468546631125718704
8911.328863680468202801
8912.277188271529666963
8913.316411376992618898
8914.441885029373224825
8915.645232836281138589
8916.917660609657104942
8918.252395540030192933
8919.646090934003950679
8921.099227061286001117
8922.615693559664578061
8924.201828706944070291
8925.865225063598700217
8927.613593720896460582
8929.453915181382399169
8931.392022334339344525
8933.432669104446176789
8935.580058694893523352
8937.838749422277032863
8940.214831091341693536
8942.717281439365251572
8945.359465602025011322
8948.160835697526636068
8951.149023786521865986
8954.362695473048006534
8957.855752930921880761
8961.703772886847218615
906.101029801909135131
