2902.232601189511115081
1182.396152947727159699
54.676484379535253311
17.946977649337789273
2.408763865540158200
0.956122412186565906
0.745773719762227172
0.740537987193727654
0.735533889734781177
0.730676407481561041
0.726047755617629798
0.721686350252013886
0.717594309552484821
0.713758573285812381
0.710161281559195001
0.706784015344160244
0.703609340244217396
0.700621291506044241
0.697805453685806043
0.695148885605090028
0.692639989270599443
0.690268363751866287
0.688024661661002179
0.685900456247606538
0.683888121953974637
0.681980729288000465
0.680171953497476833
0.678455995971604331
0.676827517119552358
0.675281579236964968
0.673813598178171325
0.672419302569816746
0.671094699364349401
0.669836044813202358
0.668639820129864115
0.667502710732304161
0.666421588851347502
0.665393498640293846
