10643.738147306050450425
5819.147735688038665103
8892.973302684953523567
10189.334523717852789559
10704.115712316066492349
10913.846833375275309663
10978.918920080588577548
10914.309171908962525777
10795.814319383904148708
10626.467773030315584037
10425.697098961691153818
1858.201829855784353640
9907.550591300087035052
9504.376272418243388529
8873.757443201577189029
7895.393241707670313190
6669.521991533311847888
6263.617626260894212464
6853.577006619177154789
7493.446307880855783878
7883.568063986038396251
8090.487388460532201861
8304.860945024132888648
8648.656657318608267815
9129.072580329819174949
9276.213407639255819959
9344.921402426140048192
9443.024248688792795292
9496.381310939159448026
9442.272870309638165054
9230.431920075898233335
8826.315085318859928520
8225.591074279505846789
7490.904928815778475837
6783.950819907212462567
6313.053784383912898193
6190.167444976042133931
6349.943091901086518192
6624.163795095550085534
6873.062189487374780583
7046.594371647916887014
7140.019538215809916437
8484.979368980481012841
7207.049597402447943750
7250.115501990439952351
7336.303037553348985966
7478.303004003427304269
7672.517270944830670487
7898.830048182404425461
8125.212331785913193016
8315.538002937024430139
8436.960530763151837164
8464.592048916236308287
8384.232476060740737012
8195.735412783707943163
7920.054641236893075984
7607.721993058907173690
7338.377157873290343559
7199.882998251285243896
7249.106385593829145364
7481.477041667001685710
7834.933113031012908323
8224.864831716617118218
8581.095515060411344166
8863.411294718020144501
9057.480386679939329042
9164.993734441321066697
9196.359202738787644194
9155.677454315231443616
9068.906890559193925583
8448.104800115759644541
8843.619379243395087542
8737.692837654125469271
8641.956308520393577055
8547.743373960402095690
8443.230371788209595252
8323.356472521505565965
8201.472354298044592724
8111.677339442082484311
8095.461089126879414835
8178.590687293813971337
8354.248551002401654841
8583.973674587787172641
8813.518392035752185620
8991.223374787974535138
9079.169475117738329573
9056.426262355600556475
8929.634192123092361726
8722.171066739732850692
8363.907709680597690749
7642.486226797252129472
7084.524677266645085183
6897.152335128245795204
7077.166412904942262685
7416.935337734932545573
6337.854216216592249111
7821.628748023132175149
7799.178794028524862370
7680.352752786398013995
7535.551922435957749258
7430.476531843916745856
7403.154230067822027195
7449.857947083890394424
7448.091111877265575458
7430.746403093766275560
7402.958565230565000093
7350.694071444132532633
7276.048586385055386927
7197.901231997457216494
7144.728859681507856294
7124.882340035566812730
7118.530082385668720235
7118.822306468185161066
7118.888589786682132399
7114.936142290584939474
7106.949282033108829637
7097.378265193287916190
7089.144940307111028233
7084.154170549682021374
7082.773737923821499862
7084.086011999949732854
7086.488619471781930770
7088.312547184777940856
7088.327471676109780674
7086.134677253622612625
7082.426110230567246617
7079.275424744698284485
7088.518604592145493370
7102.474822771584513248
7121.647896567962561676
7144.051207687381065625
7165.342410539884440368
7180.579763052930502454
7187.390741303913273441
7189.102663328056223691
7195.535667063041728397
7219.771787967051750456
7271.621686280544054171
7351.124136547248781426
7445.944439652386790840
7534.644566181887057610
7595.453638930077431723
7618.473023202658623632
7615.855726440045145864
7620.151223695487715304
7666.100267610772789340
7768.364495626587995503
7914.404790404443701846
9769.501943799259606749
0.000002412145713948
304.236807851741446029
294.827398353626108474
287.222314523619445481
281.979909272501799933
279.579422519182855922
280.444522980765555076
284.975479651583270879
293.584030385768755878
306.726131323893014269
324.929297056518180398
348.812121280627820852
379.094169572179339411
416.595695643625901994
462.226830497972059675
516.967834556916955080
581.843332993985427493
657.893541051306215195
746.148394247225951403
847.607383186008178200
4097.489406804294048925
1093.936900474782305537
1240.625817626606703925
1404.199229740722557835
1585.604671874095629391
1785.882861103364348310
2006.209028012584894896
2247.908282132722433744
2579.048849600707853824
3003.129106421213691647
3475.498938367521532200
3998.103080939098163071
4571.345459420977931586
5192.612157871881208848
5853.946668692213279428
6539.235343693538197840
7222.435616606282565044
7869.646699257835280150
8446.985833554166674730
8800.957461058620538097
8907.059302686926457682
8942.949356554194309865
8921.676044565650954610
8853.212841222582937917
8745.901197338918791502
8608.764031266222445993
8452.757505640687668347
8290.398715887442449457
8134.299185211891199287
7995.446143636089800566
7881.791638328037151950
7797.287733836818915734
11593.847327870787921711
7708.114638506881419744
7687.309416052992673940
7664.336629590982738591
7622.793722503261960810
7547.773196594506771362
7429.690726569390790246
7267.039171218297269661
7066.732415045194102277
6841.895738592790621624
6608.265464643516679644
6380.787110455902620743
6171.427022196986399649
5988.328875686274841428
5835.930820000640778744
5715.542624255230293784
5626.054159165566488809
5564.599163180002506124
5527.127423065698167193
5508.874345569302931835
5504.735132864348997828
5509.544610542070586234
5518.267355157180645620
5526.148326926427216677
5528.907626221318423632
5523.077642149070015876
5506.502849685263754509
5478.887934202544784057
5442.173304894487955607
5400.505823174337820092
5359.732094697728825849
5326.502990870362737041
5307.234951743938836444
9250.230907663595644408
5329.526249816639392520
5375.288920524197237683
5442.835202828180626966
5279.029534103027799574
5345.770052624795425800
5415.864451547068711079
5485.580186898357169412
5552.080841551868616079
5613.724652023068301787
5670.008750636745389784
5721.242015191290192888
5768.102293046451450209
5811.259274966679186036
5851.170228480834339280
5888.058514272320280725
5922.011643040882518108
5953.114767152731474198
5981.538468849283162854
6007.552739188105988433
6031.482413524410731043
6053.633701234246473177
6074.234307977979369753
6093.412552867690465064
6111.209058940221439116
6127.613833230199816171
6142.604455409365073137
6156.171360574302525492
6168.328185530684095284
6179.103835632816299039
6188.535984561240184121
6196.660074749876912392
6203.505626405477414664
6209.094644138203875627
6213.448019656029828184
6216.583871588541114761
6218.515631340264008031
6219.249745282693766057
6218.779178895482800726
6217.078758284142168122
6214.106246007080699201
6209.802848365899990313
6204.099054074305968243
6196.917501749237999320
6188.173147528911613335
6177.768550310800492298
6165.585011227438371861
6151.480570927650660451
6135.294426251621189294
6116.866178054619012983
6096.070824540795001667
6072.854965283927413111
6047.260719554932620667
6019.428381078985694330
5989.557929276427785226
5957.862336131566735276
5924.511892373419868818
5889.618448980617358757
5853.268136060572032875
5815.601500109033622721
5776.914623541631044645
5737.738328996390919201
5698.856895012704626424
9286.737834492541878717
4014.721777331587873050
