1828.074566784192938940
1955.377368790278069355
2197.850299080315380706
2556.410398350164996373
2504.687759482892488450
2543.002418834218588017
2651.075671485512430081
2807.389828784600467770
2974.072406608250730642
3156.778684016479928687
3345.680637241187469044
3532.640158051261096261
3709.644109564320388017
3867.576355934480034193
4092.608758054914233071
4279.648063956049554690
4414.852099747087777359
4484.382690902772083064
4478.258055195243287017
4389.012894241117464844
4212.508090784212072322
4691.189357926685261191
5097.642163726087346731
5447.013432598938379670
5753.134968602313165320
6027.574921683780303283
6299.435784026834880933
6564.310188713112438563
6814.847998557490427629
7051.642017462189869548
7273.644381063184482628
7478.867837130133011669
7665.048766719137347536
7830.213502449209045153
7973.120178619820762833
8093.571626517569711723
8192.608260508521198062
8272.594080378494254546
8337.206208200277615106
8391.332055908909751452
8451.711670887152649811
8558.733213489464105805
8674.703734668761171633
8806.200855410734220641
8958.976120420447841752
9137.495803023291955469
9344.597594905731966719
9581.319874628119578119
9246.432597170405642828
8945.289246364643986453
8681.507373545598966302
8457.112057601629203418
8272.391123328879984911
8125.983067391621261777
8014.899597014645223680
7935.401598452781399828
7883.748209688287715835
7855.817586439429760503
7847.808041232173309254
7856.450044146482468932
7879.088598916124283278
7913.651482972949452233
7958.529577466046248446
8012.400123728254584421
8074.024181088033401466
8142.047166224451757444
8214.826750750649807742
8290.305905266630361439
8347.517787157034035772
8396.024095028586089029
8438.230505237481338554
8470.335839721950833336
8493.275170714943669736
8499.906105543081139331
8483.788045689227146795
8440.587500836196340970
8621.378480731014860794
8769.364491522503158194
8883.816265750814636704
8964.666453947169429739
9012.450834618726730696
9028.262512657065599342
9013.724811128839064622
8970.983755385275799199
8902.715916868446583976
8812.142090839193770080
8703.032319412159267813
8590.181968886159665999
8484.723755936029192526
8413.131087841615226353
8302.908583496522624046
8061.945213042452451191
7832.708994532628821617
7620.595809429339169583
7430.295982995553458750
7265.397495459625133662
7128.108541128355682304
7019.142524821381812217
6937.775970823019633826
6882.055707327774143778
6849.106802521144345519
6805.071308106706055696
6776.838437544010957936
6760.853842082401570224
6753.770525527696918289
6752.614566794145503081
6754.882484191367439053
6758.579656386633359944
6762.212674054711897043
6764.748987091907110880
6765.555951750192434702
6764.329320917427139648
6761.018994485332768818
6755.757777741276186134
6748.797113266728047165
6740.452263640929231769
6731.058198214326694142
6720.936440622700501990
6710.372341214811967802
6699.601646422584963148
6688.804841698735799582
6678.107538565554932575
6667.585146651192189893
6657.270189043021673569
6647.160845160259668774
6637.229603032933482609
6627.431229062807688024
6617.709586951906203467
6608.003131020766886650
6598.249142472304811236
6588.386965106356910837
6578.360616849305188225
6568.121208747797936667
6557.629593632116666413
6546.859590748389564396
6535.801998606620145438
6524.469412827564156032
6512.901622628259246994
6501.171069876169894997
6489.387543175086648262
6477.700970677049554070
6466.300915757941766060
6455.411258263504350907
6445.278682581458269851
6436.154188147134846076
6428.268124850794265512
6421.801399459408457915
6416.858253945450996980
6413.448249445957117132
5148.354169783727229515
5289.333530848532063828
5482.002744738694673288
5726.812910388996897382
5785.553273823219569749
5884.760323883722776372
6015.333051512333440769
6167.618315115973018692
6375.675950639725670044
6591.585496174938270997
6810.492275559421614162
7028.834400850599195110
7243.111986052867905528
7449.328804656380270899
7686.620140106861072127
7897.691830109490183531
8080.468627348135669308
8234.584510939332176349
8355.617979201117123011
8440.268163509970690939
8486.715993658319348469
8877.179666421410729527
9236.332212927287400817
9571.062866780670447042
9887.641980117268758477
10191.294437677574023837
10442.054802166558147292
10664.269395586916289176
10881.258400286473261076
11093.210834844159762724
11299.562609410157165257
11499.313768019108465523
11691.327042986735250452
11874.581323918497218983
12048.367783812473135185
12212.427162624284392223
12367.032931752080912702
12513.026997765782653005
12651.813314304547020583
12785.311746161083647166
12892.480683267172935302
13019.468330417295874213
13148.937929615545726847
13283.497639291001178208
13425.383992050466986257
13576.264762588723897352
13737.094398843382805353
13908.047242899972843588
13779.426669197171577252
13662.450796880732013960
13558.725605149300463381
13469.193889393756762729
13394.064183641348790843
13332.844180216145105078
13285.050748816636769334
13249.426068324273728649
13223.550278132403036579
13205.797761252333657467
13194.703005003908401704
13189.052720168152518454
13187.920333196962019429
13190.649888684714824194
13196.801171815266570775
13206.069847007496719016
13218.196516838555908180
13232.877455572564940667
13249.687651966714838636
13268.023852742269809823
13326.826986504007436452
13397.942538801415139460
13467.549664131507597631
13534.287580083644570550
13585.887874490201284061
13627.020950748790710350
13660.600583783188994857
13684.970948308357037604
13814.048105234405738884
13931.853168249348527752
14038.264955411583287059
14133.402688885178577038
14217.591194300046481658
14291.334161039800164872
14355.298641609451806289
14410.311623298426638939
14457.366957654719954007
14497.638283029949889169
14532.491074113124341238
14540.831926911823757109
14510.549793302334364853
14397.268785635351378005
14364.413250006306043360
14260.193869176322550629
14162.239949221046117600
14072.851328069040391711
13994.032630137367959833
13927.301290396955664619
13873.551552488679590169
13832.995846378848000313
13805.189130770868359832
13789.125154828296217602
13783.381372540616212063
13771.441923030317411758
13766.461681438038795022
13766.757343884113652166
13770.757146791176637635
13777.076977565073320875
13784.563840889539278578
13792.311327703791903332
13799.653389940258421120
13806.142925858503076597
13811.521026668509875890
13815.681694569184401189
13818.635730821133620339
13820.476470174629866960
13821.349168655244284309
13821.425137079128035111
13820.881134937695605913
13819.884076234124222538
13818.580735793426356395
13817.091876760983723216
13815.510044161121186335
13813.900181623830576427
13812.302222298510969267
13810.734867322655190947
13809.199877570095850388
13807.686349959436483914
13806.174607663147980929
13804.639489646955553326
13803.052966052911870065
13801.386122458965473925
13799.610646042086955276
13797.700003765776273212
13795.630529045089133433
13793.382628666297023301
13790.942285192999406718
13788.302965528993809130
13785.467951789460130385
13782.452992654791160021
13779.289031750675349031
13776.024616334505481063
13772.727435611055625486
13769.484306057707726723
13766.398854311681134277
13763.586206369414867368
13761.164272322774195345
13759.241836967308699968
13757.904713054023886798
13757.202569710989337182
13757.140158789510678616
2278.514358863444613235
