2933.130968312415461696
702.615204223078649193
67.928632648778844327
15.369803521439774130
8.264329077194810580
6.964965832061320583
6.543556387856588330
6.345471110860008146
6.234990389229183805
6.167610086277543147
6.123955356297510200
6.094293108373905810
6.073311549375941532
6.052629225140587543
5.989325400670733934
5.975986225351535452
5.966940119471416004
5.960141385789325064
5.955000853136484196
5.951078054842106724
5.948059242382653267
5.945719087922107349
5.943893380444211338
5.942460923737715284
5.941331307389460470
