23.282128860534896830
15.377985961982176377
6.931748899251530815
-1.258317642343328657
-8.529770897745052594
-14.015700618575351655
-17.671258193616608878
-20.197101473246689807
-21.767763560290248392
-22.820235737690794053
-23.628680899986349573
-24.287509289858235206
-24.833643927797922402
-25.279819284683242131
-25.620119534337831624
-25.839504953182569125
-25.947156465500000877
-25.963911612365677684
-25.900335795655209381
-25.757940613494241688
-25.533616756717762541
-25.220597079127529128
-24.807339516362475251
-24.273699181061274999
-23.581073405137104260
-22.655109636973477905
-21.419023769346253516
-19.897592017880370463
-18.170531680576516464
-16.293191951099657899
-14.293858962198072504
-12.190800257046674915
-10.001542316045629377
-7.747928268203821744
-5.459343257161748397
-3.174252813533996687
-0.938970329950279847
1.197834603490150585
3.195559607811020442
5.033007213352931331
6.693135382915613718
8.136472326801509780
9.358460916587944212
10.409285410096316582
11.338850101281764182
12.175618226965156055
12.933325260863966832
13.616190766292561420
14.219848464267698773
14.728409797823303506
15.109328466114646972
15.323837176402832938
15.360158927311147181
15.235487027987460351
14.972643581193779028
14.588384657008333534
14.094043486846373980
13.498833020204330069
12.813773934811138133
12.054272965579059473
11.240269358895517371
10.394470708907988410
9.539613901160208798
8.695483266907672260
7.875804401002909572
7.084184522945093931
6.307219948294516598
5.507716199898737841
4.653911668630343001
3.776258885385743724
2.936585619953262949
2.186277048894652353
1.556316987901368520
1.051446761692460541
0.662370726475359106
0.380626944338189332
0.201822260227771721
0.124492327465873132
0.149435206884362515
0.279717198412129164
0.521073047440239634
0.882616533656687352
1.377960246985594495
2.027104569419549307
2.859952218341049957
3.922686820843580335
5.283391700606955510
7.010350834041418011
9.109544073821723487
11.506536437555183738
14.106920360939795955
16.828232815465270278
19.595843061524817585
22.339092172416854964
24.993780619832477896
27.508136129339447962
29.845663332156703973
31.976212465241019345
33.864511991875389185
35.469451838344880912
36.727400715300774436
37.510723758094158597
37.605202046990214626
36.911851931671364468
35.723811098937389374
34.425425637635768794
33.204180870734148812
32.111819852867995451
31.191271436761269342
30.491464632781941191
30.007166048079398024
29.671915018857191626
29.416690607674439661
29.198452573381729280
28.994041231008480963
28.791275050781450773
28.583836146396293998
28.368704348574027563
28.144889164793994496
27.912817015438918133
27.674091780078725833
27.431543754064563245
27.189622178760970428
26.955335395825386513
26.740067268365834252
26.562027708747990573
26.444831713001832441
26.401404891825791310
26.418839406694303307
26.474717172267872911
26.552632702544912036
26.642874913393796987
26.739792589840419623
26.839952412912367663
26.941149801115756190
27.041905808940441602
27.141215657645346937
27.238426098841529210
27.333178267447152621
27.425382053573684971
27.515202599932649719
27.603046928156317108
27.689542551461698849
27.775501775687359896
27.861865908011139936
27.949623618139071368
28.039699585068689203
28.132818077539411661
28.229365175953375910
