306.475329053423479309
25.299739089702228512
3.831245583325253001
2.551661378339066033
2.057918286680568087
1.761415617519344057
1.556504521975570432
1.403679716021123625
1.283680163648162953
1.185766278156212383
1.103425923163949607
1.032478690975034086
0.970131147686866147
0.914462062791253749
0.864121241310052635
0.818143023341053377
0.775825645602905789
0.736650698360164058
0.700228183511021895
0.666258528851218723
0.634506127945507425
0.604780848378865366
0.576925101741669777
0.550804813947680216
0.526303132547854324
0.503316052355475385
0.481749381565126034
0.475519928468249753
0.315480438461962998
0.241880449210395171
0.202027501485912031
0.180999313708768123
0.169715761052234404
0.163451910457231675
0.159811242063705200
0.157579987927775195
0.156330273160552813
0.151787637965357242
0.150566006517483642
