32.280613935058383390
31.488178935190589414
30.373101334549147623
29.113636752803856211
27.776335857415162423
26.386720356731231618
24.939491466796269492
23.372641459533170405
21.603228866211367176
19.746352965233384680
17.888345796177475222
16.059709778692422333
14.273282508201276642
12.539335350932248048
10.877358813360928025
9.312574893656318409
7.841267053069088888
6.441494872076333422
5.095128577633659006
3.788489514181719642
2.511638609239156494
1.261659266288432946
0.045979311269235268
-1.114770829005777841
-2.179163338968834296
-3.068923383415949502
-3.703838430547449434
-4.108891307592557496
-4.365554483327144908
-4.529187120970249225
-4.625343945366125809
-4.666102777843804006
-4.657907963481619618
-4.604653709664546568
-4.508833066871233086
-4.371745244426648469
-4.192965169041031004
-3.968689758517285782
-3.687779142311796932
-3.326747936488999358
-2.869775173433765758
-2.344640210955986959
-1.786127220278757477
-1.216129499967195216
-0.648692339303920562
-0.093837298443446571
0.440811397304344155
0.949248951161564491
1.426628836464885808
1.868980323204823435
2.273062762510534185
2.636287130873995466
2.956585402031947751
3.232169067849923749
3.461796279483053240
3.646078644891247222
3.787573129996673060
3.889069654194628356
3.952903712852531726
3.981024201013298125
3.974967298439196384
3.935668084904278885
3.863072318214761935
3.755382969485253852
3.607522343534355969
3.407816494308889332
3.131083700478654919
2.731388747662322203
2.171744455498895832
1.482191122257631832
0.727377060405615339
-0.037160745878281887
-0.775763112315502212
-1.479123157344872652
-2.152093820526857826
-2.798733911758006343
-3.419387451188129035
-4.012318887962123881
-4.574905013162208434
-5.104168319495244077
-5.596915717177950000
-6.049548079964210956
-6.457441593021172821
-6.813602445392007212
-7.105949182325019819
-7.312325605655729532
-7.395621871673085934
-7.316651733778883226
-7.073573609293021036
-6.711434091462479046
-6.280400272806048179
-5.814230255545425052
-5.334145638937570766
-4.854298908477318264
-4.384719664714140208
-3.932722853187073042
-3.503595192780750267
-3.100959934272708551
-2.727000145935051023
-2.382621255639890023
-2.067594873723578530
-1.780714759902082278
-1.519987836230399125
-1.282863974153997333
-1.066483355916915343
-0.867907300713426366
-0.684304948218027675
-0.513084559583063538
-0.351972109628633234
-0.199046676765817665
-0.052743499461769261
0.088165592908552526
0.224606487688390644
0.357245627580937253
0.486536550190635353
0.612766423504211843
0.736099808371903919
0.856617693445684836
0.974350577563882325
1.089304998652409040
1.201483460536081793
1.310898139163697351
1.417579074978846165
1.521577760702427895
1.622967122497982473
1.721838888317080318
1.818299236518100770
1.912463481487037598
2.004450371580901447
2.094376397013263613
2.182350343134999093
2.268468190666794726
2.352808387112560240
2.435427473155101552
2.516356062091688273
2.595595233540194613
2.673113485749269103
2.748844499812037157
2.822686079078465582
2.894500699077383388
2.964118162511198307
3.031340836625730617
3.095951893556730283
3.157726868773693241
3.216448687981227295
3.271926023944899953
3.324014203952771140
3.372636479387665531
3.417801241134668544
