22.165104338317320298
14.133622667533046524
5.565314214731131415
-2.419256850770473477
-9.000761561072479822
-13.577926540402046385
-16.527683206133772842
-18.806736716140036947
-20.650921751556936101
-22.467350199120375009
-24.434401482322982702
-26.489660277331410043
-28.500447710758066933
-30.353784822781364028
-31.984351276102103157
-33.368774975592444321
-34.528920089789338022
-35.499539237806502001
-36.301263411205681564
-36.942260921904832571
-37.423208145744496278
-37.738577095665604588
-37.876481732489011733
-37.816549062240895296
-37.521778398395611021
-36.922241819213581948
-35.948475237345746791
-34.634852853797951866
-33.071960567708515555
-31.326059669043104350
-29.434969917858808230
-27.423439586620389719
-25.310438279435629738
-23.111969938660820389
-20.842113628005535020
-18.513214987709574189
-16.135382192944604185
-13.714868735228236574
-11.250162901579045638
-8.726987616751273436
-6.137478874311739219
-3.514810816943509053
-0.897708919470062483
1.688711613962283309
4.227809058402300479
6.707334693249634938
9.117392907562873461
11.449192859371208897
13.694186377384568232
15.843613283190165930
17.888550120190132020
19.820430689340980734
21.631817838458601955
23.317158028623879318
24.873883900400244329
26.304204051714293655
27.615325333783147244
28.817565242553769167
29.923188333669457961
30.945823971794169438
31.899751333598885594
32.799064431620024607
33.656726705588908999
34.483373214959584629
35.285453591495524961
36.061741854938816232
36.796435276774900558
37.451982011427531916
37.997717964455347328
38.466014729580336962
38.920866466493606595
39.415636734828126464
39.982871461095641052
40.628484928633668005
41.344237785516639860
42.123012246388896074
42.962370054456414437
43.863432399347999535
44.829842117122751688
45.867120232578628247
46.982382251252715832
48.184562432367499696
49.485374917268586614
50.901395701948899841
52.458078754891232620
54.196865791839115900
56.181656082054558965
58.477924587221110642
61.090791200495260682
63.946994522217352142
66.954736397874057729
70.034359148767293846
73.112798186574622150
76.118911868901335538
78.986612342798281361
81.663183623767736208
84.115410357391198204
86.323107288878844656
88.267376750996703549
89.926053613760274175
91.250866771567899605
92.120625998225079911
92.317312749153103368
91.731193296057426778
90.643070739351202292
89.427589579484532578
88.266974677918369707
87.212128902823764065
86.308583635715507398
85.609904930905941001
85.116126486190239575
84.765703190213230300
84.493757599856536444
84.260564623385533878
84.045503635728721292
83.838203789639635488
83.633471848317384456
83.428785425935870990
83.223109631434908806
83.016391167106405646
82.809440424156520066
82.604108667970933766
82.403806466990317858
82.214554894070573710
82.046880537026225966
81.918294256133464160
81.851845735002456195
81.859981987958548189
81.929384276466521442
82.037323372704207713
82.167235062450032501
82.309426824012632551
82.458419945360049041
82.611047410997855422
82.765389641251772446
82.920198033593493392
83.074580393174301207
83.227828462010762678
83.379324845994972293
83.528495627850645633
83.674790020975507332
83.817676551629347159
83.956649856873809767
84.091244841789830389
84.221056388401052573
84.345763255773960054
84.465154094768536197
84.579151436152642418
84.687826676509075696
