32.364282901356546063
31.578473260784988952
30.478946973447634150
29.224113571561730396
27.869232061236061782
26.446582129057958355
24.965305134866341064
23.373153929715371646
21.590328635693609272
19.731129830536787040
17.879026685364564742
16.060329992694875045
14.282975171543739634
12.552544025288000284
10.885208651586964379
9.305113570072336415
7.809919101534433139
6.381413880082675405
5.007295444358078385
3.680814286640668342
2.397796072574493564
1.157213611370877970
-0.036429072615277391
-1.168358805980517445
-2.203039271785115716
-3.066399809387945652
-3.680564234805757451
-4.071538137468309060
-4.321059932603134257
-4.484309102894030730
-4.586339887897082690
-4.638449973817756700
-4.646028536775304474
-4.611622955891675701
-4.536068085535077898
-4.418701003387667470
-4.256901723548139671
-4.044606567528916230
-3.768625449796189741
-3.403993477316674898
-2.934349939686228481
-2.388136845003401731
-1.802050836906317954
-1.200935162943665091
-0.602392370131781263
-0.020059109168897749
0.535326626706279285
1.055616651751648760
1.535082990884603760
1.970189430051931367
2.359260056140243478
2.702043280397049330
2.999161051521525678
3.251484699756161945
3.460114771993801241
3.627509367719795819
3.757491776859552601
3.853523029322360571
3.918044629184919359
3.952603213461202358
3.957896045402691243
3.933662900902788806
3.878385423225296336
3.788630597545250112
3.657622723220924854
3.472052714830198283
3.205303269470476835
2.810339508691953370
2.249525312050394632
1.552771724183401147
0.785123506520989167
0.002980203953768523
-0.756785011144984310
-1.483452286215367621
-2.180431633514274381
-2.850466654751187434
-3.492825022150498171
-4.104967887234437285
-4.683693711556486505
-5.225570282271291944
-5.726968436968945753
-6.183808285311272357
-6.590943923567294860
-6.940892030516636169
-7.221247322624691378
-7.409864510027801998
-7.470146920764648257
-7.364035457446306054
-7.091422936179498038
-6.699529612335254569
-6.240821325988775925
-5.751106880438129565
-5.253100650886182166
-4.761732539045937074
-4.287103709435257315
-3.836024191948837370
-3.412881792195236130
-3.020187962150657768
-2.658948453969827597
-2.328926771024043774
-2.028845365423819658
-1.756570074279750315
-1.509319449751188813
-1.283914797295580001
-1.077049194976240187
-0.885532632982005907
-0.706477797288073361
-0.537413310616273066
-0.376330340263706375
-0.221677559188265150
-0.072320824513440130
0.072518176142239099
0.213333040136859609
0.350405036935597991
0.483870655201570798
0.613780228540434791
0.740145293034345286
0.862973802235245557
0.982293531393281683
1.098164898325990180
1.210685040588458605
1.319985290287746693
1.426224235213965130
1.529578390332090976
1.630232180317250368
1.728368536985385617
1.824160968726289411
1.917767553459384544
2.009326939984418914
2.098956167346585744
2.186749922935774748
2.272780758258846845
2.357099777086801851
2.439737362807278487
2.520703624519995856
2.599988394098517119
2.677560763229934082
2.753368314677658191
2.827336348860995940
2.899367511519358231
2.969342318594215158
3.037121100024478437
3.102547887842376895
3.165456743176576992
3.225680927425401023
3.283065128954035572
3.337480470092373253
3.388840937095750405
3.437118167376553401
