470.241389017491144386
204.865509856259421895
11.404256883471422412
2.816828195839674365
2.285755121170898629
1.985194746164785196
1.751552263325536485
1.559998568322667811
1.400492452261519194
1.266801723742638996
1.154324587089465393
1.059430491148914744
0.979174309980526125
0.911135142938870657
0.853309600996160489
0.804034100105050165
0.761924865816927088
0.725829914067060877
0.694789785695304252
0.668005068033361904
0.644809393359192518
0.624646955006320725
0.607053786866427969
0.591642192443833870
0.578087812357462205
0.566118896064831789
0.564659022367837160
0.504019108719089948
0.470267662334634517
0.453199795659027960
0.444102690569528169
0.439284775179888121
0.438059177784529075
