306.772148875565562776
29.380702685098750493
7.105811250003482016
3.683845957349241029
2.783655230263523794
2.257374118427724952
1.899088864314011360
1.633506953249912685
1.426311401328611339
1.259173073954796385
1.121259330397508025
1.005659846341672603
0.907685454289390625
0.823987109876421320
0.752069316479636596
0.690007066524365054
0.636273685749935591
0.589631813189820275
0.549061660576696031
0.513712009835036842
0.482865513524556422
0.455913273354341286
0.453102366352186370
0.314749442714668703
0.273214638407452082
0.270079435380519428
0.251823928254759577
0.250067808315598772
