8706.312709780966542894
8445.383440839555987623
7780.475048933635662252
2908.085564814741701412
6376.480634666325386206
5528.105532274606048304
4736.957338323722069617
4057.536571598340742639
3779.116541136876548990
3925.386464941269423434
4490.384552706151225721
5357.388964136367576430
6344.770344420121546136
3594.467564521275107836
8132.330330918314757582
8799.328790284651404363
9305.270488807003857801
9853.356538517966328072
10425.002025828382102191
10887.947885043251517345
17270.813722241931827739
11630.721918450481098262
11957.692955443128084880
12245.748454254149692133
12490.654068412235574215
12453.854078941676561953
12295.647537093449500389
12096.771752144743004465
11858.045592307857077685
11579.731274713154562050
11255.881331698732537916
10891.396550815408772905
10492.263877240857254947
10065.883213787217755453
9621.563849466590909287
9170.969875700227930793
8728.270429728523595259
8309.760353560010116780
7932.819334189425717341
7594.300909247664094437
11001.982826846962780110
7106.261857395626975631
6982.983344915915949969
6940.866532392788940342
6972.322422765955707291
7065.975984538245938893
7211.669998161361945677
14940.816357707199131255
7604.008905976278583694
7792.828020918700531183
7947.262946466746143415
8051.973282046781605459
8101.822267082003236283
8099.556443495401254040
8054.534687478004343575
7981.716502288696574396
7899.793939810774645593
7827.527116972785734106
7780.911395487643858360
7770.377768621372524649
7799.190388400764277321
7863.502890192179620499
7953.945440699839309673
8058.124068273821649200
8163.252356715517635166
8258.302494568717520451
8335.390616713619237999
8390.404071845712678623
8404.215328843692986993
8392.618430025260749971
8367.318429268658292131
8335.728280480256216833
8310.928007589023764012
8296.926264747326058568
8296.298742359796960955
7908.903102118294555112
8337.514560949175574933
8370.706970945517241489
8400.700599006157062831
8416.112011910756336874
8405.128217830841094838
8357.119945589831331745
8264.151868987311900128
8122.308173117055957846
7932.780922931357963535
7702.576520273900314351
7444.515579644214085420
7193.154261404301905714
6979.376300460246966395
6331.734878361224218679
11564.984843293083031313
5802.798496436893401551
5802.820515088386855496
5870.269369586995708232
5972.776959414203702181
6077.770033167113069794
6165.734835324617051810
6234.641392805136092647
6278.145923901087371632
6307.943690035980580433
6451.366875287398215733
6379.841331657913542585
6449.201352529030373262
6299.854828588608143036
6157.091908576260721020
6106.295811014472747047
6100.219524154175815056
6090.950619431181621621
6069.312761785342445364
6070.583322618635065737
6101.227360265847892151
6113.475921573055529734
6110.999217371882878069
6098.562109347061777953
6080.973287874880043091
6062.259787297284674423
6045.194151287424574548
6031.192671155791686033
6020.508656553921355226
6012.590496448533485818
6006.469883394071985094
6001.079555734135283274
5995.451857113515870878
5988.797217319629453414
5980.494306336439876759
5970.040409941068901389
5957.894712021871782781
5970.995603240949094470
5980.926715741551561223
5987.765946127085953776
5992.172129635917372070
5995.707275768549152417
6001.143372254799032817
6012.594105708374627284
6035.268969655096043425
6074.657494725014657888
6135.077670647190643649
6217.800895317875074397
6319.337386109629733255
6430.711197461412666598
6538.373675534326139314
6626.709737770940591872
6681.266992518217193719
6691.510534383840422379
6652.323823833939059114
6564.277251289076957619
6433.521780378933726752
6274.748415182744793128
9098.835764811728950008
0.355934670428828037
588.102933921167959852
1048.619163366779730495
611.655870708675820424
1762.072834010419228434
1888.189551295549790666
1820.883802722043810718
1757.337175611842212675
1648.765428787159180501
1613.367619898426028158
1654.888683168212992314
1754.113722401368022474
1881.056549255480149441
1172.455667727613217721
2129.916999669797405659
2236.575007525115779572
2342.423505167165330931
2500.141783965461399930
2705.800686242987922014
2927.547242584215382522
4559.568783232841269637
3047.149158304090633465
2963.375357195622655126
2923.412944367393720313
2932.168683563922968460
2940.215045643531539099
2947.499967834385188326
2992.067302667272997496
3092.279024499501247192
3244.865995307062348729
3443.809677135075162369
3684.821293829297246702
3963.564219917789614556
4275.950426387343213719
4618.337898810645128833
4987.663062522187829018
5381.509338764386484399
5798.088078774196219456
6236.104499373866929091
6689.961295939045157866
7974.560513709215229028
7604.557047309094741649
8083.662545833060903533
8571.028121649300373974
9060.470278889459223137
9544.493427315652297693
10014.948478082062138128
12206.205706872180599021
10483.183515758033536258
10472.715329025335449842
10438.071722067132213851
10384.465096850946792983
10316.680181958778121043
10238.995286816658335738
10155.934664736741979141
10071.648787675505445804
9989.381748852283635642
9912.585274130507968948
9843.894012292894331040
9784.738814224776433548
9735.156665625620007631
9693.903977598407436744
9658.850724616979277926
9627.524064977380476194
9597.639897534891133546
9567.506435815264921985
9536.259693773268736550
9503.950420435548949172
9502.756725563071086071
9513.092293562545819441
9527.468002707028063014
9548.777574165251280647
9571.699112798163696425
9604.234921795039554127
9652.759564892945491010
9628.670150928144721547
9806.447635285869182553
9914.298201209874605411
10043.534708393477558275
10194.062072505181276938
10365.473702113094986998
10557.230361624819124700
10768.803595403333019931
10999.766249946169409668
11249.811668750731769251
11518.652304312408887199
11805.687600819337603753
12081.619599574476524140
12325.222828783935256070
8578.495248224471652065
13177.444738752976263640
8832.625461943354821415
9069.080312355588830542
9301.971004975453979569
9513.373293963693868136
9685.424345312378136441
9804.706343209558326635
9862.407168375468245358
9872.865614604408619925
9846.266304722341374145
9886.000694191108777886
9740.850090162619380862
9684.751347701778286137
9847.424232409544856637
10036.267954092538275290
10165.899624284753372194
10261.424290735578324529
10351.277393254656999488
10432.882759513422570308
10466.690755245181208011
10445.535598654476416414
10418.126008260283924756
10387.274157888494301005
10356.004906120704617933
10327.024022803365369327
10302.308989566807213123
10282.908551203201568569
10268.964713086852498236
10259.906230986927766935
10254.726075686190597480
10252.254413268939970294
10251.364201112544833450
10251.083099338538886514
10250.617044462036574259
10249.310831687247627997
10246.580569244575599441
10241.043809840519315912
10206.843995181574427988
10169.417567087539282511
10128.334094293682937860
10083.631606168122743838
10036.155902106460416690
9987.920661656657102867
9942.373499353698207415
9904.410051461976763676
9879.969018255893388414
9875.119478720333063393
9894.751894425809950917
9941.264141068035314674
10013.824843341375526506
10108.676262845468954765
10220.453168422107410152
10343.924059289436627296
10475.337262930535871419
10612.832620885385040310
10755.906347062222266686
10904.475145789190719370
11060.047016200271173147
13629.306462293430740829
2733.249843912483811437
