9132.001951223057403695
10037.793595586270384956
10573.955932942468280089
2894.487041556752501492
9757.272056241134123411
8140.445052024196229468
5362.890844855657633161
3067.769422668824063294
3282.368582121753206593
3420.704014804258349614
3899.968275386091136170
5945.099640608817026077
7835.203999267321705702
3594.232570156515976123
9583.487959089770811261
9847.096116695156524656
9879.395569791571688256
9973.071814118780821445
10227.600722242450501653
10504.097343106235712185
10816.026006556385254953
11158.546120224138576305
11515.643799650248183752
11868.245466407335698023
12200.844028307743428741
12210.517132656212197617
12086.921798465191386640
11933.155530728587109479
11738.203448812464557705
11500.815313182594763930
11222.449821249796514167
10905.995595626292924862
10554.799478965229354799
10172.379260724295818363
9762.881390441634721356
9332.163114020477223676
8889.431251733496537781
8449.463093106600354076
8034.778314313542978198
7675.076500979852426099
11003.467124214106661384
7238.360100267155758047
7165.767597471474800841
7168.117421065977396211
7228.084148397776516504
7341.482756139229422843
7509.278710221234177880
7722.388888205035073042
7955.224593062804160581
8171.491237615193313104
8334.848959056882449659
8417.090385388672075351
8402.140819010923223686
8288.184218584041445865
8090.292713448907306883
7843.962645614462417143
7604.407135113591721165
7434.626566369574902637
7383.885093731189044775
7467.696528959914758161
7663.663146448677252920
7924.999327084552533051
8200.578156386753107654
8449.239682144248945406
8644.583073661027810886
8773.663875996488059172
8833.938924709680577507
8830.585121620051722857
8763.046384220149775501
8654.153410740491381148
8524.771492138796020299
8392.231885155342752114
8274.755464475563712767
8181.461002172608459659
8116.318027308200726111
7908.997321610113431234
8061.291376099186891224
8054.807442589965830848
8048.052248638626224420
8032.333732713757854071
8003.184801862708809495
7960.713457180721889017
7908.415112817675435508
7851.184327608452804270
7793.483717526854889002
7738.422736540592268284
7687.904598574019473745
7653.145557960869155067
7641.363916606890597905
6406.026487543806069880
6413.533590285616810434
6436.890989574500963499
6463.659739164912934939
6483.164674414379987866
6491.792066874976626423
6493.695893322043957596
6497.816450046497266158
6512.681619481490088219
6535.984308110482743359
6562.633830054815916810
6454.055638857693338650
6598.555005606524900941
6602.350644322052175994
6526.248083721469811280
6444.257164923722484673
6388.964607139025247307
6351.012115111397179135
6317.590322337581710599
6285.705417232465151756
6265.684007501667110773
6259.285802356869680807
6251.756214233183527540
6244.054377184510485677
6236.986226798449933995
6230.898689495741564315
6225.699185929596751521
6221.024450826995234820
6216.429573555036768084
6211.575480779103600071
6206.417406980066516553
6201.323228128212576848
6196.972338010315070278
6193.945903343235841021
6192.144564574393371004
6190.441022744271322154
6187.039687279141617182
6180.942788128058964503
6181.198193582996282203
6182.673862326629205199
6190.494940626059360511
6208.602926046098218649
6236.049298323200673622
6264.700922871608781861
6281.647962213086429983
6278.171541614751731686
6261.055539526485517854
6255.613490959981390915
6292.985816130238163169
6388.106806090873760695
6525.440643003136756306
6663.613225283575957292
6752.109762249319828697
6752.974300450354348868
6680.657944754963864398
6631.280113999204331776
6720.221241885318704590
6980.222897974555962719
7351.453581079286777822
9954.847662717747880379
0.010469278483753390
2003.603518437028924382
1952.374602794707243447
1903.791092630390039631
1857.667189248939166646
1813.665481987812654552
1771.423422461021573326
1730.681865688066409348
1691.389800295803752306
1653.764697586810825669
1618.301630409723657067
1585.732801279881869050
1556.955676918430754085
1532.949269628427600765
1514.699006967754712605
1503.143395173603721560
1499.148468953372457690
1503.508899686093172932
1516.971239448340156741
1540.271684941036482996
4565.962232769001275301
1619.556279476186546162
1677.376195192565774050
1748.785480830957340004
1835.115520458497258005
1937.895268161325702749
2058.843205253564065060
2199.837522467747930932
2391.524707344661692332
2635.851220376327546546
2915.776596145905841695
3234.913613051204720250
3596.462232773871164682
4002.831729087171424908
4455.166277292590166326
4952.789709666438284330
5492.607009993931569625
6068.530893107636075001
6671.059281298314999731
7210.383125311383992084
7640.132634115362634475
8037.270282369152482715
8391.152137521454278613
8694.170757205296467873
8942.730363163398578763
9137.635238036737064249
9283.844727705454715760
12213.180898905366120744
9465.484636015695286915
9522.275958696931411396
9570.000297744094496011
9616.261105373643658822
9665.349920445820316672
9717.826206067657039966
9770.690549980643481831
9818.167331570932219620
9853.052640873660493526
9868.448681498273799662
9859.520350595386844361
9824.810760071688491735
9766.722344142126530642
9691.057163481018505991
9605.840521062611514935
9519.856078653663644218
9441.306556466395704774
9376.855922035209005116
9331.110794874850398628
9306.483637205099512357
9303.329521035981088062
9320.257817101817636285
9354.553388567570436862
9402.663820786461656098
9460.704607468283938942
9524.947435018433679943
9592.225514522313460475
9660.212395908227335894
9727.527803508512079134
9793.669289298655712628
9858.795553697358627687
9923.428374976978375344
9988.143478951184079051
10053.320802417698359932
10118.992942260414565681
10184.804853174233358004
10250.071894951288413722
10313.898294393502510502
10375.326370150216462207
10433.478592839976045070
10487.672976083560570260
9641.270936842391165555
13177.911206249933457002
9708.738334441275583231
9738.359333642198180314
9765.509664368619269226
9790.447027145943138748
9813.433483080214500660
9834.717839591587107861
9854.528508615452665254
9873.071921933478733990
9890.531040302897963556
9907.058946960381945246
9922.771877558076084824
9937.743708483676527976
9952.006806689943914535
9965.560289816950898967
9978.383717086331671453
9990.452211579900904326
10001.746544149074907182
10012.258122341429043445
10021.988871646708503249
10030.945699957752367482
10039.136525256501045078
10046.566051976680682856
10053.233378454409830738
10059.131904496614879463
10064.250022414049453801
10068.570746403673183522
10072.071487985687781475
10074.722107023850185215
10076.485806910010069259
10077.316054618333510007
10077.156797060168173630
10075.939902418725978350
10073.582714804831994115
10069.985211951689052512
10065.026474459111341275
10058.562955855155450990
10050.430493821011623368
10040.448944155816207058
10028.422647492669057101
10014.141702572060239618
9997.372290092016555718
9977.841712344423285685
9955.227622219310433138
9929.161120331538768369
9899.249466701752680819
9865.116567082110123010
9826.443231196493798052
9782.980131357706341078
9734.516983440522380988
9680.827574716891831486
9621.624896082304985612
9556.588692370642093010
9485.498185086345984018
9408.457554329679624061
9326.133192927794880234
9239.898538644085419946
9151.809550201856836793
14374.031098286506676232
2989.355092584859903582
