3423.258667591649555106
3231.503252732100008870
3020.200350775932747638
2801.911005200853651331
2423.333728934016107814
2104.236945050145095593
1880.345159955930739670
1743.010058756038006322
1731.701212739311131372
1844.117528121750410719
2089.355260397520396509
2466.213999612862608046
2962.402458866944925830
3557.312007858017295803
4155.600331722612281737
4804.291141610267914075
5479.392875258116873738
6159.268645107652446313
6826.077394730973537662
7465.148015885093627730
8064.835566263147484278
8626.919067979717510752
9134.676126372569342493
9584.195800629615405342
9973.424982025859208079
10301.909392847026538220
10577.145582590419508051
10797.896366290866353665
10963.896162254637602018
11079.141976961192995077
11148.503870341628498863
11177.648769455727233435
11172.959992685016914038
11141.438958393300708849
11090.575749737601654488
11028.177140295958452043
10962.145110037405174808
10900.206341218619854772
10849.603555850057091448
10816.771609176323181600
10810.533108910432929406
10460.183378611700391048
10141.561300039102206938
9858.109775758295654668
9611.796757212025113404
9402.950443963158249971
9230.257709587807767093
9090.931558147465693764
8984.039877364943095017
8902.168836053706399980
8840.598752568310374045
8794.687544633110519499
8760.199728705219968106
8733.536198345289449207
8711.769164796342010959
8692.809178484856602154
8675.433263058866941719
8658.899937385844168602
8642.910201155678805662
8627.440733859157262486
8612.587143792494316585
8598.432537940940164845
8584.949906787378495210
8571.939744166360469535
8558.998163551308607566
8545.506579888591659255
8530.632399348309263587
8513.331071515174699016
8486.392902849906022311
8452.407412263100923155
8411.560337542532579391
8361.896925007727986667
8302.812879885555958026
8230.882675767350519891
8142.686024552548587963
8035.284442926382325822
8148.604253623464501288
8237.543727705498895375
8300.469739854728686623
8336.373915790247338009
8345.001880905114376219
8326.964490150208803243
8283.823503303417965071
8218.141815236600450589
8133.485040063529595500
8034.358124635247804690
7926.059786806966258155
7819.721776680454240704
7724.647533072281476052
7945.324759550072485581
7409.034185194578640221
7013.366334522920624295
6674.519740866845495475
6401.920184054985838884
6200.793510138279089006
6071.741169971450290177
6012.857243873236257059
6021.700516608898396953
6083.917144113659560389
6190.493677880564064253
6332.695215846778410196
6328.370208683209966694
6345.067788226197080803
6230.217200757958380564
6110.941265137166737986
6038.406653560514314449
5988.553583926937790238
5936.667269381166079256
5880.338392694877256872
5843.022504014626974822
5828.888491105148204952
5807.340279286398981640
5778.606490425974698155
5743.358795075917441864
5702.586758312867459608
5657.465837451485640486
5609.229313410270151508
5559.054591554250691843
5507.972631687529428746
5456.806477651814020646
5406.141366063144232612
5356.325247025461067096
5307.495291261139755079
5259.623526299536933948
5212.573381052079639630
5166.158672217098683177
5120.730497604638003395
5092.716480850945117709
5064.951558266780921258
5037.452041173864017765
5010.313506325970593025
4983.692741030974502792
4957.781609167887836520
4932.777717652081264532
4908.856557520543901774
4886.149053404672486067
4864.727394898537568224
4844.600838539711730846
4825.721980462642022758
4808.002831838501151651
4791.338854727153375279
4775.637859333468441037
4760.849315078955442004
4746.988295700048183789
4734.147351520058691676
4722.489904335441678995
4712.221614307455638482
4703.542907584403110377
4696.595935997072047030
1100.108230023735359282
1420.638388772288180917
1744.649703901979592047
2077.973864637558108370
2381.713061212865795824
2598.994539997729589231
2684.445482808862834645
2783.574246654706712434
2816.465751869517589512
2869.671783415375102777
2946.426239206004538573
3047.422647777757902077
3171.569733743657252489
3316.478587758199864766
3466.889641835874954268
3626.888331110489616549
3796.222078933740704088
3976.131084507878767909
4165.308126110656303354
4363.039906471235553909
4569.139810782006861700
4800.364713440812920453
5040.973454234548626118
5291.957551373069691181
5554.425852869506343268
5829.504879387708569993
6089.228989339628242305
6348.828529595517466078
6623.432217354814383725
6913.278470114893934806
7218.263814846499371924
7537.903033805740051321
7871.297757369276041572
8217.113647003352525644
8573.566847879368651775
8938.421118713173200376
9308.997955013301179861
9682.203038851950623211
10054.573254081642517122
10422.348908976229722612
10766.113656124845874729
11032.627392345553744235
11283.299051598203732283
11515.195212274924415397
11725.854123874862125376
11913.351011549619215657
12076.341716133510999498
12214.080735559748063679
12331.085151485827736906
12423.234448231232818216
12491.568015692269909778
12537.523388091118249577
12562.838620041940885130
12569.454595693327064510
12559.812206582215367234
12536.136961662978137610
12499.989695936295902357
12453.394497879307891708
12398.299265572053627693
12336.566526813025120646
12269.973915621096239192
12200.221205313400787418
12128.941200447403389262
12057.712158999789608060
11988.069695879496066482
11921.516350808227798552
11859.527270915210465319
11803.550809542271963437
11781.281780250003066612
11776.176011787390962127
11781.243176308647889527
11797.764814490134085645
11819.797916830999383819
11852.524096685132462881
11899.838966463656106498
11962.443228010875827749
12083.151356864456829499
12220.090238527447581873
12373.507231821577079245
12543.390533939877059311
12729.424642626161585213
12930.943896077265890199
13146.887380403581119026
13375.759466986410188838
13615.601068397394556087
13863.977322575812650030
14117.987757803412023350
14350.984917186826351099
14545.060618991143201129
13377.955645730986361741
13191.636110871315395343
13167.626000356662189006
13153.988872402997003519
13153.033303508211247390
13165.704339526859257603
13191.362749103971509612
13225.886191655363290920
13261.048217766641755588
13300.877358011959586293
13342.212662427325994940
13382.362159881608022260
13334.152985697892290773
13281.527741520940253395
13405.639595930693758419
13541.385264192536851624
13619.184234029156868928
13664.083682253001825302
13703.096817819625357515
13736.652046691106079379
13734.142458685922974837
13689.904149477095415932
13642.313233444889192469
13592.243455992102099117
13540.613278814136720030
13488.348394888229449862
13436.342297482231515460
13385.418384266766224755
13336.297230230629793368
13289.572252000971275265
13245.696053771425795276
13204.978444458256490179
13167.595679402535097324
13133.609152906910821912
13102.990760662905813660
13075.651583347591440543
13051.470443195144980564
13029.657383225852754549
12989.535472103489155415
12952.226303975368864485
12917.659663987449675915
12885.794256319140913547
12856.609995268934653723
12830.096825372382227215
12806.242241873100283556
12785.019563253346859710
12766.378665651340270415
12750.240421462583981338
12736.495577901416254463
12725.008314107644764590
12715.624227843765766011
12708.182003254009032389
12702.527444618328445358
12698.527919207992454176
12696.084576807643315988
12695.139190273139320198
12695.672504982643658877
12697.692251992408273509
12701.212154304377691005
12706.228102867304187384
216.360406628475772095
