22.827057995302318716
15.098238170854749285
6.747464691761415168
-1.423237914354402278
-8.703125287980213898
-14.172715830049014585
-17.754041236175169161
-20.138751082044464624
-21.515056010428921240
-22.356948899707319356
-22.997830563385747382
-23.595107754613110274
-24.205189460538278468
-24.792475533723447256
-25.281583525329381246
-25.612155803317094183
-25.777964075023803048
-25.806261251000748302
-25.727722120827010599
-25.569273757718363527
-25.347882541645219590
-25.061412546152638470
-24.685762138662880716
-24.180110805335232271
-23.488569012576036243
-22.528919588752756908
-21.226414337622969697
-19.615784723317091220
-17.792218453786603050
-15.829855829023642855
-13.777062780230153294
-11.671345146025004169
-9.546129223649586493
-7.432817534675649540
-5.360689411552016281
-3.355536778992330937
-1.437335183634473879
0.383094794173757691
2.109061141396551875
3.762850188071865887
5.364909161782236424
6.896346941903914285
8.331147514403653531
9.652825166678667301
10.848518909469333948
11.906128408842903355
12.814866904272122383
13.566893246021948016
14.158604142278306881
14.591022457211408891
14.869293638894475862
15.001585686016625232
14.997746455192469739
14.868070560914617317
14.623010227235170078
14.274358569983405687
13.835559355949214932
13.320345418061862119
12.742267787457876693
12.114777750976401194
11.451048143650410793
10.763518744859226217
10.063188802058448346
9.358549262831360238
8.653794430925586312
7.945395295641816347
7.215320539747807516
6.424107963214680694
5.539906942313336913
4.595174700725806360
3.655841630900539485
2.779463820522664719
2.005046153955760246
1.346716546475676068
0.805230407500346246
0.382057999856613151
0.081880359557430893
-0.089188875043731741
-0.124820745540517919
-0.018972971184041398
0.234022184909065345
0.639748890831413064
1.204641364121982861
1.938207655535364893
2.857695051426901500
3.996425927540656176
5.411524765573517470
7.163359940311693208
9.252610293386339890
11.600967635663977262
14.111525543066107957
16.703273883776091679
19.311675109801882400
21.888431490846869565
24.402124206282252317
26.834722804720172462
29.170898897672202565
31.379668292746089264
33.403865733707817753
35.169431952344865522
36.580888551937562170
37.488059728951128591
37.665980760481318157
37.015086722135492892
35.834745131907283167
34.518918408721845026
33.265363184462017898
32.134946253902199942
31.177617897080409648
30.446880945868343815
29.939709687594444176
29.589914845443843205
29.327467314534942489
29.107708404620012743
28.905757352870210752
28.707909082041936699
28.506651329261643468
28.298119087430649188
28.080783476680835520
27.854767988626178976
27.621535640470426642
27.383878636845111032
27.146272873643567891
26.915798172556293366
26.703939489890814230
26.529008891178904150
26.414675608196205303
26.373823426524637625
26.393400138706056168
26.450793682474397883
26.529437246263881889
26.619555767407433677
26.715555921825483665
26.814174174805629036
26.913458750679438936
27.012231128676489789
27.109799077253995847
27.205800919331835530
27.300118521661516979
27.392825638790895937
27.484153158166037656
27.574460625207166231
27.664207615165565812
27.753920691344205807
27.844152852171248469
27.935433516849144553
28.028209516288114855
28.122782397800222043
28.219254093376775927
