395.151448617343135084
158.485065480090298706
13.642536836761564700
6.833704223110528275
5.716035959803078548
4.931208623380570089
4.388526961991336961
4.008399685847415128
3.742396108500573249
2.775337352326788132
2.589506835000727758
2.474671454913381030
2.402587813687650176
2.371988971203882191
2.363582758883371326
2.357661342282073136
2.352667047304878079
2.348425423848932159
2.344829395183005261
2.341781317211741875
2.339201825195941442
2.337017605629626793
2.335162389317792186
2.333596531242517980
