473.331225730271285101
188.818314468413490204
15.648997525223265370
4.517593300094812747
3.513119656915780986
3.072878632235340302
2.775373132373144536
2.548155968404543170
2.365670934032918726
2.215993465772617022
2.092248630651723396
1.989696509567363769
1.904668971168842484
1.834166693689825545
1.775688825345516753
1.727142680488649384
1.686781659557282209
1.653154866381508104
1.625063311406671929
1.601521051653819860
1.581720711140708557
1.565003192860449754
1.550831471735362843
1.543845108654765985
1.478336201069686551
1.461610709529582941
1.455518925852269163
1.442390964846953727
