2905.322437901801549742
994.803444197330350107
51.157661936114259049
41.372752275183927395
6.803495394073028280
1.817746347395193141
1.749630819490010980
1.733129646373995580
1.719814709194947611
1.708256953123153288
1.698144951051950402
1.689250023414346824
1.681394949008141237
1.674437819023264051
1.668262082722496986
1.662769866958983211
1.657877575839947992
1.653512954848120886
1.649613067576010339
1.646122835856705935
1.642993930690015203
1.640183888073233565
1.637655376111512462
1.635375569871781787
1.633315608637956995
1.631450119710385671
1.629756798339084600
1.628216036518322696
1.626810594977305735
1.625525313570795216
1.624346855935615119
1.623263484794692513
