65.905046603322659848
65.006716896693660601
63.842673034394806564
62.568060635755585963
61.223671052864006015
59.814378149554187303
58.318068377363459831
56.656610386488011954
54.731192651009848760
52.642054039923408482
50.462126715056257353
48.209936195213941801
45.887118669432481965
43.492030363352313316
41.030418209285528519
38.514560255107767262
35.936370526504134659
33.286620085634609723
30.580012903477154396
27.850912948270604375
25.142190738336864797
22.497798523601602483
19.959838890060183303
17.570760153706743267
15.383244843933255197
13.478631465892362939
11.933688615898091712
10.714930128857758973
9.728889222818935423
8.906350087334288901
8.207485627026130715
7.606613710810506745
7.085032407629938689
6.628268622031043833
6.225013861014076610
5.866856969247152165
5.548700235384103507
5.270316699999796128
5.040276200346994528
4.880988286577093049
4.808740005733511680
4.797722707565498013
4.816415627362260921
4.847084760583129537
4.880251787049417089
4.910434350243207291
4.934244118420792802
4.949508014076428708
4.954810281346766487
4.949217317105251368
4.932080126387489827
4.902849814283456453
4.860838429975956387
4.804918683961943771
4.733803868380761060
4.647429288577683337
4.547154649797448656
4.434170988170109240
4.308921668316656906
4.171256886039856226
4.020469503594597427
3.855146310277973498
3.672802904656805367
3.469144128237786617
3.236538185624681319
2.960716842986073516
2.613885982934561980
2.147506642384172437
1.522022694878529592
0.764959453752055651
-0.061487544231539459
-0.904173713414195390
-1.729778876674004096
-2.531287022695437372
-3.315789205137917861
-4.089504473408368312
-4.854801018413837710
-5.611731873839232776
-6.359091485493280516
-7.094800517633586878
-7.815914788465732954
-8.518352329544143231
-9.196256221421549526
-9.840698343409314930
-10.437070867552279196
-10.960251131346979037
-11.369890660522230519
-11.623441607745263582
-11.715673397226453289
-11.688238293044520333
-11.587864331833884535
-11.444772861612989345
-11.276546516342079940
-11.093679757923439411
-10.902689850037575070
-10.707729949197812402
-10.511472213123965957
-10.315628221726996117
-10.121274649648171362
-9.929065353383890624
-9.739372732548645217
-9.552383103424062938
-9.368161391615558387
-9.186695060916974853
-9.007923890043912252
-8.831760062493401620
-8.658101623717726625
-8.486841395018529965
-8.317872784667855512
-8.151093487001844551
-7.986407750551393292
-7.823727689776859506
-7.662973962192495492
-7.504076034791978600
-7.346972194252145982
-7.191609404102592862
-7.037943079554196402
-6.885936831771431343
-6.735562207250097799
-6.586798449313761239
-6.439632292015630810
-6.294057794022705821
-6.150076218627305025
-6.007695959949330700
-5.866932517204361375
-5.727808510841441603
-5.590353741990213621
-5.454605285194475073
-5.320607609293261930
-5.188412715777701578
-5.058080278621218895
-4.929677772004026792
-4.803280558434124714
-4.678971910190512062
-4.556842928097864842
-4.436992311300429037
-4.319525927493032214
-4.204556124637718995
-4.092200717392813658
-3.982581591192342785
-3.875822862849361172
-3.772048566169644346
-3.671379860822156616
-3.573931805395773154
-3.479809803825162362
-3.389105897073761753
-3.301895132815729994
-3.218232296542453241
-3.138149288288275329
