21.989742769427870428
14.681332230960165930
6.910666400343714599
-0.658890571429651573
-7.474824984720228827
-12.681020978558620982
-16.215948359574483106
-18.808779621576363184
-20.687766753555237642
-22.321329886963354738
-23.968672548428799018
-25.675438883022252412
-27.427294541765860458
-29.199040472721137007
-30.945156058148171496
-32.592944607574338534
-34.088746910989868866
-35.406824423537386792
-36.532438496458169652
-37.456736074126737890
-38.174336610854851415
-38.680272419083379987
-38.967040444185101933
-39.020025366838027026
-38.807304560552154271
-38.262135895718259349
-37.316075561748732525
-36.002742071215692476
-34.410887165859122661
-32.604615773752726682
-30.619958512755090396
-28.480814115127657260
-26.206675740444467237
-23.815717688973393251
-21.325922474543688168
-18.755148512601522270
-16.120307433470031810
-13.435332632965440780
-10.706960661517882727
-7.929739167259498345
-5.105500371782170532
-2.278095159584353269
0.502846951281185284
3.202886879633922490
5.799822608136508961
8.281073551410628397
10.641666327612909981
12.881636478088410058
15.003196364290573683
17.008649718601958511
18.899638655271076004
20.677427314477029086
22.343414877396241991
23.899316651825472491
25.347535880897567040
26.692411560411869687
27.940338321657378629
29.098264138412901048
30.173279374271430697
31.172950627496078368
32.105478999789454519
32.979542986046425312
33.803763290429031940
34.585654642912174950
35.329722449503520920
36.033821674125874779
36.682089177964144255
37.237656365499873345
37.671257818736620493
38.017437142949887630
38.343241191972225579
38.706056750252201937
39.143416659711590455
39.667023440246964583
40.274907143906204965
40.966290404198474562
41.744754258319517248
42.616835127952356288
43.590843043932153478
44.676166941820355305
45.882922973752727103
47.221962937627495194
48.705374249377399565
50.347827234693994569
52.169631176831785524
54.202790359105392781
56.496578728807975267
59.096343600399166007
61.982399627351185245
65.054456118020851818
68.195737302634881871
71.309593676825159037
74.320596546433506546
77.174493156885290546
79.840085612182008390
82.308762371174310601
84.587256745111716327
86.679228094165125640
88.568293495752271838
90.216707177078035329
91.551823137991021895
92.429708918686742436
92.618142557591653485
92.003270897123712757
90.869388615396559317
89.598426977765228685
88.380516206612469432
87.273205374328739481
86.326635418090518215
85.596838590908845390
85.084401624993944324
84.726796992286494969
84.457059752834652500
84.232710926302274856
84.030133685339535532
83.836104944051129451
83.643040886406879508
83.446708916703443037
83.245146300094688741
83.038141135303675355
82.827005679434904550
82.614579833164782485
82.405545282721959666
82.207274173025496111
82.031550265032819880
81.896919848857976376
81.827165284434130399
81.835110372247442001
81.907407733330899191
82.020848989694343345
82.157940149675482644
82.307709670588280915
82.463286702031126651
82.620355983426264856
82.776505624942842587
82.931005601154794249
83.084650032711863332
83.239408059847789900
83.397740161460859554
83.561571229536554029
83.731065969133084081
83.903504687470302770
84.072679727677353867
84.229285861263946344
84.362688454911932467
84.464096681042661885
84.530447671135192422
84.567409618817578121
84.589571743789861102
