4056.836559281304744218
3911.805583543915417977
3766.774607806525636988
3621.743632069136310747
3398.816987109119963861
3166.767425934127913933
3083.725496279999788385
3083.725496279999788385
3083.725496279999788385
3083.725496279999788385
3317.719525175824401231
3716.554708448097699147
4189.022049539546060259
4989.192950150507385843
5789.363850761470530415
6589.534751372431855998
7389.705651983393181581
8135.793765024418462417
8870.617375417068615207
9605.440985809722405975
10340.264596202372558764
11075.088206595024530543
11809.911816987674683332
12541.495189332708832808
13229.049444675229096902
13916.603700017751179985
14604.157955360267806100
15288.783867225360154407
15752.882989579780769418
16216.982111934203203418
16377.321912885534402449
16441.780124323140626075
16465.920764152197079966
15816.181992856452779961
15166.443221560708479956
14516.704450264965998940
14026.375969121874732082
13905.516822675230287132
13784.657676228585842182
13663.798529781941397232
12976.079121934624708956
12041.435056080077629304
11106.790990225530549651
11472.921199227033866919
11848.295489368998460122
11710.995162506067572394
10919.917113037277886178
11052.134202493642078480
11433.794664955785265192
11815.455127417930270894
12197.115589880075276596
12578.776052342213006341
12906.942491919859094196
12616.880540448250030749
12326.818588976639148314
11535.468585983047887566
10753.992745266090423684
10850.680062422499759123
10947.367379578910913551
11044.054696735320248990
11302.927191060409313650
11786.363776846643304452
12269.800362632877295255
12147.722878017433686182
11785.145438676732737804
11642.513872465338863549
11983.763227138428192120
12325.012581811517520691
11790.730300850978892413
10978.556836731851944933
10614.078789845219944254
10686.594277713915289496
10759.109765582608815748
10831.625253451304160990
10536.107711899883724982
10200.246504930701121339
9896.210855878480288084
10232.072062847659253748
10567.933269816838219413
10787.326477597249322571
10521.436355412961347611
10255.546233228671553661
9989.656111044383578701
9998.065165114947376424
10198.107890268260234734
10398.150615421574912034
10598.193340574889589334
10454.456996186512697022
9178.184409708575913101
8832.392054635642125504
8829.273108921101083979
8826.154163206560042454
8823.035217492019000929
8819.916271777476140414
8816.797326062935098889
8813.678380348394057364
8810.559434633853015839
8807.440488919311974314
8804.321543204769113800
8801.202597490228072274
8798.083651775687030749
8794.964706061145989224
8791.845760346604947699
8788.726814632062087185
8785.607868917521045660
8782.488923202980004135
8779.369977488438962610
8776.251031773896102095
8773.132086059355060570
8770.013140344814019045
8766.894194630272977520
8763.775248915731935995
8760.656303201189075480
8757.537357486648033955
8754.418411772106992430
8751.299466057565950905
8748.180520343024909380
8747.535980149999886635
8747.535980149999886635
8747.535980149999886635
8747.535980149999886635
8747.535980149999886635
8747.535980149999886635
8747.535980149999886635
8747.535980149999886635
8747.535980149999886635
8747.535980149999886635
8747.535980149999886635
8747.535980149999886635
8747.535980149999886635
8747.535980149999886635
8747.535980149999886635
8747.535980149999886635
8747.535980149999886635
8747.535980149999886635
8747.535980149999886635
8747.535980149999886635
8747.535980149999886635
8747.535980149999886635
8747.535980149999886635
8747.535980149999886635
8747.535980149999886635
8747.535980149999886635
8747.535980149999886635
8747.535980149999886635
8747.535980149999886635
8747.535980149999886635
8747.535980149999886635
8747.535980149999886635
