22.134967673859407000
14.637148746328463744
6.708766667479224566
-0.964326775141984172
-7.806496826052836013
-12.947940978322378669
-16.343861993547406541
-18.782898639868022883
-20.566220376831651606
-22.198045660382774713
-23.924467887041913627
-25.750451341608012967
-27.618427045881162485
-29.475434407440047835
-31.267608379988033107
-32.926615101672638275
-34.408254344655034629
-35.697116263057978358
-36.787905924344386221
-37.679476525042588264
-38.371856986137188983
-38.862931159500988088
-39.145620541493642008
-39.203802171563765455
-39.002824690138410801
-38.472733923307757209
-37.542000676778400248
-36.241688756708299479
-34.658720697498665686
-32.856127439596320983
-30.869545666594831346
-28.723035303054132328
-26.436672051036651965
-24.029516807014061897
-21.520652789075654709
-18.929187533144215649
-16.273371512200185407
-13.568486048635804764
-10.822493048754694200
-8.030857682908759898
-5.195842570533329763
-2.361199562836077348
0.423843732587812383
3.125067207099448297
5.719803628032991583
8.194207433532653795
10.541826287261358175
12.762211225933157266
14.859286257074018067
16.839585075529953428
18.710528503558350621
20.478889411296705703
22.149540869382121855
23.724606997684873022
25.203728727623627037
26.585989401419880096
27.871243263624620567
29.060066694658246433
30.154723019909738468
31.160461725215469642
32.085988425073821873
32.942923851471874741
33.744374961122872492
34.502802837793467461
35.227150049589624814
35.918529411521149086
36.562831113191577970
37.123405874049012709
37.569853940581083407
37.934539589092338474
38.281661353021178229
38.665489052108796386
39.120557687294848392
39.656025889541183460
40.268076712572195675
40.954918832242725557
41.720011871052491870
42.570705967782004109
43.517120992912680322
44.571503385037146927
45.747842599787702511
47.061684111946846087
48.530197844821714170
50.172786086186903276
52.013036835043976680
54.083350080231497259
56.429035787732146900
59.086300814966421058
62.022116384787608467
65.122350949910639883
68.261709486366612509
71.345171712532390984
74.309086819000441437
77.115657416252673784
79.747611565391707700
82.203229576227442976
84.488708166003959832
86.601999275655430210
88.518709557791453335
90.193133243058269954
91.546398825187992543
92.431214661244638364
92.615314794899660455
91.987669896321222041
90.837041889731892752
89.549951660338621195
88.319992735212224488
87.206444507489351281
86.259485664231903002
85.533922707706921074
85.028413273390441418
84.678358559122159477
84.415068568667948057
84.195012052447680162
83.994288596506947897
83.800034852998265933
83.605407137668294126
83.407001578386825713
83.203540618353116542
82.995228856698446407
82.783512941480552172
82.571154449631052330
82.362647914184606179
82.165156943019525215
81.990271163056604564
81.856339121921337210
81.786910422349393457
81.794565766332539170
81.865834052515140229
81.977701890961412801
82.113324401947778597
82.262748121077493124
82.420120937212317358
82.581601274580009431
82.744235049673278581
82.905617158663204691
83.064108651414699125
83.219236474180235064
83.371796879003142067
83.523305961978167034
83.674832967307281706
83.825741826596669171
83.973158075302364978
84.112831147237216101
84.241441672359826498
84.359551577318853788
84.473781814423460901
84.596894837854875959
84.745364924479531510
