9420.835985183255615993
7852.129816299843696470
7960.437046882352660759
8668.592005444494134281
9305.229183016839670017
9861.537918809204711579
10375.066558853719470790
10580.550111348527934751
10627.667393857644128730
10352.264641840209151269
9864.983274275362418848
1862.842847407786848635
9110.263237920818937710
8882.217174174787942320
8473.168054193971329369
7838.843001065324642695
7044.838714462514872139
6484.276043806929010316
6322.422615100559596613
6333.005261320398858516
12045.008906601469789166
7346.232532027100205596
8101.685933577355172019
8770.117090646246651886
9343.869518743878870737
9497.285323005153259146
9471.131331215017780778
9379.252257255038784933
9226.192204861474237987
9002.338843706525949528
8688.528488445475886692
8286.811200327398182708
7810.466563807543934672
7290.564299533927623997
6778.952545276602904778
6339.889429477009798575
6027.534054106697112729
5863.317986471070071275
5833.846885998551442754
5883.389473807565082097
5992.165846675763532403
6170.800400438943142944
8484.538505093914864119
6724.999683318403185694
7082.695738415381129016
7463.225616041392640909
7832.674887511901943071
8157.607670774959842674
8410.859817062237198115
8573.340289887244580314
8632.796416238799793064
8581.224134153460909147
12828.700888644940278027
8451.515303725213016151
8385.088628000898097525
8238.639254318983148551
8044.735662670456804335
7843.477866868220189644
7679.775074025748835993
7593.190154197921401646
7605.001555727845698129
7711.053679272992667393
7885.566349882750728284
8092.588863318822404835
8297.462160414732352365
8473.436221553543873597
8603.370715008661136380
8678.756739000129527994
8680.779658107481736806
8625.646545803778280970
8447.907519110478460789
8404.335368709511385532
8278.882508202241297113
8173.607960278239261243
8110.918299703438606230
8110.862563600482644688
8183.356046266542762169
8323.979186868418764789
8513.632472653784134309
8722.844150541925046127
8918.876409766720826156
9072.244549113933317130
9160.162406716583063826
9166.673388930616056314
9081.416220458664611215
12626.546495131840856629
8780.959938823903939920
8591.590505846483210917
8345.898307271163503174
8900.525920021282217931
8336.407924649241977022
7726.895585466954798903
7210.630704046001483221
6894.760004786689933098
6797.486735566311836010
6337.193205555216081848
6996.613594363163429080
7138.966694569377068547
7247.684107836141265579
7316.083298253771317832
7352.977201729680928111
7377.151734847809166240
7410.172524548956062063
7214.302092299715695844
7027.991206283982137393
6946.928043319324387994
6924.265946325141158013
6907.689543322148892912
6883.235625714406523912
6882.396988301603414584
6908.978796139003861754
6914.413854025669934344
6903.521974142805447627
6882.973421145884458383
6859.576794342398898152
6838.852314825657231268
6824.184618929166390444
6816.663575907064114290
6815.502141837704584759
6818.767829152597187203
6824.141066385514022841
6829.497057948285146267
6833.229502467610473104
6834.335156573419226333
6832.332946319410439173
6827.104019691503708600
6819.610063737571181264
6837.434815024099407310
6852.372985596246508067
6864.527135568087942374
6874.141703399662219454
6881.846683790381575818
6888.982952067485712178
6897.900770580682547006
6912.074684673553747416
6935.859864635894155072
6973.758584441415223409
7029.199496479137451388
7103.057410010172134207
7192.375825032650936919
7289.824244544203793339
7384.192712873108575877
7461.798056620467832545
7508.380728637108404655
7511.159392080318866647
7461.030777470722568978
7355.052598035075789085
7199.612242937331757275
9429.623827086707024137
0.000008396917136333
56.855065083535876624
186.642905949742697658
307.920955648033668695
406.502762499166294674
445.211157171208810723
404.001403739690488237
433.415701714991598692
484.052693492426101329
700.799679159389370398
1129.516303827615274713
3.743759604186130741
1197.932471217924330631
835.282060832156957986
652.784955266473389202
612.119016137620860718
682.219696085491932536
954.146786750198998561
1467.350272927085597985
2119.786942615251973621
4095.566341093060145795
2588.385390196186108369
2368.389546960071129433
2248.207851895100702677
2267.415116362430126173
2357.339211705673278630
2518.168955737446140120
2774.130198257217671198
3125.174464143245586456
3549.903104869543767563
4025.682887759403001837
4534.451282134336906893
5059.478698062212060904
5586.404935183010820765
6104.151711968871495628
6604.062137523270394013
7076.501246146063749620
7507.601448390299992752
7880.347152405255656049
8174.044146513350824534
8362.125248173379077343
8474.282965333177344291
8992.228997199923469452
8535.334156487569998717
8528.290966052178191603
8528.366221791613497771
8561.646671781139957602
8653.790799929600325413
8828.209814527406706475
9103.396479436933077523
9490.006639568598984624
9988.397315349555356079
11591.174028182846086565
9784.118192456593533279
9072.954013553307959228
8461.752353784560909844
7951.425075868954991165
7538.349399289308166772
7215.019524793548043817
6970.536734622736730671
6790.669704870126224705
6658.589772773154436436
6556.886446690007687721
6470.104984829700697446
6386.495483392627647845
6298.375742331684705277
6201.447076409865985624
6093.749364847843025927
6006.349405590199239668
5918.059226622197456891
5801.820261993520944088
5717.368004554075923807
5602.655855438780236000
5486.705044895868923049
5381.106408539008043590
5295.963733111416331667
5243.149774760870059254
5235.996272035759830032
5289.155516980235915980
5418.423722174426075071
5639.890475021185920923
5967.844639182568243996
6411.643585623772196413
6972.622599572696344694
7642.319806478236387193
9248.436245232182045584
8216.219219968508696184
8091.908001207872985105
8023.908504654999887862
5002.435044281342015893
4874.410733401583456725
4806.663146812102240801
4819.365184884230984608
4927.454028418735106243
5112.241295461924892152
4908.361049558778177015
5565.958281960126441845
5738.635301246987182822
5849.690043306604820827
5903.307967523379375052
5908.316475725651798712
5876.136066398717048287
5819.051401914862253761
5961.413353369789547287
6118.533686741707242618
6214.971271139204873180
6281.695325928435522655
6350.485711128904767975
6420.874195872376731131
6453.989845930263072660
6441.661142992332315771
6430.754529653081590368
6422.013533261581869738
6416.172578450094988511
6413.800554154020574060
6415.095072589487244841
6419.753181217367455247
6427.001077727391930239
6435.776701796111410658
6444.987204603769896494
6453.747083522147477197
6461.532307330770890985
6468.228722173094865866
6474.083433460909873247
6479.579321799396893766
6485.255104456804474466
6490.692286971163412090
6470.805615643924284086
6451.193933410647332494
6431.051474951090312970
6409.271740683888310741
6384.659379935791548633
6356.205327894117544929
6323.394640118334791623
6286.502866306777832506
6246.814807160582859069
6206.692330615126593329
6169.451042109989430173
6139.095270212134892063
6120.077399565650011937
6117.292627964759958559
6136.387624646849872079
6184.158846539489786664
6268.512804090990357508
6397.390218716837807733
6576.370779366236092756
6805.447699447015111218
7077.012617744939234399
9323.819100578297366155
3674.607925653634083574
