22.580154703469546007
14.883276171413932332
6.737615089296369320
-1.084887738954705583
-7.966858868935460691
-13.112716754166214628
-16.566524792097624186
-19.115562743457459760
-20.997965786329928051
-22.674968414017513396
-24.397673978659312866
-26.198195153961364667
-28.032776496103480213
-29.836007893821459902
-31.538784812886717646
-33.080681102413606709
-34.440287989296166415
-35.618519479638834468
-36.613674538954768423
-37.420696283848215558
-38.034235023700205147
-38.448611916424212609
-38.655978903994565599
-38.641971954972632375
-38.375467685330377776
-37.790961623267918412
-36.821551080851065763
-35.502526954526842928
-33.924229195450863017
-32.152015755476668346
-30.222564733360400169
-28.159549722544738870
-25.981133820667935197
-23.702902090597973483
-21.338964963156797694
-18.902179622986778895
-16.403665441922385071
-13.851214683799980776
-11.245431252001253597
-8.574804192727725649
-5.834973272599427219
-3.063426683333347000
-0.304026020540760555
2.412266856596460229
5.062557099189007204
7.628484556073857448
10.094967607455515690
12.449860490494700116
14.683892190279834722
16.790634408302423708
18.766398546517763180
20.610017792544539361
22.322476779966308413
23.906413335041207802
25.366141972098034785
26.708727689681495576
27.943919865735836083
29.082361033631059399
30.134796678528630309
31.112016101820074709
32.024697828446392123
32.883092352525636670
33.696507320651022610
34.472438311596448557
35.214943698669060268
35.921306049383616710
36.575222138739093225
37.139679122775930864
37.585608998188689611
37.948025703737528147
38.294564013497449650
38.683120490381554646
39.151473134930370179
39.711160571634906091
40.359541027305851912
41.094589997934491521
41.918028170761800766
42.833929866348171345
43.847615573106821785
44.965079840251775067
46.192791880918889547
47.537896207558162587
49.008979247296593940
50.617788896177160041
52.382779345309302244
54.335758801863164535
56.528108762672729881
59.010175627763686634
61.770531753300673472
64.720379000073904763
67.756999398903531073
70.798452811184915845
73.780969657099433334
76.654402937354632286
79.381580720504302917
81.939374356608084327
84.316326102277741938
86.499755083043481818
88.462545634538088279
90.162867817236900692
91.529438588309147917
92.422894419940746502
92.616650075982249746
92.002096241523219078
90.867582158668028569
89.597527575720363302
88.382903274199321686
87.280682357602955790
86.339522298651985466
85.613687718157507334
85.102269077093126270
84.741896282688770725
84.465588173583029175
84.231637276794145919
84.017768675459109318
83.812347628398640609
83.609287253664064110
83.405490184764346395
83.199612253273187434
82.991513188581819804
82.782103278294158599
82.573485712696765404
82.369433286225870461
82.176388021711289866
82.005299593049528539
81.874054666591518981
81.806001007197181707
81.813793840214998454
81.884224721207345965
81.994563497260685381
82.128124770137532096
82.274985712288923878
82.429362910128986641
82.587758292407642102
82.747942401641608967
82.908414750487509082
83.068110138284481536
83.226229765604244903
83.382135677957904818
83.535277920668448814
83.685140284422061541
83.831199701931950585
83.972899505902717010
84.109639436614486385
84.240786357281791652
84.365709609343724651
84.483843420342680020
84.594773200948282010
84.698328631312648440
