22.277453362742061671
14.701175309626400178
6.636897859482594697
-1.123025301122716257
-7.970687543800011099
-13.099390860589053887
-16.534116389286644733
-19.056286008567354884
-20.905931110683908969
-22.562020346798774995
-24.289037187969981346
-26.116265675896983112
-27.986228647643187628
-29.818894573149293592
-31.535276601875565916
-33.070740498441125510
-34.404695341231970929
-35.542604670626005259
-36.489325275051328390
-37.246856656529246266
-37.816412746934091160
-38.197827195304014936
-38.387419201422616766
-38.373496692859916379
-38.126044585506477347
-37.579090463345266926
-36.663722175729915875
-35.411761394379539070
-33.908753691859416790
-32.214136965160435011
-30.357825031434472862
-28.356265783044818818
-26.220437376951423403
-23.959414090185120472
-21.582232203659231118
-19.098973645020095091
-16.521167206725948517
-13.860962474464628258
-11.127681991455091293
-8.322677628342233902
-5.457481790291950574
-2.586330039777465117
0.232356532448733333
2.958342061064996642
5.566779613377917713
8.044923808804782084
10.389399800410984653
12.603386587662498641
14.693918241211662234
16.669578561028430386
18.538667882631301609
20.307817101345108313
21.981027608960999942
23.559204044630973840
25.040851814346211768
26.424389913715259581
27.709657627352868303
28.897736692603047004
29.991544397830779189
30.996702552711127510
31.921761616288478081
32.777761819003387700
33.577220352271410775
34.332527252307329491
35.053479497706376833
35.743116378427913560
36.390204050383488266
36.961600036690214210
37.430608693526551178
37.833000095340622693
38.235568944740066399
38.693903803253562046
39.242201818435376026
39.887349699421719151
40.621150621496326494
41.435274882355315640
42.324607332842020924
43.286239162789257762
44.318949868376620316
45.423382162001047391
46.602639467504161530
47.863227816136515003
49.216436538356589381
50.680490574031750839
52.284267149302991129
54.073710159564654987
56.117191661311039752
58.483174641107325442
61.176740943083444790
64.120480339557502703
67.214456475443967065
70.368778901786583901
73.501493810227572112
76.537552784636744718
79.413813703180125003
82.086004626750678881
84.530462440191342921
86.732395578268580039
88.671127239266951392
90.316895782793466196
91.613148087774362693
92.435302153417239879
92.569033257030895356
91.913105295707651976
90.757393186432153698
89.483244279936769772
88.276438109781196317
87.188680001851594170
86.264301258364099567
85.554581014866613486
85.057073038273273369
84.708097621785952924
84.441074520987342567
84.214874872982647958
84.007671011635352443
83.808077065213524293
83.610121074649526918
83.410777001267661035
83.208789676748637021
83.004143268884746476
82.797889302597155847
82.592249791537653891
82.391052269011112230
82.200702670391024185
82.032026257554093718
81.902735433413596411
81.836019768745103420
81.844457686769800375
81.914875085459982529
82.024667270439636013
82.157314301701461545
82.303047797209529790
82.456195277282176903
82.613313640441134567
82.772174248126731300
82.931234107303794190
83.089359471541825997
83.245679983067986996
83.399511573330670444
83.550316529142406807
83.697684392801903641
83.841325104097734311
83.981069503749154137
84.116873479852728224
84.248821234522040413
84.377120832038372100
84.502082763531433329
84.624073413480317640
84.743445165249084994
