3749.912961071341669594
3519.073120390224630682
3235.348902551202172617
2911.643165650913488207
2608.529323291860237077
2320.784538520753812918
2082.336249482105358766
1925.987728782548174422
1879.168038483531745442
1961.416903937802544533
2180.858277335083130311
2532.580154638777457876
3000.113557055280580244
3559.735242798679792031
4116.780143673556267458
4715.228370858671041788
5333.124643848848791094
5951.901647642534953775
6556.437782441454146465
7134.792931838444019377
7677.833383620553831861
8178.850813018269946042
8633.217869159001566004
9038.093643435338890413
9392.179582588265475351
9695.521093372459290549
9949.347848037692529033
10155.871068508933603880
10318.225652375185745768
10440.421653403664095094
10527.260157779284782009
10584.242668501712614670
10617.464286937873112038
10633.481733784221432870
10639.149193099350668490
10641.418509561499377014
10647.105646589783646050
10662.632332720151680405
10693.759645092226492125
10745.337338373032253003
10821.096946174870026880
10558.800554212804854615
10325.818965045773438760
10123.475762605719864951
9951.699774293969312566
9809.056544955948993447
9692.904843861522749648
9599.660690520611751708
9525.134687186564406147
9464.898992157173779560
9414.639565287154255202
9370.456160505695152096
9329.083992128731551929
9288.023843401424528565
9245.579237227912017261
9200.809264550014631823
9153.412250308367219986
9103.561145790401496924
9051.715784640271522221
8998.436768610652507050
8944.224202503157357569
8889.399577239544669283
8834.041587437666748883
8777.977727143324955250
8720.824793763435081928
8662.064583945986669278
8601.137191596873890376
8537.533725310559020727
8470.872537259694581735
8400.953650161005498376
8327.766988593770292937
8251.466662970249672071
8172.317768914796033641
8090.622781227364612278
8006.641741550240112701
7920.516798531459244259
7855.250264081841123698
7787.522148114127048757
7716.856526958512404235
7642.634843441966950195
7564.176807156524773745
7480.844135119718885107
7392.154647743494933820
7297.892335925089355442
7198.198454247855806898
7093.629436993104718567
6985.169676163818621717
6874.191374669389006158
6762.359191737114997522
6651.503119964355391858
6549.311646148720683414
6459.760745196761490661
6385.969056108938275429
6329.919032956367118459
6292.355455510277352005
6272.868151911122367892
6270.120562045726728684
6282.159678357735174359
6306.736303948244312778
6341.577451295196624415
6384.599738740952489024
6295.134849562759882247
6210.538127864746456908
6129.647042156731004070
6051.772492197837891581
5976.607523028934338072
5904.129347713191236835
5834.513913519688685483
5768.036977888436013018
5704.972458449031364580
5645.511626865379184892
5589.712392695209018711
5537.473943046560634684
5488.545326496834604768
5442.561171722241851967
5399.094439169964971370
5357.714845216178218834
5318.042727792139885423
5279.790777904938295251
5242.789238927835867798
5206.993143110076744051
5172.472538911108131288
5139.388446144369481772
5107.958580065778733115
5078.417822574052479467
5050.978955341967775894
5025.799134798312479688
5002.956821288268656645
4982.443725503618225048
4964.166921565230040869
4947.964668848039764271
4933.630719066410165397
4920.942055057647849026
4909.684918366125202738
4899.674895849457243457
4890.768374229707660561
4882.864413886917645868
4875.897694362040965643
4869.824451686067732226
4864.604195161019561056
4860.180468300480242760
4856.464030787495175900
4853.321592013418012357
4850.572586708636663388
4847.995398601903616509
4845.342874891653991654
4842.364983512866274395
4838.834303220291076286
4834.568394423449717578
1017.520020116175373914
1146.206634441349706321
1282.656696995973788944
1425.609886773486095990
1573.643005430946232082
1725.331451353750026101
1879.386117212914768970
2034.769301358930533752
2190.792795089013907273
2347.199559413990755274
2504.228605967495241202
2662.661516012323772884
2823.848714961490259157
2989.714125697441886587
3162.737932404490948102
3345.918572887027039542
3542.716407009846079745
3756.982474136661949160
3992.876182652136776596
4254.775582169809240440
4547.183104379085307301
4499.085842581134784268
4489.938188294603605755
4523.028683251724942238
4600.973116908578049333
4725.669843595218480914
4898.256194810265697015
5119.062875992911358480
5387.563895627677993616
5702.320573399802924541
6060.919751455757250369
6459.908679871156891750
6894.732244085934325994
7359.682223765150411054
7847.872909198531488073
8351.262110317913538893
8860.740372066124109551
9366.312398999472861760
9857.391052575070716557
10323.213462347452150425
10753.369386324853621772
11138.405102446020464413
11470.436968973594048293
11743.686620372789548128
11954.845333808420036803
12103.195597471103610587
12190.461576798074020189
12220.414927044696014491
12342.998537372581267846
12420.177989437077485491
12459.182299102607430541
12467.237923504189893720
12451.110972862285052543
12416.799731949085980887
12369.377532540456741117
12312.965043612777662929
12250.799963689569267444
12185.369036786270953598
12118.569662342877563788
12051.873846130116362474
11986.474253628863152699
11923.399585467133874772
11863.593639798989897827
11807.958608553206431679
11757.367901425957825268
11712.656774125754964189
11674.600240607613159227
11643.887349550404906040
11621.099307310005315230
11606.696595174997128197
11601.017601842439034954
11604.288752489652324584
11616.643935733001853805
11638.149385658816754585
11668.829190995922544971
11708.686319557667957270
11757.714467621819494525
11815.897109765655841329
11883.191699164854071569
11959.498895252347210771
12044.618745769557790481
12138.197725439998976071
12239.672235418374839355
12348.215425109530769987
12462.694887074216239853
12581.648727488303848077
12703.286610330682378844
12825.520441931532332092
12946.026348394985689083
13062.335627451615437167
13174.240504750327090733
13206.571392372985428665
13232.042094881633602199
13250.190973832801319077
13260.815319359882778372
13263.973219201954634627
13259.962603192660026252
13249.282438999143778346
13232.582713059069646988
13210.610145430704505998
13184.155813672541626147
13154.009378982531416113
13120.922877058374069748
13085.585363934649649309
13048.608305851330442238
13010.520551975203488837
12971.771023186853199149
12932.736881536424334627
12893.734856122231576592
12855.033573850196262356
12816.865099575028580148
12779.434401532258561929
12742.926018475525779650
12707.507760321333989850
12673.331746937254138174
12640.533424098890463938
12609.229386254237397225
12579.514865645222016610
12551.461649911087079090
12525.117006852040503873
12500.503955431748181581
12477.622975163489172701
12456.455023028476716718
12436.965548379292158643
12419.109080561836890411
12402.833921235915113357
12388.086494155599211808
12374.814986760777173913
12362.972043218569524470
12352.516415234687883640
12343.413622239193500718
12335.635796347927680472
12329.160970463992271107
12323.972104744594616932
12320.056130597418814432
12317.403234114903170848
12316.006514288437756477
12315.862048713808690081
12316.969305500968403067
12319.331757092677435139
12322.957507329811051022
12327.859730171008777688
12334.056743359720712760
12341.571598317132156808
12350.431152576218664763
12360.664676194875937654
12372.302124730309515144
12385.372267120970718679
12399.900874634144201991
566.597399268231470160
