1021.908647967749402596
940.047306219935194349
817.155407715673959501
667.455704952131895880
513.545280829259354505
398.744297708563578908
350.732030720261207080
344.036295994907334261
418.377947315690448704
574.101219326847513003
833.307157429139465421
1208.063759995754935517
1695.182292776976282767
2277.419113760090112919
2928.441728397580845922
3619.827222440722835017
4321.563084205841732910
5006.428142388801461493
5652.315402384717344830
6241.595975343520876777
6760.843092674142098986
7200.299830984369691578
7553.272578616057217005
7815.557462988869701803
7984.955694245988524926
8060.902299692218548444
8052.422442720205253863
7957.344415455964735884
7774.603736251358895970
7508.595074339610619063
7165.218195168971760722
6752.106053903871725197
6278.861640406909828016
5757.236160127498806105
5201.155247427093854640
4626.479325308887382562
4050.386135815286706929
3490.312178403435609653
2962.505265959865027980
2480.413430970060744585
2057.674177604156284360
1694.351396028355338785
1390.187379156344832154
1141.359421150870502970
942.017643208007598332
785.748152035228372370
666.546261809107249974
579.213127724524156292
519.368114081721500952
483.363650082929837026
468.293920203146967651
472.123529505793328553
493.855507466594474408
533.639442215011513326
592.636369709607834011
672.997229815339551351
777.625158393565243387
909.427850890201511902
1071.069569009323458886
1264.699166753771351068
1491.818020549542325170
1753.231068395937427340
2048.990869751545233157
2378.267598789299881901
2739.137423705194123613
3128.342379665665703214
3541.108388137423389708
3971.104371685944443016
4403.158115340300355456
4833.519628158535851981
5255.170155050243010919
5658.729653007433626044
6037.354152159265140654
6381.948949825137788139
6684.986920339079006226
6941.245909301849678741
7147.055841429697466083
7300.324386854114891321
7400.527579007655731402
7448.698713160772058473
7447.440518675148268812
7400.972023791288847860
7315.202534779663437803
7197.800696218522716663
7058.198389919785768143
6907.443105940136774734
6757.800723869270768773
6628.628048335186576878
6536.253383618451152870
6986.021573390715275309
6227.302721766696777195
5570.061018014090223005
5033.911335220574073901
4627.581114462687764899
4346.829733733400644269
4176.137054019573042751
4095.540866115965854988
4087.164325361810369941
4122.360602007817760750
4185.357088412390112353
4265.658752152265151381
4357.225205395996454172
4457.140309450118365930
4367.707427283125980466
4265.732556006631057244
4225.398442962876288220
4218.796386955727939494
4215.735544826939985796
4214.649519012052223843
4247.618653255441131478
4320.116194478952820646
4390.505436962468593265
4458.142206389190505433
4522.757204900116448698
4584.369444708979244751
4643.171756377242672897
4699.414691929880063981
4753.307842759883897088
4804.949743089573530597
4854.290575616013484250
4901.126496856004450819
4945.120665393123090325
4985.843839679649136087
5022.826436838047811761
5055.613948416907078354
5083.818394274626371043
5107.874741268851721543
5149.846437580709789472
5186.805547670823216322
5218.889899071942636510
5246.363285173315489374
5269.589341158948627708
5289.000810917826129298
5305.068392563375709869
5318.272608218346249487
5329.081056831800196960
5337.932205003304261481
5345.225764235320639273
5351.318819854372122791
5356.526313895727980707
5361.124271360429702327
5365.354281704973800515
5369.428172312625065388
5373.532426714924440603
5377.832559882675923291
5382.478099861065857112
5387.608705884365917882
5393.361039052935666405
5399.874526733879065432
0.000000000000000000
491.214351809453091846
983.647601451389164140
1485.584091207989104078
1987.029851231458906113
2377.668523809803900804
2598.509154832062904461
2829.150822974090715434
2968.431813489898559055
3125.471004197989714157
3306.412269530129378836
3514.101361894243382267
3748.057009665426903666
4004.732326324527548422
4278.605897814167292381
4556.659309292323086993
4835.521468783812451875
5113.683971064412617125
5386.628937281379876367
5650.827733123532198078
5903.670979594902746612
6143.340842412251731730
6368.666150035781356564
6578.984543862055943464
6774.024649411558129941
6953.814341134298047109
7082.367445104711805470
7178.113178167768637650
7259.870672558753540216
7328.441318453363237495
7384.885985822056682082
7430.581853469989255245
7467.283261130550272355
7497.171150976123499277
7522.869891170321352547
7547.405733948292436253
7574.081639296600769740
7606.254033392626297427
7647.022642716398877383
7698.882797406555255293
7744.111512447404493287
7802.514312084737866826
7873.696782615794290905
7956.445173192140828178
8049.127595653646494611
8150.017006293254780758
8257.506153370044557960
8370.195308515982105746
8486.894939571939175949
8606.606442605072516017
8728.523350284582193126
8852.059153770984266885
8976.884124550446358626
9102.949171161071717506
9230.962609773152507842
9361.544736955927874078
9494.659862911175878253
9630.981135418545818538
9771.158257868524742662
9915.758348947745616897
10065.237644636312325019
10219.931568799682281679
10380.043362984017221606
10545.616473400941686123
10716.488921546488199965
10892.241155000539947650
11072.156178425966572831
11255.209871098821167834
11472.929278675333989668
11701.398647789663300500
11928.597543132464124938
12152.944889768195935176
12364.075048525715828873
12565.883344664302057936
12761.109402782032702817
12949.013261113139378722
13129.124511089874431491
13301.222574994289971073
13465.309792238995214575
13621.586694118086597882
13770.437228082802903373
13912.428713805751613108
14048.326879326508787926
14179.120394721147022210
14306.042272664068150334
14430.568685113388710306
14554.371999624927411787
14650.076758615705330158
14701.586762523902507382
12526.021975866320644855
11996.782435168759548105
11538.775964333592128241
11166.651465191089300788
10886.922615517025406007
10696.365095135481169564
10583.277622690904536285
10528.162444359111759695
10506.285629429816253833
10511.983132316032424569
10533.536886105046505691
10563.249277186840117793
10596.812419118878096924
10632.293742874129748088
10913.085377367762703216
11218.265232222091071890
11454.671578590923672891
11655.469216721219709143
11855.857580388345013489
12054.912624033482643426
12209.830198334437227459
12311.233419168465843541
12408.954023864404007327
12502.730657663423698978
12592.574108567785515334
12678.701900428164663026
12761.452028022193189827
12841.195701690598070854
12918.263401052505287225
12992.892574278070242144
13065.200056213048810605
13135.178212866576359374
13202.711028271187387872
13267.604715618163027102
13329.626740602754580323
13388.547187301748635946
13444.177020692555743153
13495.511496339497170993
13514.956979161781418952
13531.034224124607135309
13543.905690512416185811
13553.818259612166002626
13561.084025763804675080
13566.057831312735288520
13569.114650690558846691
13570.629359200742328539
13570.960602114681023522
13570.439577866507534054
13569.363727056321295095
13567.994666134280123515
13566.559293697422617697
13565.252848991927749012
13564.242803707886196207
13563.672796147013286827
13563.666286095804025535
13564.330109708515010425
13565.758445271296295687
13568.037610381947160931
13571.251418356709109503
13575.485702241030594450
110.829846826163958440
