2822.153322012891294435
2856.714162289350497304
2895.338787979919288773
2931.277244392669672379
3086.978422970537394576
3229.778896800776237797
3358.609438751400375622
3473.949628669760386401
3576.567188111285304331
3666.599428975943283149
3743.171786894065007800
3804.559043116519205796
3848.704336643111673766
3873.880187405245578702
4009.162843022261768056
4125.759627618922422698
4226.245017291596923315
4314.535463953298858542
4395.608636747561831726
4475.132441785493938369
4559.021575748545728857
4652.926437321581033757
4761.678900415416137548
4888.759999943474213069
5035.893107259342286852
5202.871968251134603634
5387.688016464126121718
5586.975327911866770592
5796.549160819485223328
6012.019608072827395517
6229.368672615733885323
6445.385705524906370556
6657.929071254045993555
6866.018751151280412159
7069.784541602167337260
7270.301865751965124218
7469.348592085764721560
7669.116283193364324688
7871.909502971354413603
8079.866245327314572933
8294.729250604072149144
8257.639164092637656722
8229.609153990671984502
8211.002136009761670721
8201.557335352648806293
8200.432377030754651059
8206.309141209116205573
8217.542722942875116132
8232.329096586085142917
8248.868364650828880258
8265.505373064770537894
8280.836091426421262440
8293.774792361829895526
8303.582626282724959310
8309.862221583838618244
8312.525584491868357873
8311.743344162148787291
8307.883792647518930607
8301.450087714329129085
8293.022107081447757082
8283.207946812430236605
8272.608026640822572517
8261.792577945258017280
8251.291162082592563820
8241.591039546521642478
8233.139919959272447159
8226.348062899840442697
8221.584987966625703848
8219.167203643984976225
8219.329894278922438389
8222.195843098328623455
8227.738106108850843157
8235.741139217328964151
8245.770922050367516931
8257.156232458210070035
8268.991019974557275418
8245.874938069840936805
8220.829892422847478883
8192.498317782758022076
8159.526239517462272488
8120.671755533388932236
8074.917280255749574280
8021.574982873093176750
7960.374780375690534129
7891.525013150522681826
7815.737442242307224660
7734.210481522402915289
7648.567732892350250040
7560.750757557258111774
7472.886033310070160951
7387.237187902575897169
7305.908650117112301814
7230.664627510771424568
7162.781237400246936886
7102.949240420938622265
7051.239689061798344483
7007.135261669028295728
6969.620116249454440549
6937.313001700998029264
6908.623673788109044835
6881.911882527631860285
6883.411707325903989840
6884.036494133159067133
6882.766779138807578420
6878.911355766918859445
6872.107887521612610726
6862.294680925716420461
6849.661547787554809474
6834.588087690735846991
6817.577238960754584696
6799.190857646751283028
6779.992628334071014251
6760.501977056062060001
6741.160999642782371666
6722.314871753504121443
6704.204878407684191188
6686.972180166744692542
6670.669772916709007404
6655.279809530728016398
6640.733504512189028901
6626.931166999768720416
6613.760417078676255187
6601.111237802059804380
6588.887119153735511645
6577.012092745795598603
6565.433895878953080683
6554.123822438699789927
6543.074012511829096184
6532.293016030271246564
6521.800457964612178330
6511.621556035345747659
6501.782119642610268784
6492.304510619728716847
6483.204887479374519899
6474.491897378726207535
6466.166828500143310521
6458.225096707475131552
6450.658813667198955955
6443.460072695641429164
6436.624498699872674479
6430.154545949070779898
6424.062006846084841527
6418.369229694890236715
6413.108655172284670698
6408.320487614140802179
6404.048631332894728985
6400.335434998742130119
6397.216232325987220975
6394.714977547168018646
6644.615972040774067864
6689.323728008146645152
6737.881532157131914573
6790.612420961005227582
6847.826386482343878015
6909.808483147162405658
6976.806136358574804035
7049.016103045069030486
7126.571519255490784417
7209.529445682674122509
7297.859319467934255954
7391.432761217920415220
7490.015280059512406297
7593.260548961598033202
7700.708056861391014536
7811.785032982714255922
7925.813528189428325277
8042.023382426541502355
8159.571471449397904507
8277.567104945790561032
8395.102766407284434536
8663.429945679486991139
8929.529406334529994638
9192.584388928931730334
9451.879140976277994923
9706.834100257887257612
9957.031816404598430381
10202.229366153238515835
10442.354066968975530472
10677.481051574561206507
10907.793540657683479367
11133.529119481938323588
11354.917596944967954187
11572.117725452531885821
11785.160903173651604448
11993.909804975517545245
12198.038667488099235925
12397.039762665444868617
12590.257604746338984114
12776.948918256999604637
12956.362736737659361097
13127.831721299564378569
13290.863480495765543310
13445.219898745117461658
13590.973587495573156048
13728.533533817191710114
13858.636361929113263614
13982.304511882188307936
13980.999205617232291843
13975.899761745273281122
13968.379503216690864065
13959.703029276106462930
13950.962901773280464113
13943.037552334701103973
13936.570491462332938681
13931.968790899181840359
13929.417399359184855712
13928.905113155729850405
13930.257864149756642291
13933.175303507254284341
13937.267334167499939213
13942.088163891055955901
13947.166488922788630589
13952.031447882862266852
13956.234872470036862069
13959.370984538008997333
13961.094954605690872995
13961.141596293024122133
13959.344937280025988002
13955.658561806090801838
13950.175606521412191796
13943.146303113591784495
13934.990205701638842584
13926.299906723390449770
13917.833252421825818601
13910.491847565521311481
13905.284905476746644126
13903.279079550931783160
13905.536574041498170118
13913.045342102848735522
13926.646350185346818762
13946.963605281644049683
13974.342876230572073837
14008.804806020760224783
14050.017453934726290754
14097.292245627280863118
14149.605844939640519442
14205.648575831490234123
14263.897733289340976626
14322.711530837677855743
14380.463472236981033348
14407.753817523307588999
14431.190344804110281984
14449.793462142637508805
14462.935773342858738033
14470.363556886690275860
14472.185137783188110916
14468.829354575604156707
14460.980741929304713267
14449.500226065860260860
14435.340822289412244572
14419.467124982120367349
14402.785637430897622835
14386.090671828385893605
14370.028112870220866171
14355.077140754217907670
14341.548268174488839577
14329.594850130168197211
14319.234566856452147476
14310.377191399204093614
14302.855136042004232877
14296.453726101184656727
14290.938774951302548288
14286.079744026692424086
14281.667491948763199616
14277.526280788590156590
14273.520273234955311636
14269.555186398858495522
14265.576053189746744465
14261.562183103795177885
14257.520424313579496811
14253.477736503120468115
14249.473914284119018703
14245.555093852182835690
14241.768452542555678519
14238.158300054061328410
14234.763578794911154546
14231.616646526301337872
14228.743116060013562674
14226.162470221870535170
14223.889151455028695636
14221.933842607348196907
14220.304693707052138052
14219.008308107931952691
14218.050368832717140322
14217.435856093050460913
14217.168875119466974866
14217.252172202204747009
14217.686462508234399138
14218.469722602758338326
14219.596607054672858794
14221.058134656383117544
14222.841751860813019448
14224.931823328020982444
14227.310529194637638284
14229.959075280386969098
14232.859060018517993740
14235.993806504959138692
14239.349469918950489955
1741.370866165189909225
