3581.800273510204988270
3706.594368910615230561
3831.388464311025018105
3956.182559711434805649
4080.976655111844593193
4205.770750512254380737
4330.564845912664168281
4455.358941313074865320
4580.153036713484652864
4704.947132113894440408
4829.741227514304227952
4954.535322914714924991
5079.329418315124712535
5204.123513715534500079
5328.917609115944287623
5453.711704516354075167
5578.505799916763862711
5703.299895317173650255
5828.093990717583437799
5952.888086117994134838
6077.682181518403922382
6202.476276918813709926
6327.270372319224406965
6452.064467719634194509
6576.858563120043982053
6701.652658520453769597
6961.575116431480637402
7289.471235484741555410
7617.367354538000654429
7924.007180514043284347
8151.012186012898382614
8378.017191511753480881
8605.022197010608579149
8894.321362844752002275
9203.720777747485044529
9513.120192650216267793
9822.519607552949310048
10080.938437045868340647
10186.415510309343517292
10291.892583572818693938
10397.369656836293870583
10502.846730099767228239
10577.382444169999871519
10577.382444169999871519
10577.382444169999871519
10577.382444169999871519
10577.382444169999871519
10577.382444169999871519
10577.382444169999871519
10577.382444169999871519
10577.382444169999871519
10577.382444169999871519
10577.382444169999871519
10577.382444169999871519
10577.382444169999871519
10577.382444169999871519
10577.382444169999871519
10577.382444169999871519
10577.382444169999871519
10577.382444169999871519
10577.382444169999871519
10577.382444169999871519
10577.382444169999871519
10577.382444169999871519
10577.382444169999871519
10577.382444169999871519
10577.382444169999871519
10577.382444169999871519
10577.382444169999871519
10577.382444169999871519
10577.382444169999871519
10577.382444169999871519
10577.382444169999871519
10577.382444169999871519
10577.382444169999871519
10577.382444169999871519
10577.382444169999871519
10577.382444169999871519
10577.382444169999871519
10577.382444169999871519
10577.382444169999871519
10567.399033109873926151
10525.961611471488140523
10484.524189833100535907
10443.086768194714750280
10398.295333241869229823
10261.795591369877001853
10125.295849497882954893
9976.920416041100907023
9815.774887449388188543
9654.629358857673651073
9582.285974976486613741
9535.248901764392940095
9488.211828552299266448
9441.174755340205592802
9394.137682128111919155
9357.484801489999881596
9357.484801489999881596
9357.484801489999881596
9357.484801489999881596
9357.484801489999881596
9357.484801489999881596
9357.484801489999881596
9357.484801489999881596
9357.484801489999881596
9357.484801489999881596
9357.484801489999881596
9357.484801489999881596
9354.265175522059507784
9347.890187577564574894
9341.515199633069642005
9335.140211688572890125
9328.765223744077957235
9322.390235799583024345
9316.015247855088091455
9309.640259910593158565
9303.265271966096406686
9296.890284021601473796
9290.515296077106540906
9284.140308132611608016
9277.765320188116675126
9271.390332243619923247
9265.015344299124990357
9258.640356354630057467
9252.265368410135124577
9245.890380465640191687
9239.515392521145258797
9233.140404576648506918
9226.765416632153574028
9220.390428687658641138
9214.015440743163708248
9207.640452798668775358
9201.265464854172023479
9194.890476909677090589
9188.515488965182157699
9182.140501020687224809
9175.765513076192291919
9169.390525131695540040
9163.015537187200607150
9156.640549242705674260
9150.265561298210741370
9143.890573353715808480
9137.515585409219056601
9131.140597464724123711
9124.765609520229190821
9118.390621575734257931
9112.015633631239325041
9105.640645686742573162
9099.265657742247640272
