4764.027493439776662854
4925.511242930512707972
5105.497438683826658234
5291.096246773368875438
5473.665159311638490180
5670.269456502315733815
5890.534091908224581857
6094.138721477468607191
6307.394675949660268088
6510.774325583609424939
6707.949782691153814085
6901.621056020635478490
7092.578081981071591144
7279.472517121361306636
7458.952916446993185673
7627.547132485822658055
7778.439517433221226383
7903.823751273113884963
7996.493262001864422928
8049.306652484857295349
8055.474055967091771890
8008.778449878881474433
7903.750011886121683347
7735.818968980867794016
7501.477455522593118076
7198.483650006725838466
6834.348683358859489090
6406.086495422589905502
5913.056533857667091070
5361.857205861863803875
4762.886227872990275500
4130.914182437275485427
3485.230729403219811502
2848.892000986897073744
2246.567796994875607197
1700.851461099714015290
1227.856132503801291023
834.126726962215570893
517.214406827485163376
270.822531390735662171
97.417433784634525296
3.183347155866227407
0.004897039655495912
0.000032808485917736
0.000000737543572288
0.000000689961454694
0.000000660331860496
0.000003899335691096
0.000022646003578210
0.000984224038068181
1.158040785159939690
61.530598065073853320
184.719679975007636585
344.412533338964806262
527.377727362536575129
730.304254833722552576
956.541779236303000289
1212.847167371972545880
1507.046537317909496778
1845.934792504429424298
2233.640230730633447820
2670.610775877832111291
3153.312731674322549225
3674.581411601920081011
4224.430949054371922102
4791.082621729901802610
5362.001695435270448797
5924.800673641245339240
6460.503217965508156340
6964.046513431884704914
7429.324071353148610797
7849.608598606072519033
8221.886411088089516852
8541.476035900508577470
8805.377444384721457027
9012.646913538248554687
9163.387191308454930549
9258.622923999506383552
9300.224652249036807916
9290.888260899320812314
9234.170473621581550105
9134.573432416455034399
8997.661702426150441170
8830.182665871345307096
8640.146714396218158072
8436.809388782949099550
8230.489158676178703899
8038.756661822635578574
7876.677348060456097301
8273.089891344441639376
7411.076894536876352504
6637.989115453864542360
5978.160614559962596104
5448.175345354366072570
5053.025082760690565920
4785.109988035762398795
4628.853512713456439087
4566.504396085657390358
4566.024714881254112697
4606.247294676109959255
4670.755493488140018599
4748.170598863634040754
4831.497067193923612649
4720.513344112775484973
4590.723658181251266797
4516.345876315472196438
4470.650934340300409531
4425.290896901384257944
4380.751208775791383232
4371.042566488757984189
4403.235150787229940761
4436.849264140400919132
4471.956914234454416146
4508.628549114027009637
4546.934254268424410839
4586.920085686180755147
4628.572899125792901032
4671.786218196693880600
4716.336311754796952300
4761.873568590345712437
4807.930568406781276281
4853.945396219563917839
4899.296768578194132715
4943.346315426155342720
4985.482809426950552734
5025.163206832037758431
5062.660897703295631800
5119.866146696351279388
5173.680666576047769922
5224.061010895969047851
5271.084728306319448166
5314.931911010462499689
5355.863203342522865569
5394.196850526128400816
5430.286405544235094567
5464.499624352822138462
5497.198180489930564363
5528.717338078507054888
5559.344793987426783133
5589.298568843313660182
5618.705041537466058799
5647.579790656501245394
5675.815523669249159866
5703.182512387556016620
5729.346891711880743969
5753.910011700333598128
5776.467006408135603124
5796.675100580756406998
5814.314527570657446631
0.062590217980798071
554.899671034250900448
1124.758462724299533875
1711.963401768685571369
2299.718031096842423722
2771.988881432086145651
3065.845754232111630699
3357.660252967290489323
3543.332620603440773266
3727.633337533875419467
3912.646164945576401806
4099.126225516767590307
4287.414360890355965239
4477.386763196170250012
4668.483893361657464993
4853.061830738686694531
5032.715463181199083920
5210.047146878861894947
5383.633138983846947667
5552.044041440590262937
5713.898245989174029091
5867.900074451246837270
6012.867188214356247045
6147.753604476698455983
6271.675858544180300669
6383.950467887706508918
6447.901612516372551909
6481.414170165773612098
6503.034448293567947985
6513.687616791172331432
6515.074208622254445800
6509.808958274325050297
6501.466749370843899669
6494.430889083289912378
6493.432478737614474085
6502.750061904979702376
6525.250449234042207536
6561.717203418167628115
6610.983419576008600416
6671.069349337993116933
6721.685570197380911850
6783.886497273773784400
6859.960423354318663769
6930.130607525931736745
6993.405869551020259678
7049.547027576262735238
7098.399480922913426184
7139.894861429109369055
7174.050951204122611671
7200.969233440001517010
7221.062648659989463340
7247.408370638748237980
7281.048274085570483294
7316.577869297245342750
7352.003349309685290791
7387.219129705878913228
7422.770732847282488365
7460.664713266646685952
7503.173924889639238245
7552.374657247411050776
7609.787119976089343254
7676.153294954945522477
7751.371626725225723931
7834.574631200349358551
7924.306436885679431725
8018.746733738762486610
8115.934405161466202117
8213.959153187650372274
8343.931824232371582184
8482.044779086712878780
8616.836238481966574909
8747.614979101634162362
8865.103783625290816417
8974.343476586112956284
9079.171150961496095988
9179.817875433902372606
9276.605227829606519663
9369.900408848467122880
9460.085926692227076273
9547.546460998801194364
9632.674024003161321161
9715.890696770065915189
9797.685814148997451412
9878.661374535704453592
9959.575770606565129128
10041.372244706844867324
10125.176037326245932491
10183.113606677245115861
10198.706585647600149969
7883.423541532587478287
7252.880767725020632497
6688.025664093490377127
6206.852702025873441016
5821.607334167072622222
5535.846722665593915735
5343.662631394076925062
5228.677084937540712417
5166.052377036333382421
5147.359419369970964908
5156.602514693609919050
5181.413275942500149540
5213.262239129510817293
5246.956836849881256057
5523.806904630629105668
5821.752145039933566295
6047.503246591347306094
6234.965210136935638729
6420.583844710327866778
6604.843097601390581985
6746.258214980285629281
6836.523435034374415409
6926.214350588853449153
7015.486648394432450004
7104.489633079494524281
7193.367814046619059809
7282.243659461619245121
7371.191585975402631448
7460.212643841479803086
7549.216812530683455407
7638.016738600545068039
7726.333962422214426624
7813.816531555235997075
7900.065411499573201581
7984.666189083706740348
8067.222157709274142690
8147.384937568331224611
8223.991946427888251492
8269.289989152845009812
8311.650958450196412741
8351.087099451422545826
8387.697509247254856746
8421.654319545377802569
8453.186345757028902881
8482.562137057449945132
8510.073625590024676058
8536.020743836023029871
8560.696695580809318926
8584.373191191834848723
8607.285011512516575749
8629.613771052996526123
8651.471673128500697203
8672.887240993502928177
8693.796242318678196170
8714.041898480498275603
8733.388442041137750493
8751.550467702509195078
8768.236740486911003245
8783.201358693873771699
8796.289388906769090681
1527.171807843056058118
