22.137338607210871544
14.583630298719874929
6.595314489178960571
-1.077906393021976328
-7.838406671219104282
-12.900236859021646296
-16.300662439424371541
-18.798893352026681214
-20.607838895369852139
-22.200638757378641230
-23.868212540807363098
-25.668091356550021942
-27.556431665590395141
-29.452862185594085531
-31.267245559613684236
-32.921989232398559011
-34.387692159890562493
-35.664362275861194007
-36.752461296654317380
-37.649356362659858632
-38.351018872925763503
-38.851582082675264473
-39.141605389390747405
-39.204047540106103042
-39.004401671254925077
-38.473445109245616891
-37.540568172752102782
-36.237684302378170287
-34.652375830275360613
-32.848120496872326157
-30.860808764242477764
-28.714579080307117920
-26.429403584262843196
-24.024034999052389594
-21.517046696689448027
-18.926923586866934102
-16.271397684406252893
-13.565641068586160145
-10.818135344220223715
-8.025375988560085716
-5.190605375867392013
-2.357790900032227910
0.424678155009104330
3.124013370917907650
5.718661624478130534
8.194866937380623995
10.545187836588155506
12.767681226130150662
14.865087554269621251
16.843661006422536275
18.711538820635013280
20.476811244451312177
22.145628967657899011
23.720780862700820535
25.201702096954903709
26.586553348754051740
27.874022152551532372
29.063819838920636585
30.157987594808702170
31.162186562903599452
32.085870812525513429
32.941360167622292465
33.742132304638630558
34.500623153182317537
35.225488889163216299
35.917521996516626359
36.562423350333062899
37.123490411648134568
37.570295139209491708
37.935121158673837272
38.282093798180312660
38.665548695584760708
39.120252061241529873
39.655591582148446150
40.267745431266973810
40.954634979320701405
41.719395099587643472
42.569367002727801719
43.515091337409472771
44.569370667208772829
45.746401200258844710
47.061342083142903903
48.530628759826953456
50.173142592763696257
52.012583543376166517
54.082008444965367744
56.427386018380815358
59.085046061886629332
62.021495588539607979
65.122017711530276074
68.261120193637765396
71.344057989880809600
74.307608881716902260
77.114211319811005296
79.746530348722359349
82.202594904479354909
84.488336396371892079
86.601565039355989484
88.517941982836248371
90.191992980548064907
91.545111992844255155
92.430105211075613170
92.614558988131705064
91.987190039547982678
90.836613305536673124
89.549393708104332745
88.319278915603291580
87.205678502909165672
86.258801345608532074
85.533396574232000376
85.028040211558163719
84.678085564250636708
84.414847072994319888
84.194830529999109103
83.994170943085066483
83.800015864765811102
83.605508894287765997
83.407228949788418504
83.203896537038588122
82.995733690806559935
82.784208775440674799
82.572085967141958918
82.363829478475992119
82.166549936665290943
81.991797145157420346
81.857937333542054148
81.788616080267217967
81.796554752497058871
81.868375306440071881
81.981000144474336366
82.117315370186929613
82.266982030478175147
82.423874603255228521
82.584252383733200986
82.745741944683288693
82.906783445077564920
83.066320336431004989
83.223618272400898377
83.378155176769155332
83.529552197859914031
83.677529207906843567
83.821875687357362494
83.962431689111070909
84.099075692899504020
84.231717326819847358
84.360293556144910099
84.484767235892604731
84.605127046188727036
84.721387895981195015
