65.803393218832837874
56.995591912859033812
47.670716261108651679
38.602418504503660301
30.428999243642508077
23.998774958376259292
19.344359043389360409
15.757922312706497792
13.060897357936042340
10.813539216568585744
8.738706714759388205
6.737724216457664284
4.767555869588022688
2.807577645584387938
0.854996327662888689
-1.082536457745675307
-3.017031427525438403
-4.964386347232476737
-6.921306391150153559
-8.868642602597105906
-10.780112571375042307
-12.627418151044452088
-14.381777520168469664
-16.011257669750904142
-17.471131944305341221
-18.686235731964870865
-19.583500440604893811
-20.194773232461130874
-20.608714754989733819
-20.889802406553826586
-21.073812675153021701
-21.182901720138147539
-21.232732153348848669
-21.235221216049694704
-21.199582907357523709
-21.132555050915442507
-21.037942818395691802
-20.915049684616207060
-20.754816066692683307
-20.534882579643408462
-20.238870528797804127
-19.891172880288792157
-19.521702139486194483
-19.146993748179738759
-18.775549590170186320
-18.411956413019964884
-18.058725758439464926
-17.717146015155833538
-17.387728429916677442
-17.070476517567925612
-16.765079864044651003
-16.471094313848823276
-16.188173728205015323
-15.916359402458141403
-15.655806156300627663
-15.405440375475649262
-15.162757937771516481
-14.925358820987526087
-14.691498339083921110
-14.459926609948297482
-14.229841232111510863
-14.001016891605218007
-13.774142573910069132
-13.551519283377871261
-13.338516861590022700
-13.146745915858844000
-13.000702626044812860
-12.944730058240338622
-13.014207003913185190
-13.179267162654440426
-13.376143894032651360
-13.549463879870756955
-13.662643046218931886
-13.704128660079419433
-13.675566223347630057
-13.577285275289341371
-13.405423160256276560
-13.153449749268048663
-12.813271257529748937
-12.375740630179649315
-11.830871415029974969
-11.167840751442497549
-10.374651114187997791
-9.437004126787144287
-8.335362449320598444
-7.038692238984225469
-5.498147209946949943
-3.666870984590246962
-1.559189662778919683
0.735777535199275690
3.119353786700202136
5.518833959557468916
7.884267983917055744
10.181895129209010520
12.390580587776810262
14.499816278773494105
16.504876973153642439
18.392647785750625644
20.128670660914480095
21.658651581730254065
22.896593013500108782
23.689268450238614605
23.799430765645610109
23.111975556738912019
21.912527680221444371
20.585332031870365199
19.322350525234611496
18.181630400543554060
17.212353118866985824
16.468505716614401990
15.948113083773449716
15.586145563414362414
15.313667801183072470
15.087037779291165407
14.882313404260884226
14.686601823342584794
14.493007035044882969
14.298037353416958695
14.100292805972145516
13.899824425678900752
13.697893527696322735
13.497041688140996030
13.301512972641859278
13.118211875997218385
12.958501328058588342
12.840580771254280990
12.787947477184843592
12.813190359082597070
12.902811948683051924
13.033625641260897510
13.188416719465578808
13.356751785899945162
13.532415854429757474
13.711582719960631493
13.891796751367650131
14.071418850917410737
14.249316103516008525
14.424680894246733942
14.596921413235833143
14.765593228075601928
14.930355509217235976
15.090942649742117965
15.247145849582693700
15.398801336661335881
15.545783077936789596
15.687998510449546075
15.825386215706259918
15.957914706452413611
16.085581669147700268
