2180.194741458203225193
2021.888869811826907608
2002.478753363532860021
2081.816684401607290056
2209.574128280676632130
2362.507216878091185208
2518.689816977379450691
2615.145262327707769145
2662.281358385183921200
2628.953481719373030501
2510.437053519015989878
2304.032046232473021519
2861.647854001403175062
3336.379835180181999021
3731.447143436108490278
4048.127958311969905481
4282.111863179109604971
4425.772504397417833388
4469.822073741338499531
4402.837484476559438917
4211.518712666322244331
5013.506984432366152760
5678.986620121986561571
6213.015810501926353027
6622.334206974544940749
6914.810946416263504943
7107.436433633696651668
7205.611222212833126832
7215.693341208740093862
7149.603264170119473420
7021.091181419481472403
6846.154825376491317002
6643.383130981117574265
6434.089863117958884686
6242.069990922795113875
6092.813151223012027913
6012.072353943820417044
6023.829877517658133002
6147.910672403060743818
6397.703839429350409773
6782.932938776026276173
7296.359215534216673404
7927.439661572997465555
7597.617241393965741736
7374.515060319009535306
7258.655404250959691126
7246.021489005470357370
7329.029195417139817437
7497.782417338486084191
7741.293190936653445533
8048.449231416595466726
8408.647041204112611013
8812.118705927587143378
8804.474890425333796884
8827.122319165375301964
8875.726138768966848147
8945.818717212610863498
9032.420040836437692633
9130.142675667357252678
9233.183525164449747535
9335.355167064732086146
9430.150381080513398047
9510.824599715782824205
9570.477611174519552151
9602.117512638667903957
9598.694934406779793790
9553.101798884938034462
9458.134565944807036431
9298.993431392267666524
9073.450313770521461265
8776.342292495193760260
9025.028837898760684766
9199.146697772097468260
9300.236919119872254669
9329.919264689326155349
9290.470188587767552235
9184.031329525749242748
9012.718342077600027551
8778.784476489794542431
8484.846990611660658033
8134.187566993321524933
7731.139901021969308204
7281.577106588441893109
6793.505133769796884735
6277.749828667141628102
5748.684926756750428467
5868.357841989430198737
6019.618522540807134646
6224.244608802847324114
7127.200923115210571268
6412.242805617684098252
5847.003629931541581755
5466.720337667710737151
5295.144494781397042971
5339.170247251605360361
5587.714983220368594630
5085.552904224718076875
4764.519105559519630333
4596.722332337728403218
4553.503839902021354646
4603.601376791532857169
4717.998560069036102504
4872.673400505265817628
4852.969279274774635269
4822.514009542600433633
4846.842431458821920387
4893.898051912353366788
4932.773803367049367807
4963.423283762654136808
5020.699816315895077423
5113.358523913418139273
5202.916409557349652459
5291.286353674560814397
5380.031363817201054189
5470.272353466463755467
5562.659663906169043912
5657.391821189127767866
5754.266931655255575606
5852.754211243220197503
5952.075467880535143195
6051.288703610251104692
6149.368163910034127184
6245.276930533741506224
6338.029513466576645442
6426.742882500809173507
6510.675122577398724388
6589.964554523908191186
6686.364747144448301697
6776.798344569609980681
6861.231660572225337091
6939.789653181436733576
7012.733252989011816680
7080.432050569628700032
7143.333921709893729712
7201.932955048352596350
7256.736849400609571603
7308.234856727665828657
7356.867395599097108061
7402.998680702506135276
7446.894074987845669966
7488.704305864357593236
7528.459063127669651294
7566.072584987390655442
7601.363363807972746145
7634.088688046202150872
7663.992103879803835298
7690.858057731598819373
7714.563838485381893406
7735.116492490279597405
0.000000000000000000
407.710463911232011469
858.721678965389401128
1349.483288257972617430
1854.009018443772674800
2247.509384981060065911
2460.306841610633455275
2663.982848054467012844
2751.144829335748909216
2824.168827732823956467
2883.428432998908647278
2928.583487981502457842
3147.043878635974124336
3353.008803594890196109
3547.424701736369115679
3723.706059435839961225
3883.971188875303596433
4030.793867354208941833
4162.182737757866561878
4275.612590516436284815
4368.068490099780319724
4842.485731689845124492
5292.999169980782426137
5720.617428460497649212
6126.578732789373134437
6512.234306220912003482
6842.743712872398646141
7137.508575118631597434
7416.200765209263408906
7680.408051494580831786
7931.955166506690147799
8173.001278331277717371
8406.128187108419297147
8634.389714404502228717
8861.284668949954721029
9090.614809687782326364
9326.202583115205925424
9571.475931631592175108
9828.975809842202579603
10099.890377597184851766
10364.427570808024029247
10639.730052185384920449
10922.250902203473742702
10973.824095984597079223
11028.724076831960701384
11086.925400293564962340
11147.678820791741600260
11209.708757916994727566
11271.468438217507355148
11331.385691865378248622
11388.053724895033155917
11440.349945591893629171
11487.489442239224445075
11369.269051128303544829
11246.784941100735522923
11121.046140325950545957
10992.226301163313110010
10861.095577919430070324
10728.350788961464786553
10594.597407898610981647
10460.338219989187564352
10325.967318709306709934
10191.766571338434005156
10057.901210259025901905
9924.411700799224490765
9791.200128528946152073
9658.010608549930111622
9524.404309382864084910
9422.558043949047714705
9329.277092417927633505
9233.128213527292245999
9270.270743787203173270
9295.389774039465919486
9314.442000850322074257
9331.725032860029386939
9347.546410489530899213
9361.993796185915925889
9374.966536398907919647
9386.220999202319944743
9395.431312776203412795
9402.268240205932670506
9406.499644651270500617
9408.115933645394761697
9407.482292259172027116
9405.515128421460758545
9403.870911826747033047
9635.898025611273624236
9844.500710679598341812
10014.265508220361880376
7362.680064812923774298
6935.715950387111661257
6617.292321582897784538
6433.277042872744459601
6400.952094925478377263
6524.908675894702355436
6796.176874241989935399
6487.139525165305713017
6291.450039184819615912
6203.970685510988005262
6203.174062410343140073
6265.589380947694735369
6369.480541443064794294
6496.930953797440452036
6878.441101703177082527
7283.178232871995533060
7611.505022297294090095
7893.514189267122674210
8163.941673981356871082
8423.105964076339660096
8630.414457885453884955
8779.069621045764506562
8921.333195572591648670
9058.939841797191547812
9193.339488557972799754
9325.630810906346596312
9456.543077986965727177
9586.453507352302040090
9715.428823198320969823
9843.281393567291161162
9969.632162613659602357
10093.974439551631803624
10215.734301867500107619
10334.324757136877451558
10449.191874037793240859
10559.851861486877169227
10665.918647044116369216
10766.236434851929516299
10833.154068117013594019
10895.052562262582796393
10952.029860119171644328
11004.289406083977155504
11052.123363400127345813
11095.892808478891311097
11136.006040063186446787
11172.895946417776940507
11206.997195401967474027
11238.723921603506823885
11268.448607762151368661
11296.483021783156800666
11323.062355530168133555
11348.334068992317043012
11372.353277595353574725
11395.086654754579285509
11416.426544238314818358
11436.215987461946497206
11454.283437558129662648
11470.483048168634923059
11484.733225810941803502
11497.044162389267512481
733.064997513272601282
