219.676177100291511124
385.425863300874539163
554.467151003560729805
728.504321204563552783
902.541491405566603135
1036.665902987684603431
1109.181390109215953999
1181.696877230747304566
1217.587628039637138500
1253.105418258097643047
1288.623208476558374969
1324.140998695018879516
1359.658788913479384064
1395.176579131939888612
1430.694369350400620533
1463.861996720876277323
1495.649608394048982518
1527.437220067221687714
1559.224831740394620283
1591.012443413567552852
1622.800055086740258048
1654.587666759913190617
1686.375278433085895813
1718.162890106258601008
1749.950501779431533578
1781.738113452604466147
1800.859556508876949010
1813.609532292791982400
1826.359508076707015789
1839.109483860622049178
1851.859459644537082568
1864.609435428452115957
1877.359411212367149346
1890.109386996282182736
1902.859362780197216125
1915.609338564112249514
1928.359314348027282904
1941.109290131942316293
1953.859265915857349682
1966.609241699772383072
1972.610371770651454426
1978.591030165611982738
1984.571688560572511051
1990.552346955533039363
1996.533005350493567676
2002.513663745454095988
2008.494322140414624300
2014.474980535375152613
2020.455638930335680925
2026.436297325296209237
2032.416955720256737550
2038.397614115217265862
2044.378272510177794175
2050.358930905138095113
2056.508133510139941791
2062.883121732268136839
2069.258109954396331887
2075.633098176524072187
2082.008086398652267235
2088.383074620780462283
2094.758062842908202583
2101.133051065036397631
2107.508039287164592679
2113.883027509292332979
2120.258015731420528027
2126.633003953548723075
2133.007992175676463376
2139.382980397804658423
2157.228377494300730177
2178.714449296654493082
2200.200521099007801240
2221.686592901361564145
2240.060087771574217186
2257.122554768139707448
2274.185021764705652458
2291.247488761271597468
2308.309955757837542478
2325.372422754403032741
2342.434889750968977751
2359.497356747534922761
2376.559823744100413023
2393.622290740666358033
2410.684757737231848296
2427.747224733797793306
2444.809691730363738316
2461.872158726929228578
2478.934625723495173588
2485.818040905053294409
2476.307813299928056949
2466.797585694802819489
2457.287358089677582029
2447.777130484552344569
2438.266902879427107109
2428.756675274301414902
2419.246447669176177442
2409.736220064050939982
2399.276201649598533550
2385.463728146389712492
2371.651254643181346182
2357.838781139972525125
2344.026307636763704068
2330.213834133555792505
2316.401360630346971448
2385.756118261540450476
2463.105989800098541309
2516.779699527067805320
2558.217117527174650604
2599.654535527282860130
2641.091953527389705414
2668.269425962985678780
2678.271562272301252960
2688.273698581617281889
2698.275834890933310817
2708.277971200248884998
2718.280107509564913926
2728.282243818880488107
2738.284380128196517035
2748.286516437512545963
2758.288652746828120144
2768.290789056144149072
2778.292925365459723253
2788.295061674775752181
2798.297197984091326362
2808.299334293407355290
2818.301470602723384218
2828.303606912038958399
2838.003259999999954744
2838.003259999999954744
2838.003259999999954744
2838.003259999999954744
2838.003259999999954744
2838.003259999999954744
2838.003259999999954744
2838.003259999999954744
2838.003259999999954744
2838.003259999999954744
2838.003259999999954744
2838.003259999999954744
2838.003259999999954744
2838.003259999999954744
2838.003259999999954744
2838.003259999999954744
2838.003259999999954744
2838.003259999999954744
2838.003259999999954744
2838.003259999999954744
2838.003259999999954744
2838.003259999999954744
2838.003259999999954744
