22.851335930580454203
15.112614941130360080
6.931126140593519835
-0.937177343084428571
-7.883538363345095945
-13.100349461643006066
-16.610564419995654362
-19.188251026264325105
-21.070482955815023729
-22.726244999391411739
-24.417108329904394282
-26.183825627920739976
-27.988315645842632762
-29.768472013250644181
-31.456974155733533394
-32.994280781839350425
-34.359287960097105952
-35.552729024701577032
-36.572247037847645856
-37.411675780262498847
-38.064155269448406216
-38.522165810480714754
-38.775765748879820194
-38.808328426710531289
-38.586391419254070456
-38.042137504211197552
-37.106486354577015163
-35.812793405416840642
-34.249802482192365005
-32.481696244019815367
-30.544461213638101071
-28.461606164251776363
-26.251678664403812036
-23.931198939374041856
-21.515742831491337483
-19.020119997310189319
-16.457822025257087262
-13.839339636372841369
-11.168179434900451952
-8.435786020630757776
-5.640630198944080576
-2.822714220620412107
-0.027908812033444974
2.711477602684340127
5.371967946444073050
7.935412565313498590
10.387684262306748906
12.718220604916666616
14.919803621070514055
16.988350628497840944
18.922639356593663251
20.723938766598024586
22.395514349517242181
23.942031832366694744
25.369505015584735474
26.686312128921883868
27.903087859668715964
29.030905067099013195
30.080472913406907765
31.062082615496478866
31.985475381957996888
32.859566059610386901
33.691987942626667518
34.488301972490603475
35.250468578558610488
35.973623721361377648
36.639398897865703475
37.208937843145946545
37.651693823484350787
38.001699912068573894
38.326215945050876144
38.683434036410119461
39.112099923627539511
39.625317683358986187
40.222465551370817138
40.903825817152323907
41.673597965945219812
42.538517378687174642
43.506891577673144411
44.588223414431325864
45.793119135833620703
47.133372417999311210
48.622297300141866572
50.275656421208168467
52.114075072533950106
54.168332385633135573
56.484287698402226852
59.101589422443737476
61.993604787392399658
65.054377857755213199
68.166185503434491011
71.238414804998086538
74.207341750080956899
77.031179923524888409
79.686646684879349323
82.166134020190611409
84.471643402154114710
86.599306450637641319
88.525105597745664454
90.205038284451688924
91.562018218157334104
92.449563674382602585
92.635004557471802400
92.006387995959926229
90.852018661091676677
89.558923063020159816
88.321971073178673350
87.201950609587584040
86.250283957899796405
85.522466076250481137
85.017213587885891002
84.669463495589127433
84.409761299342676466
84.193755219898093856
83.996850116157247612
83.805701448552838428
83.613207426331968009
83.415893592837562664
83.212546354284796735
83.003515227316199798
82.790428533186229743
82.576239566401142156
82.365641753516257495
82.166024453526915750
81.989255124954070197
81.854010033024991344
81.784156062938990317
81.792465055930108520
81.865408863700025677
81.979608622473392643
82.117597890781553360
82.268729195816092670
82.426668124869422627
82.587577815692156946
82.749086579820357201
82.909707724635239856
83.068502457199798528
83.224877335607629902
83.378459513911053591
83.529017958369507824
83.676411220102977495
83.820549151473613847
83.961360510062576168
84.098762323519991924
84.232631118312070839
84.362781024858719547
84.488958641997129462
84.610866038193279337
84.728215164592938891
