1311.294877014151779804
1353.892589766848004729
1583.357007145850957386
2066.534447742139491311
1229.602496457378038031
705.194318678624995300
467.359077754754139278
399.666502348367089326
476.343524922556298407
675.426904749055552202
1033.438103225748818659
1587.856403269224983887
2347.138821060263126128
3283.776988973782863468
3756.475215224010298698
4314.995189375743393612
4910.873304987800111121
5497.192682095420423138
6033.309662663573362806
6484.892284639759964193
6823.297727418752401718
7922.125914173077035230
8880.266162621563125867
9699.986872906240023440
10386.900562219125276897
10948.592856514356753905
11401.955246831495969673
11751.824671115422461298
12003.046735927513509523
12164.665254776326037245
12245.763208933993155370
12255.516658639027809841
12203.307155813474309980
12098.868040809842568706
11952.437647583499710890
11774.887673032902966952
11577.789395360838170745
11373.376519964091130532
11174.364715600398994866
10993.598584498060517944
10847.893547364654295961
10447.962719647810445167
10103.977484082881346694
9828.619781778028482222
9632.292718546093965415
9522.083809798285074066
9501.082695254781356198
9568.207451176973336260
8955.383848454435792519
8434.026406943881738698
8008.129527655220044835
7677.382504859941946052
7437.715863222262669296
7282.263996803584632289
7202.348695858947394299
7188.620435982357776084
7231.849990520118808490
7322.969917987560620531
7453.333528829962233431
7614.673740758611529600
7799.002987695287629322
7998.520034149865750805
8205.555290640677412739
8412.558718070940813050
8612.118006193839391926
8796.988530889479079633
8960.117353167583132745
9094.647795795226556947
9186.463692184812316555
9234.272889708834554767
9234.243496989205596037
9180.194586255893227644
9067.838165724459031480
8889.342894682016776642
8636.717642790994432289
8302.236972797942144098
8626.668777216202215641
8867.686764041502101463
9032.463277030274184654
9128.431112730606400874
9163.309272622522257734
9145.186719060246105073
9082.638788229511192185
8984.842032692124121240
8861.642281821183132706
8723.520961184145562584
8581.402509627967447159
8452.855810801480402006
8352.432561995927244425
8617.383729846698770416
8074.613556183722721471
7175.652672263661770558
6400.017797127846279182
5778.828075640197312168
5331.946565544939403480
5064.980593856993436930
4972.744605731413685135
5044.745261407554608013
5252.982235653058523894
5576.875158716916303092
5996.898461552145818132
5926.897675142389743996
5925.299489449832435639
5785.431340270773944212
5674.168712666893043206
5655.575595876240186044
5692.380319649453667807
5746.367406118789403990
5809.487590229518900742
5908.872062691791143152
6046.463245430394636060
6178.250551859178813174
6302.044547919778779033
6416.642067108615265170
6521.571363504746841500
6616.855378441512584686
6702.809640815226885024
6779.882745086290015024
6848.541080174908529443
6909.195169914358302776
6962.162219522000668803
7007.657873147121790680
7045.809543147764998139
7076.683749963826812746
7100.320571047775047191
7116.769341776293913426
7126.835829900086537236
7152.884302781991209486
7172.218670480890068575
7185.157107561825796438
7192.109897012548572093
7193.570973232438518608
7190.103475051249006356
7182.321314262610940204
7170.868896335002318665
7156.401051015052871662
7139.564987942965672119
7120.985674682997341733
7101.255494714584528992
7080.928406669406285801
7060.518151362099160906
7040.499413370936053980
7021.310321714611745847
7003.354385537253619987
6987.000059623920606100
6972.576754150905799179
6960.367350020299454627
6950.598995773813840060
6943.435522382656017726
0.000027716133777578
479.020172874025661258
1007.078561178961422229
1604.015091228930486977
1908.880868170070471024
2160.808880538035737118
2289.104918823390562466
2453.538510572884661087
2538.717344320129541302
2649.099491124681662768
2794.248958572207811812
2982.862471069543062185
3217.300246801508365024
3492.062123115702888754
3666.765810639084975264
3855.841346561334376020
4052.215575491688014154
4250.409997764155377808
4442.191315808448962343
4620.710769726402759261
4780.348608481923292857
5238.427001228579683811
5672.966124078225220728
6085.179427877257694490
6476.948039112151491281
6850.492981938402408559
7171.907328364280147071
7461.423088625756463443
7739.320791718325381225
8007.478232653815211961
8267.587629028090304928
8521.161330249648017343
8769.555506428101580241
9014.006636680865995004
9255.674972191680353717
9495.687949130768174655
9735.175125153506087372
9975.285159587641828693
10217.175448362640963751
10461.967211909670368186
10691.349118592441300279
10860.228518358189830906
11035.243314004894273239
11217.679469721846544417
11408.459590068856414291
11607.941303174753556959
11815.789741139598845621
12030.957830054974692757
11978.065756868427342852
11932.636413758074922953
11895.752750558409388759
11867.735878918421803974
11848.244233746361715021
11836.465262871379309217
11831.819422460879650316
11833.352822976223251317
11839.379855734399825451
11849.007685330781896482
11861.502478850650732056
11876.269350107082573231
11892.820358265766117256
11910.744598382412732462
11929.686829378080801689
11949.335033009318067343
11969.413737912029318977
11989.678669617976993322
12009.908561589327291586
12029.891018781263483106
12082.228220506485740771
12144.309898907242313726
12205.479358834158119862
12265.399998498842251138
12314.675617901988516678
12357.737281371351855341
12397.330098672367967083
12432.123403710233105812
12625.114976818482318777
12813.248828589568802272
12997.991319017375644762
13180.608033488400906208
13362.159661678224438219
13543.517723787861541496
13725.395885633372017764
13908.390507828116824385
14093.021335305043976405
14279.760557791909377556
14469.037250924386171391
14632.074601213906134944
14751.332335625198538764
13379.874002100541474647
13130.773246198736160295
12548.259268465266359271
12051.622076145755272591
11663.746759551617287798
11399.164525639076600783
11261.728495753604875063
11242.718936909035619465
11322.609975791401666356
11495.882087948964908719
11746.876776084018274560
12060.819998820596083533
11994.394862197099428158
11970.532128523667779518
12226.085345374898679438
12532.805300542360782856
12790.107542160445518675
13024.380842819540703204
13265.111135597413522191
13506.856457224239420611
13703.473603331703998265
13843.328586533674751990
13974.862208890979673015
14097.026240360808515106
14209.477361490626208251
14312.380396656735683791
14406.227952179780913866
14491.688521360643790103
14569.488429396722494857
14640.328181194625358330
14704.830561607172057847
14763.515873866290348815
14816.798669131874703453
14865.000010832100088010
14908.369537632554056472
14947.112218426187610021
14981.415571049725258490
15010.586905246445894591
15007.284081363843142753
15000.199639546728576533
14989.622100914239126723
14975.887491487006627722
14959.374679237922464381
14940.496592059464092017
14919.688722052871526103
14897.396398673068688367
14874.062250879154817085
14850.115110278302381630
14825.961317628063625307
14801.979019525060721207
14778.515594240252539748
14755.887863468371506315
14734.384284356063290033
14714.267931488904650905
14695.778860412201538566
14679.134510032725302153
14664.527255648450591252
14652.119153613861271879
14642.035209559078793973
14634.357686824039774365
252.695016258366536022
