24.018694576722879219
15.797969056169236524
7.085691948593236589
-1.330195046912749035
-8.787718815707776798
-14.408166787260825004
-18.126186748590711773
-20.619507280769880708
-22.046367146795489589
-22.851751066142469426
-23.376381421790100035
-23.855488065275807230
-24.422302551975448637
-25.014751623931900326
-25.506985386140584637
-25.836535825386931720
-26.019834181376296556
-26.102295935122796777
-26.116028795262195672
-26.072135736678163198
-25.963646571951713327
-25.770292771012222488
-25.463380648631826375
-25.006922016203105841
-24.350458439045127079
-23.412773357106317462
-22.115451360428380667
-20.486769004838436103
-18.614717768947485865
-16.567091389509243982
-14.387922390863963074
-12.113294032772301989
-9.778835917766286912
-7.422267540716944723
-5.083408724056738492
-2.802361191602898316
-0.616050903393329463
1.446851635478253684
3.373031904036650985
5.171609018793901669
6.855328450639518678
8.404369164208247867
9.798575528111712174
11.032714694866115224
12.108416251551631149
13.029178458181576161
13.798990976629880834
14.422158173408774928
14.903181482778677491
15.246594159244523325
15.456895409547797726
15.538566988782690714
15.496022383215318996
15.333457845354814708
15.055309467195030493
14.667892967993196862
14.179979324713315236
13.601611355201697506
12.943825312548028705
12.218994724821499176
11.440933979451074265
10.624608674449916634
9.785340603659733461
8.937359531729839546
8.091416206826124835
7.250673428191305447
6.403277774254803489
5.514869840361058095
4.557159091350371227
3.564251614017678094
2.601599030131808377
1.724190289228261008
0.966765656381369354
0.338236600602186854
-0.165841930871721388
-0.548221387464622012
-0.806729560972996751
-0.935673567771601711
-0.927043147349792207
-0.771261272633807948
-0.457656888646425841
0.025364374956438951
0.690626796640799512
1.553372939404368935
2.634250583222410569
3.965483196268678512
5.596855883382914953
7.575234344166119627
9.884245712339804868
12.429137426726811100
15.100494539346328793
17.809097037475993375
20.483762239088122215
23.067901822758187791
25.520544467605873251
27.818928245525853526
29.956405744069741104
31.927821905984870909
33.713089470119314228
35.273980836010309758
36.538317302538416698
37.362232955714489435
37.512806581884888146
36.874820385588407134
35.730697985126766980
34.460103290694092948
33.250631286889330340
32.157234179058150403
31.227623768287713801
30.515713099120944207
30.020299022250810594
29.677351985845774607
29.418662806477357208
29.200766314008461677
28.999329656870173721
28.800689583086295897
28.597090281785312982
28.384372023215291847
28.160849588918068775
27.926737796646278866
27.683860815854075099
27.435593641084864203
27.187126885484019567
26.946285188668696264
26.725236779973101875
26.542845931736167131
26.423157426449392915
26.379226829793253728
26.397954008679079152
26.456452155905680002
26.537661833706323478
26.631137903516446386
26.730527216804063073
26.831857040152641503
26.932695747194685509
27.031792327098884243
27.128905010985306490
27.224626336910176860
27.320082060966484505
27.416453405130312149
27.514360521847834207
27.613245896352651698
27.710989631941288280
27.804036788926282497
27.888262696801319862
27.960579193098737960
28.020877572849173021
28.073464848640725222
28.127051235716123756
