1546.913251905365541461
1549.799420360624935711
1602.521257949822484079
1688.171392791240577935
1783.383026392988995212
1883.215519825432238576
1981.973257904379806860
2040.972734302291428321
2080.505335875046057481
2086.995103136981015268
2066.248784424207769916
2023.369982818473772568
2284.380718465945847129
2534.329470734852293390
2780.813067831392800144
3032.715950385561427538
3295.747530136055047478
3572.600529340183584281
3863.073943296107700007
4163.256063535000976117
4466.053980981399035954
4865.598521617685037199
5247.945183818012083066
5603.088788965706044110
5922.390981656069016026
6199.224022682263239403
6435.949499167232715990
6627.641075642385658284
6771.976091125115090108
6872.587859145838592667
6935.629630637554328132
6969.533181383747432847
6984.628103863867181644
6992.588634128323064942
7005.692620391841046512
7035.919566664500962361
7093.973582699246435368
7188.371775212760439899
7324.761659285481982806
7505.602905835955425573
7733.772440793724854302
8002.632260885948198847
8307.164013442197756376
8299.212412471328207175
8316.536264253018089221
8354.106438801338299527
8406.709081458575383294
8469.368424254507772275
8537.677554510957634193
8608.024949123273472651
8677.718852904848972685
8745.019302711943964823
8809.090557145198545186
8801.105936169824417448
8790.196898712021720712
8777.287897659753070911
8763.763055186696874443
8750.968302906007011188
8740.090700309938256396
8731.945396572116806055
8726.814630871929693967
8724.358709516058297595
8723.607091537920496194
8723.024292675125252572
8720.633748708090934088
8714.175752830893543432
8701.274108920479193330
8679.589455999732308555
8640.993608834842234501
8587.650213752340278006
8519.862886967406666372
8574.401728093565907329
8614.232215603538861615
8638.053834527165236068
8644.999882322830671910
8635.015983132701876457
8608.148160644474046421
8564.536649731669967878
8504.439109147699127789
8428.284605826271217666
8336.756960707769394503
8230.902643488625471946
8112.254174637864707620
7982.954783982050685154
7845.863992962384145358
7704.617528492507517512
7768.203290651111274201
7842.084703274057574163
7934.003192611961821967
8387.051890874279706622
7931.636322584417939652
7519.210644380924350116
7157.885610481517687731
6853.243344571621491923
6607.363907348370048567
6418.415810491334923427
6398.328888099953474011
6426.709523714510396530
6487.851783442640225985
6572.245355847101563995
6671.465462567813119676
6778.594674814723475720
6888.332291620215983130
6850.304321306958627247
6794.350125038551595935
6774.711419730029774655
6770.521146137054529390
6760.119146177664333663
6743.808924480815221614
6747.271909541163950053
6776.326877911649717134
6801.424660623511954327
6823.267630885647122341
6842.498055643522093305
6859.670869187374592002
6875.235775361340529344
6889.527200750602787593
6902.761452977962107980
6915.040767468895865022
6926.363855942791815323
6936.642251582818971656
6945.721322047059402394
6953.404418652484309860
6959.478336560608113359
6963.738132239839615067
6966.009410240717443230
6966.699586661488865502
6982.307301512661069864
6995.740499106185779965
7007.071777404082240537
7016.437104904352963786
7024.025933192771844915
7030.067977004806380137
7034.818101720419690537
7038.540731217634856876
7041.495018641704518814
7043.921756782347983972
7046.032699383228646184
7048.002671691963769263
7049.964609952923638048
7052.007512098960432922
7054.177199398373886652
7056.479764295605491498
7058.887561443976665032
7061.347513626235013362
7063.791278758793851011
7066.146420287465844012
7068.347205195629612717
7070.343275657943195256
0.000000000000000000
359.439430432804897464
738.538557615575882664
1138.737048980667168507
1544.422420425444670400
1860.069825800471107868
2033.411712540543021532
2204.797068965212474723
2290.916889781397458137
2376.078087164846238011
2462.508853701051066309
2551.410921733371196751
2699.890168138340413861
2853.371593404508985259
3013.476537251587615174
3176.451574620601149945
3345.895858009367657360
3525.860599317883952608
3716.608946330367871269
3917.755707563022951945
4128.350226914512859366
4507.271596293268885347
4892.788525653332726506
5283.451056664278439712
5677.959859801182574301
6075.227337983482357231
6445.367968557562562637
6802.066534959705677466
7159.270916540451253240
7516.367400283908864367
7872.692741870605459553
8227.448377144479309209
8579.617976339230153826
8927.891574439889154746
9270.601167199376504868
9605.677218599828847800
9930.641461583114505629
10242.655121379697447992
10538.638813891138852341
10815.468258879836866981
11054.768928546383904177
11269.606705273417901481
11458.426304475728102261
11560.932800720271188766
11637.571680623794236453
11689.873710967847728170
11719.919766217273718212
11730.158604997290240135
11723.215264625772761065
11701.713385821329211467
11668.129967891140040592
11624.694065506148035638
11573.333492595858842833
11409.142339059684672975
11240.299065706518376828
11068.025048689363757148
10892.799612671960858279
10715.595142073832903407
10537.408849961266241735
10359.289312665037869010
10182.342629975342788384
10007.722916053749941057
9836.612754386298547615
9670.198771341129031498
9509.646165698513868847
9356.074504137210169574
9210.535813280419461080
9073.995148570145829581
8973.591912623403914040
8892.164622277972739539
8822.034715004279860295
8787.777972514146313188
8758.676538798545152531
8739.144900367577065481
8732.282834793433721643
8737.986758213775829063
8755.942431951492835651
8785.617430264259382966
8826.257389658489046269
8876.886847008547192672
8936.315806826904008631
9003.153423512057997868
9075.830213937244479894
9152.629867017045398825
9231.730835819616913795
9311.256410370438970858
9706.192139893897547154
10074.335552811631714576
10399.204422760065426701
9180.527232012202148326
9134.903496951730630826
9095.584362110099391430
9065.091108189919395954
9045.201540418589502224
9036.470325283562488039
9038.003606897471399861
9102.007026428822427988
9163.031188388989903615
9224.648425685174515820
9283.477856521143621649
9336.829111970966550871
9382.826305889670038596
9420.386049298102079774
9631.077675526872553746
9850.464591398231277708
10009.729409937042873935
10134.675496338732045842
10252.986896449800042319
10365.611999532227855525
10442.270607958060281817
10477.427432755708650802
10509.404197273903264431
10538.845142516809573863
10566.298466686434039730
10592.221240130784281064
10616.986102930328343064
10640.888811003180308035
10664.156285178765756427
10686.955111741826840444
10709.400512567099212902
10731.565738282137317583
10753.491707703509746352
10775.196587721809919458
10796.684911263819230953
10817.955790996124051162
10839.009812405069169472
10859.192423525602862355
10857.959406365789618576
10856.560055756595829735
10855.031843759175899322
10853.422097273263716488
10851.785222819240516401
10850.179255178158200579
10848.662167264959862223
10847.288332653119141469
10846.105448271271598060
10845.152116458804812282
10844.456179274893656839
10844.033806569850639789
10843.889279119932325557
10844.015390979602670996
10844.394407760328249424
10844.999559201565716648
10845.797085243557376089
10846.748859051345789339
10847.815540826422875398
10848.960048317834662157
10850.150883590331432060
10851.364656845868012169
728.492028250060229766
