24.030170592483599989
15.849452883835454031
7.148861610772897279
-1.276863722689526526
-8.752759360116911580
-14.389679139049675882
-18.118108406770886631
-20.616412207641033660
-22.045268813632461047
-22.851714437549134118
-23.377334944418322493
-23.857366899904420166
-24.424478594152773780
-25.015708260738804825
-25.505457341671075255
-25.833039464205668878
-26.016846127372929232
-26.102711350181749594
-26.120992504530889278
-26.080217469371660854
-25.972226204917134851
-25.777817091901027879
-25.470555024478073847
-25.016302599386534666
-24.365175929694515844
-23.435180606838116546
-22.146069761261003350
-20.523682296537288039
-18.653527957437887608
-16.601536427903027970
-14.411178472138658435
-12.119828766840782919
-9.766441098909865559
-7.393616716213074369
-5.046294883251505325
-2.767947172475146544
-0.595239787901675754
1.447660528373205580
3.354798260219013173
5.142553270507704610
6.827779631712388664
8.389999778957701437
9.804175286965147507
11.058163384951996022
12.147182120952436435
13.070526943348312443
13.830865874352042511
14.434025792780801112
14.888354170488497630
15.203622665417469761
15.389790978673914879
15.455919794964870562
15.409339934746697054
15.255102163853905495
14.996317577870399873
14.635924228917559731
14.177745823307645878
13.626261251991081735
12.987622993108999481
12.271225472162456072
11.490469985241730910
10.662316684430379610
9.805644864051004106
8.938685868936374845
8.075669839814992201
7.222142652052269796
6.367378449825423559
5.477042604795656189
4.522103224036015945
3.535570596317768377
2.581830925446269021
1.715081428931767960
0.969546590297028388
0.353648653870550334
-0.137898221558117484
-0.509332865049259453
-0.760630774741230198
-0.888545090671613025
-0.887125954309254894
-0.747661762024506515
-0.458496337519818553
-0.004955428321807176
0.630660956175120191
1.469461686369953668
2.537798764980038868
3.872125673300075732
5.523689278270154546
7.537018722641278146
9.889269385359739317
12.475984281642496398
15.177235300867039314
17.895938592656250421
20.558794604591099642
23.113919476845381951
25.530168009036742660
27.796091223623392352
29.914036563270855140
31.882948279267026237
33.681144344183337580
35.264125440557023694
36.551238833915391524
37.391002340261252357
37.546227130031411434
36.901790168126325398
35.743860362442632095
34.457558254100717932
33.235448437712989289
32.135424154177684386
31.205650240565489639
30.498492738850700334
30.010190139887555461
29.674166315453959442
29.420410724053823515
29.204706819395738648
29.002927591449605416
28.802229844557473371
28.595881534839634242
28.380616952673335618
28.155328699967384409
27.920453136687740425
27.677742247911538698
27.430314453776475148
27.183029426669548911
26.943389984505103030
26.723299874135420851
26.541434871418289276
26.421732150104588754
26.377230822082992745
26.394930073396977832
26.452182552933663828
26.532298383339821157
26.625260736267847506
26.725078968377204092
26.827945247213847324
26.931314415834094689
27.033548475604504802
27.133825399486283914
27.232071076526921161
27.328741595188887459
27.424397844328154861
27.519165333861593581
27.612305832405695583
27.702176885470180423
27.786774491507173934
27.864842597721917627
27.937246269691058842
28.008056622095693911
28.084740093495582869
28.177111895940043951
