22966.299845121277030557
22898.899535363831091672
22831.499225606385152787
22764.098915848939213902
22696.698606091489637038
22629.298296334043698153
22550.393211680642707506
22459.606146396858093794
22368.819081113073480083
22281.457936594899365446
22208.942448727706505451
22136.426960860517283436
22063.911472993324423442
21991.395985126131563447
21908.617216515787731623
21809.167404581650771433
21709.717592647510173265
21610.267780713373213075
21510.817968779236252885
21389.370015707274433225
21112.504301258642954053
20835.638586810015112860
20558.772872361383633688
20281.907157912752154516
20005.041443464120675344
19728.175729015489196172
19480.173749600406154059
19282.404237232978630345
19084.634724865551106632
18886.865212498127220897
18689.095700130699697183
18491.326187763275811449
18293.556675395848287735
17982.149439189863187494
17634.075097424567502458
17286.000755659271817422
16937.926413893976132385
16624.132120938767911866
16413.177974413836636813
16202.223827888903542771
15991.269681363970448729
15780.315534839039173676
15624.619573261536061182
15602.036971299505239585
15579.454369337476236979
15556.871767375445415382
15534.289165413416412775
15511.706563451385591179
15492.383702997376531130
15481.227474095365323592
15470.071245193354116054
15458.915016291341089527
15447.758787389329881989
15436.602558487318674452
15425.446329585307466914
15414.290100683294440387
15405.042040509659273084
15397.904714746850004303
15390.767388984040735522
15383.630063221231466741
15376.492737458420378971
15370.368476301538976259
15378.230554853194917087
15386.092633404850857914
15393.954711956506798742
15401.816790508162739570
15409.678869059818680398
15417.540947611474621226
15425.403026163130562054
15432.978113583643789752
15439.723740362380340230
15446.469367141118709696
15453.214993919855260174
15459.960620698593629641
15466.706247477330180118
15473.451874256066730595
15480.197501034805100062
15486.943127813541650539
15493.688754592280020006
15500.434381371016570483
15507.180008149753120961
15513.925634928491490427
15518.379652609999538981
15518.379652609999538981
15514.546651266515254974
15433.698785183749350836
15352.850919100985265686
15272.003053018219361547
15191.155186935453457409
15118.358101151558003039
15118.142254048338145367
15117.926406945118287695
15117.710559841898430022
15117.494712738678572350
15117.278865635460533667
15117.063018532240675995
15116.847171429020818323
15116.631324325800960651
15116.415477222582921968
15116.199630119363064296
15115.983783016143206623
15115.767935912923348951
15115.552088809703491279
15115.336241706485452596
15115.120394603265594924
15114.904547500045737252
15114.688700396825879579
15114.472853293607840897
15114.257006190387983224
15114.041159087168125552
15113.825311983948267880
15113.609464880728410208
15113.393617777510371525
15113.177770674290513853
15112.961923571070656180
15112.746076467850798508
15112.530229364632759825
15112.314382261412902153
15112.098535158193044481
15111.882688054973186809
15111.666840951755148126
15111.450993848535290454
15111.235146745315432781
15111.019299642095575109
15110.803452538875717437
15110.587605435657678754
15110.371758332437821082
15110.155911229217963410
15109.940064125998105737
15109.724217022780067055
15109.508369919560209382
15109.292522816340351710
15109.076675713120494038
15108.860828609900636366
15108.644981506682597683
15108.429134403462740011
15108.213287300242882338
15107.997440197023024666
15107.781593093804985983
15107.565745990585128311
15107.349898887365270639
15107.134051784145412967
15106.918204680927374284
15106.702357577707516612
15106.486510474487658939
15106.270663371267801267
15106.054816268047943595
15105.838969164829904912
15105.623122061610047240
