2858.234554121103428770
955.386557628552395727
41.243286500384691351
30.490018813291378308
5.171792736491671150
4.294839703145211018
4.192029541486194333
4.111611180824019662
4.040423699717446304
3.976074752286751668
3.917132653323406988
3.862654330499547317
3.811988549694086625
3.764665189024345882
3.720329438695692215
3.678701840178088656
3.639553643444542796
3.602691396829050152
3.567947168002810976
3.535172232347011168
3.504232915131038961
3.475007783586820942
3.447385693257444039
3.421264380403684857
3.396549409001982323
3.373153350878271173
3.350995123572548806
3.329999437038561716
3.310096317982282876
3.291220692188011387
3.273312011265571808
3.256313915269053005
3.240173925077091788
3.224843160086037219
3.210276078392233057
3.196430237211418834
3.183266070930895975
3.170746686124576552
3.158837671689601390
3.147506922893188452
3.136724478702505703
3.126462370935750634
3.116694484798818277
3.107396429918843239
3.098545421015928003
3.090120167828944275
3.082100773594675935
3.074468641803831837
3.067206390609360067
3.060297774989680253
3.053727616377249987
