45.694874001846372380
46.700629380794083545
47.848320763959506507
48.862711548986865751
49.533106013607977047
50.037975263618704957
50.539515961777595976
51.091938999948588673
51.741160774078117868
52.227416768263026370
51.633452462958963736
50.376335610839014123
48.775549850144457764
47.056059415802742762
44.927693250594494145
42.176350198164826111
39.080587247601201284
36.377303060054288153
34.202574188746666550
32.043429812293609871
29.802114515356493030
27.858436918854138753
26.143727806282754500
24.445332222572986325
22.835590136880071555
21.330287796638160103
19.802439603857237671
18.701358195268070972
18.316645206663778822
18.769318731689210722
19.745285267601502710
21.043288516354820672
22.520270190877909045
24.002456568846781693
24.829513809302071081
24.913949144639587985
25.094320271693547397
26.310173902546779345
28.288862840340996740
30.223542258431635332
31.804650003819361359
33.382550302294845324
34.994476695515288611
36.586991376167418366
37.695786625440803164
37.862516129200997739
37.020827115916546290
35.448573284981620191
33.374478494049640176
30.997166161615410829
28.831739171190378102
27.807865888311226854
27.978368675049182457
29.420213955632675606
31.518743287790101704
33.578324503664987333
34.891062399743447031
35.169342467536836239
34.871581611861216743
34.917733184284003300
35.026082768425993663
34.197454305720100365
31.174582441606503380
25.884972074742904624
19.391610415370308829
13.211051926440717352
8.141959929167029486
4.410203921516853143
1.740329302925857746
-0.385225311951160165
-2.430872788275763696
-4.558415433314621623
-6.617465606532164202
-8.278976628248216230
-9.144225082935349747
-9.129803388884084825
-8.651112305575964001
-8.455183730511748763
-9.341813476094642965
-11.727326388839315996
-15.024541146941373881
-17.873233180545582854
-19.435273404901863614
-20.003661500138264273
-20.171198747096298121
-20.433853401570445385
-20.993572729440643343
-21.666052413352076655
-22.156245362751405992
-22.406508921108525101
-22.615178462581468466
-22.862360557607303235
-23.155919193471333983
-23.432164194985602990
-23.637597474234212314
-23.729420563613132344
-23.652902228619666403
-23.521142443535836719
-23.525263990759640365
-23.681695398559497789
-23.796252458516676143
-23.691050762254519668
-23.305538891975970728
-22.758640878488563430
-22.373740088270096749
-22.434713767155699315
-23.030959234908550570
-23.946265252578143645
-24.773975744703136570
-25.234898316223734582
-25.355751790616125163
-25.407949469293271250
-25.733140978846506641
-26.480954422346428601
-27.538683904677100145
-28.798450080137513396
-30.180398186085426460
-31.561389263960563767
-32.854513181991421789
-34.050345331744722444
-35.165376205961820233
-36.156209144671038302
-36.871365405557924078
-37.076752171292923776
-36.755833893354122210
-36.163139058215335808
-35.384726198857492818
-34.453242089616935573
-33.459423414098694138
-32.452090543950532719
-31.476453373013157488
-30.609307684811994932
-29.834975041483176028
-29.023687669118373833
-28.087703584627035980
-27.010142972641858705
-25.785357744614088915
-24.421398636050241748
-22.943062868784181774
-21.404073236280623860
-19.880555715875630085
-18.428335718186815484
-17.056810550770990176
-15.727985564287848774
-14.362124656893684005
-12.864966187848438040
-11.223689493788185700
-9.539161555509508617
-7.967962290587649932
