390.862965657176403056
698.850464316641705409
986.518928645392634280
1282.112361706552064788
1327.912882312188230571
1417.731402755044882724
1561.789548457961018357
1765.594143296558968359
2029.731819673347899879
2350.302305609803170228
3510.972570715785423090
4702.888375760951930715
5910.297011396961352148
7118.708379745407000883
8312.061156695679528639
9475.806921970362964203
10598.382105107677489286
11670.631343131841276772
12684.456747733851443627
13630.886201467517821584
14503.729779633435100550
15299.855617883895320119
16015.990208570350660011
16649.574895115325489314
17200.082249338945985073
17665.197170957981143147
18046.910335688418854261
18348.017435183770430740
18574.062173037098546047
18725.069082626101589995
18803.793910462140047457
18815.656239024472597521
18754.104852902157290373
18618.591952449398377212
18409.079511422154610045
18124.519377393262402620
17757.867982464365923079
17328.126276637249247869
16906.191524146866868250
16392.933927567428327166
15833.560523335030666203
15225.697816813997633290
14585.786716215397973428
12829.325592386761854868
11062.975008328758121934
9302.627083203544316348
7572.842052147023423458
5892.716795973114130902
4306.113154271776693349
2865.855716283288529667
1627.759653330429273410
661.105787852253570236
51.137712444295139846
0.951496767038211622
0.510670386469791571
0.358405175780911023
0.209839587580453291
0.398284539047609076
1.034303509389323139
462.582441483385309766
1.347390577825299252
0.340642180328670663
0.448593941076372460
0.461561521256058649
0.579463167587469630
0.918486715234697382
2.175702446419285785
50.490540608938808020
423.528436227513338963
1016.443905519920576808
1723.804563998795401858
2480.116839058928690065
3234.727471311229237472
3961.254232831422996242
4638.848734751793926989
5241.423102531274707871
5745.901829057938812184
6152.519048435132390296
6454.133332257993060921
6647.683933635390530981
6739.634550662043693592
6747.564758530595099728
6687.558690504690275702
6562.032459719260259590
6375.812538130696339067
6135.260047011683127494
6737.105765647846965294
7307.107199487763864454
7857.208611441993525659
8394.122295104594741133
8917.773223257217978244
9429.607465174953176756
9568.546100027257125475
9694.329110993656286155
9804.552472909264906775
9898.296230974754507770
9976.682035351670492673
10034.034073322505719261
10065.115061225358658703
10068.726680481759103714
10044.088098124519092380
9990.800263185212315875
9908.868032099115225719
9796.690119470735226059
9654.869389381337896339
9484.565261071033091866
9288.783835720665592817
9074.208924358565127477
8850.597388423095253529
8627.183785381623238209
8410.955758631553180749
8207.575444418820552528
8020.881545786043716362
7878.034583302741339139
7760.155831931240754784
7666.595050654479564400
7593.130583569944974442
7533.512420245737303048
7478.298407867375317437
7415.501512476494099246
7330.341710008587142511
7211.166288419288321165
7044.931036230107565643
6823.302947366870284895
6537.151162602666772727
6165.300333400250565319
5700.126671023788730963
5138.806705356339080026
4435.166435774759520427
3613.018650381424777152
2676.846402323745678586
1617.709586752808490928
424.421586998765235421
0.034602220598315768
28.982045580264959028
11.257126388132723704
1.488135150971522824
0.778522086941506819
0.153684266084243626
0.022906354193806641
0.002906179818204107
0.000395408589736540
0.000065287432193278
0.000013024191170095
0.000004964831963720
0.000006946360669697
0.000029845794720353
0.002296002849819440
559.260401461955666491
4624.323127884070345317
4621.560451241050941462
4610.811902999954327242
4613.111235551882600703
4633.735504253157159837
4669.497219019207477686
4707.654251721160107991
4742.995108982910096529
4767.437752434173489746
4780.003133958273792814
4958.363899061105257715
5186.157094608523038914
5455.225647599568219448
5731.892204240299179219
6040.232286979899072321
6396.482345690434158314
6780.786094128065997211
7155.557709066498318862
7498.071488301647150365
7845.378215386054762348
8205.166549370385837392
8547.548011917213443667
8877.321896312871103873
9209.273511463539762190
9533.822353778094111476
9905.947690272421823465
10297.682550011304556392
10679.658596391300307005
10965.291728956592123723
11199.014991661548265256
11355.523935189821713720
11337.649654524520883569
11323.156233721940225223
11346.783781647232899559
11440.868819466621062020
11680.448204685892051202
12316.582000744121614844
13012.183786329467693577
12162.298593074128802982
12225.612596728649805300
12225.053771201615745667
12389.909614532323757885
12535.431969973707964527
12579.205855431526288157
12625.066920057199240546
12716.569719205514047644
12838.282005799226681120
13285.567776077394228196
13911.869533658315049252
14539.968014693302393425
15155.714820287617840222
15706.698620580669739866
16210.162085028490764671
16665.134921345390466740
16936.213179486832814291
17248.330869496880040970
17331.404281683266162872
16792.183349740749690682
17318.253295436752523528
17629.786933495110133663
17598.661831550925853662
17623.114889506145118503
17801.022224613709113328
18156.711304152042430360
18630.613765075959236128
19092.404400152947346214
19472.182877621260558954
19722.379807049048395129
19500.949080790582229383
19425.682352033905772259
19648.451382301886042114
19986.949896629048453178
20380.654570829163276358
20562.560749080916139064
20425.808743369412695756
20184.242474358175968518
20111.310171566030476242
20034.149613585315819364
20051.363687295128329424
20256.496744817181024700
20616.364259458587184781
20910.584453709561785217
20970.181519837820815155
20928.780251191677962197
20862.218186489801155403
20825.704291188092611264
20903.825506934233999345
21002.842578580592089565
21061.510719113422965165
21063.477022171879070811
21084.797820528430747800
21108.367607893858803436
21130.091155681169766467
21154.934435742685309378
21208.682826037387712859
21264.099318141761614243
21233.661602453328669071
21186.900502749209408648
21182.711300309387297602
21192.502392879094259115
21192.659892542618763400
21165.344118802393495571
21098.512091451098967809
21037.325319404415495228
20998.279097264290612657
21017.221310427623393480
21122.169732212783856085
21286.901454399652720895
21435.813172386493533850
21520.091168484006630024
21551.753531901955284411
21571.559706979605834931
21644.889173918967571808
21806.547165018324449193
21993.188396116518561030
22202.176338058812689269
22435.408884650740219513
22666.113486241520149633
22882.407812575540447142
23088.916798770409513963
23331.487497861307929270
23575.039903393309941748
23828.158829943746241042
24005.343451955497585004
24038.588307580474065617
24120.441504636022727937
24147.104674566242465517
23905.685499417948449263
24209.398787146237737034
24365.698098815133562312
24213.850070032036455814
24002.503060018076212145
24248.206785959529952379
24199.590121776407613652
24101.493901065510726767
24255.563458119850110961
24078.068530333635862917
24306.615028624561091419
24393.435485583144327393
24336.808907032700517448
24245.016198585533857113
24159.375596031855820911
24143.716735300309665035
24266.666113563489489025
24436.197512813319917768
24498.418331435081199743
24489.550902814000437502
24413.836553015913523268
24396.879759164199640509
674.048435645656581983
