635.899420387895474960
731.157674673786345920
883.951387255601730430
1123.525033359119561283
878.525069696269611086
766.177222928202127150
802.750312915327413066
1005.559372974030566184
1391.232266649351004162
1965.923504945844115355
2744.895419550769929629
3676.396618911184305034
4728.670568798551357759
5869.246959168462126399
7065.036898542179187643
8286.123794913553865626
9507.390603960771841230
10708.067252775212182314
11869.770881049153103959
12974.830267925684893271
14009.993746905218358734
14966.570324900982086547
15836.878278419380876585
16614.999432447628350928
17298.037060713420942193
17882.449727890394569840
18368.777361316388123669
18759.262492854595620884
19058.723477120478491997
19267.557748901490413118
19388.226928629359463230
19425.675569503062433796
19375.122875091859896202
19236.853409251853008755
19011.219851226709579350
18698.279142205112293595
18293.829997591790743172
17815.407973949113511480
17323.306275699425896164
16737.618127856861974578
16099.195574797908193432
15410.446112049654402654
14689.593733365330990637
13062.367242250573326601
11431.459527721759513952
9815.930136257935373578
8242.179673093378369231
6730.648045482389534300
5318.372929473594012961
4043.336576364356915292
2936.776081184008035052
2028.236729615934564208
1338.095567833972609151
875.108530816999177659
630.465372123709130392
573.013397263667457082
710.054642806580886827
1109.841195015226503529
1809.268908504799583170
2906.617153515515838080
1751.366660168674798115
991.627784269486710400
566.623191695809396151
381.837792600177749591
355.326209038320428135
460.351706514794329905
712.418736085218029075
1125.785681011781662164
1698.366461437341286000
2377.275841277677500329
3115.163211516993669647
3875.934776868009521422
4625.532342474240067531
5344.902065695399869583
6018.027237562774644175
6623.953809519597598410
7143.340470385071057535
7575.287722910579759628
7912.914452103525945859
8153.098710160833434202
8302.077945702110810089
8377.221658763161030947
8394.166785850427913829
8354.259969880342396209
8261.079844284071441507
8119.252799326513013511
8421.198675410289069987
8691.580452689440789982
8940.486874210568203125
9174.004412857981151319
9392.183419279670488322
9597.418726281726776506
9764.795706878194323508
9918.171227577018726151
10054.528408956108251004
10171.913188931392141967
10270.576948429519688943
10344.697716132490313612
10388.734064888885768596
10401.078807488991515129
10381.286506743674181052
10329.101253539023673511
10244.557058727152252686
10126.274705172119865892
9974.005890026259294245
9788.491779375506666838
9572.365431897145754192
9332.170303352326300228
9077.737513931939247414
8818.313635579635956674
8560.706546489389438648
8310.343941069606444216
8070.888854582511157787
7969.519627446316007990
7887.389791010973567609
7823.735249443512657308
7774.330305391869842424
7733.332242323884202051
7691.787515921931117191
7638.209602078628449817
7558.461119280134880682
7441.050583388554514386
7273.169344225324493891
7046.829076051990341512
6752.885442347514072026
6369.415321037089597667
5888.529868696118683147
5306.002348786066249886
4581.514772186946174770
3732.534026915228878352
2761.753401475511964236
1663.238982590829891706
433.245668258318687549
1.107573747925700181
54.110897948535303215
52.372044309713629673
26.363448759099767926
5.169271101111127642
0.804068034273691779
0.183110417905975542
0.033205240681398920
0.359039130451250244
0.147360358295620636
0.065690457120702081
0.039088783256054367
0.064224501299632170
0.018850243571799992
92.433721675293327280
745.464894234050461819
5046.347658117971150205
5026.539921165095620381
5000.884218759203577065
4991.784655212320103601
4992.863976707860274473
5012.990842321010859450
5038.760675463386178308
5065.064812226630238001
5083.919299178302935616
5094.703685313061214401
5220.675630631268177240
5391.839183342168325908
5600.849056994551574462
5820.295842971508136543
6075.980350276056014991
6384.702400665479217423
6724.778108882303058635
7051.061606653944181744
7342.578125374706360162
7639.591793855830474058
7950.105964865330861358
8242.039226127189976978
8520.411259767039155122
8800.949359202975756489
9073.387558571683257469
9382.554484743935972801
9710.350262240814117831
10027.564697736908783554
10260.665094158835927374
10445.865722361522784922
10569.157369185542847845
10552.159124493206036277
10538.836132494832781958
10554.325188451328358497
10632.769979312291980023
10836.313242154359613778
11364.248523499478324084
11936.868577749351970851
11238.691138428403064609
11304.375301985086480272
11321.259325536510004895
11469.684912783834079164
11598.266875608191185165
11642.243943530567776179
11694.746392038656267687
11797.239394812693717540
11933.311860638186772121
12338.058233840314642293
12889.259169266901153605
13444.728818289635455585
13989.477521278629865265
14462.782033205816333066
14880.330092503676496563
15234.011066083719924791
15442.619450581172714010
15704.632227888116176473
15807.631037931383616524
15429.555385060204571346
15953.108721380380302435
16284.905614247400080785
16242.392164989365483052
16257.394621337038188358
16451.784148407579777995
16847.656113150111195864
17377.850493159745383309
17900.956216310198215069
18343.757160017215937842
18659.923425160381157184
18561.731711964072019327
18567.210304832347901538
18810.194943251623044489
19146.123876853464025771
19527.727241769945976557
19734.702343901462882059
19664.995047881209757179
19483.643117399537004530
19421.876496741413575364
19355.912758998423669254
19391.045626792027178453
19627.152567495617404347
20028.716124182727071457
20360.236401593574555591
20441.134185554987197975
20412.349083500350388931
20354.348916743459994905
20328.276769804604555247
20398.136628502641542582
20489.928639019271940924
20538.159858019229432102
20525.358501846458239015
20532.814264322092640214
20542.332182709924381925
20564.195972372071992140
20586.240164768078102497
20628.906857573376328219
20673.127296526188729331
20639.305911172366904793
20590.872476091455610003
20587.748668711898062611
20608.258389247686864110
20620.341460292642295826
20602.996932173948152922
20542.518032422995020170
20475.044835561031504767
20431.184919715309661115
20449.230449558264808729
20559.105897846406151075
20732.795512535332818516
20889.535066337008174742
20977.172257405258278595
21008.527812836051452905
21027.119027503413235536
21102.762858388497988926
21276.605745238193776459
21476.969679911118873861
21701.011691881743900012
21952.851302030601800652
22202.701545306568732485
22436.941257802031032043
22659.730788113309245091
22912.892618453479371965
23166.890661944256862625
23430.891295600176817970
23613.556782964948070003
23646.018463417276507244
23735.117645994047052227
23777.239272376886219718
23588.178769085767271463
23843.009805968831642531
23978.955382386644487269
23871.629123547107155900
23728.121331896232732106
23966.887986234174604760
23966.541889564246957889
23920.634864636529528070
24062.322273069577931892
23828.621905126532510621
24005.563743130445800489
24072.511253937915171264
24032.596056781774677802
23976.405620180205005454
23932.789148136944277212
23945.252754524120973656
24063.259885381783533376
24214.777488353200169513
24270.285816581374092493
24261.050367729065328604
24201.157707335089071421
24201.635317713375116000
0.000000000000000000
