151.804954720806648538
152.094536920167456628
152.483788852466346952
152.682597269129360029
152.465089703978861735
152.032286633588455516
151.564620814008776506
151.124874344123185210
150.766614888999470168
150.241599811342126713
148.628934539495048739
146.301996707238771478
143.547981950721975863
140.578753233999520944
137.099579025969205759
132.896212785081445418
128.249657263729346823
123.900945721455471471
119.991489160587050833
116.014560339243189446
111.879343365433228996
107.973082863887754002
104.234837870076987087
100.459760852383269025
96.727852053113252850
93.062169043026003123
89.342355687438598011
86.023459843420937432
83.399689727689917618
81.595345552556622692
80.298151690599368635
79.307126269073691560
78.477907472522872467
77.633816198945865494
76.109959780506443394
73.812532056408812764
71.571883578893462641
70.317330742534934984
69.763926804712198759
69.090580596253019507
67.971911296530848290
66.741580175534053865
65.420242392834566658
63.939262416847512327
61.821870514221672011
58.601269421190664843
54.207713964614043789
48.921494037951532619
42.980202640869208608
36.598442848416397055
30.315340711649071181
25.093795759872335793
21.030289407897896581
18.256899078922941726
16.225857442895289751
14.318916807943196545
11.912258779178273471
8.800835915001840704
5.507901421365943406
2.982482148374799635
0.931574826211601703
-1.688056791565799131
-6.199976673003220640
-12.753587379555483494
-20.361400222071779353
-27.571181934585439421
-33.631727390517454523
-38.346166039490867661
-42.002310332710351304
-45.119338226494107857
-48.161018415385768776
-51.290478924748015288
-54.359115412216198138
-57.037963993279447550
-58.926744524989629781
-59.940432664177137667
-60.493975229565478458
-61.334699160212011293
-63.261740357695970260
-66.688209802970334295
-71.020741727877577887
-74.890873185443837201
-77.451875052138120736
-78.989426058891382354
-80.091218916996552935
-81.250369881437961794
-82.667680215754614892
-84.158746453974742963
-85.429034303795560845
-86.421848153858036312
-87.336835669406838178
-88.255700389033620468
-89.188107691126219834
-90.072393142572877878
-90.857505380262864492
-91.503861639604281208
-91.961093772666885116
-92.348081887670304013
-92.863236908570314654
-93.531718619708755114
-94.169346435662021122
-94.609223988580538389
-94.802283970862788465
-94.878678274172301599
-95.171816783273726514
-95.973505863254899850
-97.378451088698625426
-99.173207578899024384
-100.951999510316596798
-102.435542906424814191
-103.650193421243272951
-104.866841800227234671
-106.425916950510213610
-108.474216504115616999
-110.893751950044787691
-113.568479727604767504
-116.407572550640793452
-119.274561436831930905
-122.067483752801706487
-124.760832916748313437
-127.354746696742608947
-129.790131942009622890
-131.901606605392345273
-133.444117491233242845
-134.393829364308260210
-135.001498898208069477
-135.351961146822532100
-135.477947558170882303
-135.470841697179622543
-135.380466627237552757
-135.252886427062009034
-135.164587946531156604
-135.099299910329051500
-134.932240432385100348
-134.591368900445132795
-134.080084152716722201
-133.405352914663836827
-132.583903797875791497
-131.663484828889949085
-130.730436871730205439
-129.886032543363512559
-129.197018094106198305
-128.670996257391664130
-128.259778940491969479
-127.867401809797996748
-127.375633749397309202
-126.741322981297287242
-126.036846419726373369
-125.397837416016699308
