74.615192057046172636
75.006615787585644739
75.502421970094644621
75.812531162645285576
75.711047507562753367
75.398936856426502118
75.056547680567717862
74.746528823665784103
74.522237584061102211
74.135124926360049358
72.663914004214149145
70.481628480080246391
67.875364014201636564
65.057448357267844585
61.734418299931569152
57.694095128934570482
53.220109933890157095
49.056391222248493023
45.347318498223913252
41.589139234905516673
37.694030806708553882
34.052288274174870253
30.606104926220723428
27.153839954677735591
23.778711123877442901
20.506907498136953905
17.221039719148393488
14.378963918304165759
12.277651946816931172
11.044298899333000463
10.369823802478677521
10.056860776112330313
9.965158037639056943
9.922679276848612062
9.269726402471235360
7.918246848552911388
6.704901141921752128
6.565857249832745879
7.223529592803700439
7.864641433088380040
8.171990421669548255
8.487648608245137893
8.840730118362188250
9.170861006207701394
9.009022082080576865
7.895271557180819855
5.765374513172076831
2.903282162283517209
-0.452135577843193914
-4.087919727918233548
-7.470009741714846996
-9.644416202410155847
-10.527717107391652007
-10.005190514385162714
-8.646207127946183846
-7.094587540756066346
-6.003151024809568526
-5.608543349549108825
-5.420581219708623166
-4.523390225692310196
-3.241646524518898786
-2.647199919503151477
-4.087773199763603316
-7.731463546840615209
-12.603529537580101305
-17.258614851018791114
-20.947079521565228788
-23.469189813882451290
-25.106495038351170024
-26.369528079108874863
-27.711933209636441688
-29.285969777903460454
-30.931977744289184784
-32.310145475592690900
-33.009813487191479453
-32.936202899909972075
-32.495211016850220176
-32.425847374242493970
-33.519654418243732152
-36.182843381988305964
-39.815799502637617024
-43.044412345580582269
-45.016855524591420590
-46.014210124749780562
-46.620022531295717272
-47.323668911995611097
-48.322575242224445446
-49.429289881131495576
-50.346523464281489169
-51.015087884469295432
-51.632373594108656789
-52.278037866065091066
-52.959889100669812478
-53.614575921965553107
-54.189512959612017085
-54.643721196845888244
-54.925560517047614439
-55.152751391150729887
-55.522646835678074240
-56.059441059880157354
-56.578071910822387736
-56.910838096558308052
-57.007937526281210694
-56.998851726640481274
-57.216379618669549245
-57.951771638405517706
-59.299228698685993777
-61.044849320925493430
-62.782446480922942555
-64.232368252452204160
-65.420643960485165280
-66.617878535408124208
-68.164255019109475597
-70.206365145396119942
-72.626055122395712260
-75.307158090037916054
-78.158767627950965107
-81.044382933378244616
-83.862061178577647524
-86.586372958979922032
-89.217598141746748297
-91.696860479112785924
-93.859082590399651735
-95.459620834631152775
-96.475177296695818541
-97.157204670811893266
-97.591434980964066881
-97.811755378854144283
-97.911041498649325376
-97.941042947272677566
-97.950288492250109584
-98.018314819807670801
-98.132295105717162187
-98.170449667862015986
-98.061210225505021754
-97.802619641208281109
-97.388596617187090487
-96.818969555601114507
-96.128473136892921502
-95.398153885908726579
-94.729841605681855299
-94.193400020106963666
-93.800033311657159629
-93.504806778763253305
-93.214467782491482239
-92.812996189551171256
-92.259045478488360459
-91.626471318921517195
-91.052102284461085446
