1309.927041832967006485
1286.472922053967295142
1292.859039462992996050
1340.183283408634679290
1274.831937834997916070
1275.831940413344455010
1354.466244684070034054
1516.634715886771800797
1762.374146301633345502
2086.433405901463174814
2743.952107095594328712
3456.195741867263677705
4210.266240637498412980
4994.413834523947116395
5795.215392040113329131
6600.460861621817457490
7400.404715216890508600
8187.073949302944129158
8952.938242014657589607
9689.050870981624029810
10388.681895543470091070
11047.653709417047139141
11661.339671631316377898
12225.632081298441335093
12738.325049083714475273
13195.456827818494275562
13597.325159075402552844
13945.149446337411063723
14243.228399841766076861
14491.161322897023637779
14692.005084124408313073
14852.326474083631183021
14968.043480024860400590
15041.528199212756589986
15075.923801937397001893
15073.336199294053585618
15029.435235591121454490
14964.405172638185831602
14950.005113942997923004
14893.086585959918011213
14840.350532251388358418
14789.706145021302290843
14755.615006280702800723
13988.390343045333793270
13251.622680218470122782
12551.787153048215259332
11897.103383694573494722
11281.941583554025783087
10716.277965062861767365
10208.556668082110263640
9757.479454731808800716
9359.461033740513812518
9002.821139385754577233
8667.083552798525488470
8324.258339146228536265
7967.147604870737268357
7630.302447667132582865
7321.430942700035302551
7034.555398657510522753
6767.133199248199161957
6521.762055605015120818
6304.638473057587361836
6126.873624581577132631
5992.270631753739507985
5868.491367721831920790
5735.255945997490016453
5633.608883056034756009
5593.466493055784667376
5639.153779315351130208
5747.257631647509697359
5906.962646509955447982
6116.375900146836102067
6365.986227006476838142
6653.686912546148050751
6971.618027750694636779
7300.564638839812687365
7620.722171099792831228
7932.319458888991903223
8226.762641176679608179
8497.869617652508168248
8746.777378850718378089
8984.120939098973394721
9219.794248486839933321
9452.270112411715672351
9682.907483495820997632
9913.999496360011107754
9836.885886100020798040
9768.339717215943892370
9713.663062556224758737
9675.156146532561251661
9650.023108553486963501
9637.693616773478424875
9690.869000378770579118
9750.066962235829123529
9809.386940624839553493
9864.633852950262735249
9913.971440078017622000
9949.282283029557220289
9963.246916399362817174
9952.839288557201143703
9915.768995259348230320
9850.503319797189760720
9756.341696158786362503
9631.467793698329842300
9476.743198445012239972
9294.065434218578957370
9087.606954774330006330
8865.572960198596774717
8639.564252122871039319
8420.985146913353673881
8219.272964013136515860
8042.690397200682127732
7897.652078418349447020
7567.588294586893425731
7282.811895991608253098
7045.547958526117326983
6853.754968072427800507
6702.289723035294628062
6581.631068138992304739
6478.605975743252201937
6376.366057866276605637
6260.480319050807338499
6114.943878857624440570
5928.386713408214745868
5688.608073347846584511
5371.343844478497885575
4965.171242382155469386
4468.304067804003352649
3846.008232745239638461
3128.996129250893318385
2328.650630477773574967
1442.887691587158997208
467.073592740193021200
393.551064439865001532
217.679103622932785811
65.227080098186107193
0.624300037141177877
0.000000000000000000
0.000000000000000000
0.000000000000000000
0.000000000000000000
0.000000000000000000
6.278538550887645009
80.989499372524477394
317.909822411002096487
648.170133318522061927
994.888978490559907186
1297.952723707127233865
1518.787040295346741914
5377.943993476427749556
5353.231376130512217060
5322.034777723239130864
5304.643778718947942252
5310.503492949196697737
5331.725656962496032065
5355.570179163018110557
5376.809246083606922184
5387.303981641087375465
5385.976666577402284020
5529.037784232398735185
5721.545091124260579818
5955.391598707865341567
6196.940918974191845336
6470.305476216309216397
6791.750521586554896203
7141.443220782847674855
7481.829077540312937344
7790.241299111299667857
8103.824637109850300476
8430.458270071496372111
8740.624802147433001664
9039.702241892098754761
9343.333884811318057473
9643.180387067448464222
9995.621219554932395113
10374.464699859268876025
10752.059276747668263852
11043.291885263677613693
11292.338032415347697679
11472.417699654666648712
11483.729055936049917364
11498.749407201526992139
11547.706855858037670259
11659.376297053477173904
11906.665154812086257152
12539.845717489155504154
13223.742307792306746705
12356.859417207760998281
12396.881041456668754108
12369.801545745689509204
12506.559444641558002331
12623.877685915296751773
12654.185457744182713213
12688.578024218732025474
12771.376277524594115675
12887.763297252200572984
13333.680080605336115696
13963.727786753917825990
14603.910738963901167153
15249.095871723866366665
15874.516051172467996366
16583.933340440373285674
17631.469127741009288002
19400.116097079073369969
21723.227475713327294216
23419.365242005649633938
24045.336171186794672394
23578.443473274910502369
21990.606854277462844038
23493.760776896535389824
23812.937025230970903067
22918.179552314140892122
21061.266489686477143550
19475.242637842056865338
19104.074168771719996585
19290.754227278375765309
19536.950147654970351141
19358.384366204867546912
19338.467281403231027070
19622.550690318970737280
20026.596065507132152561
20488.982824654889554949
20741.155769770015467657
20673.918554362648137612
20497.795897253661678405
20481.985317817281611497
20450.094738274619885487
20499.066985950321395649
20724.651017064417828806
21100.480758494966721628
21415.587038239526009420
21508.228655533112032572
21514.187447370070003672
21508.020973010883608367
21541.884261844938009745
21624.246077010262524709
21732.992478410786134191
21804.167150173685513437
21819.565768393815233139
21853.986718467502214480
21889.413019609710318036
21937.790276567244291073
21986.372060287369095022
22059.998557740480464417
22130.452046156337019056
22109.297967115860956255
22065.247604698673967505
22056.727882860639510909
22055.421926434461056488
22038.959874273830791935
21991.762703113217867212
21904.694687453771621222
21825.647538929664733587
21773.042182255954685388
21783.356526514213328483
21884.099016130021482240
22047.893233103270176798
22197.810958632377150934
22283.854181400307425065
22317.147708393167704344
22337.854523818125016987
22411.004700040484749479
22561.296734080497117247
22735.447439051560650114
22931.008643542576464824
23149.944159770013357047
23365.175943737609486561
23563.947444103134330362
23749.188011363465193426
23963.593598683317395626
24166.257448362579452805
24355.765192668441159185
24436.320476173594215652
24349.472637781829689629
24339.073037007961829659
24390.478836600857903250
24318.694263826637325110
24805.331507738908840111
25094.882682344770728378
25004.297286250402976293
24803.331384542510932079
25033.539613714652659837
24962.641640168207231909
24795.225786257775325794
24881.604673409339739010
24571.919450328019593144
24741.469713263068115339
24777.703679054557142081
24685.009087210364668863
24580.806829172408470185
24519.388645197919686325
24580.305101118541642791
24852.317710506184084807
25262.742424615327763604
25669.544133478026196826
26105.860051272389682708
26572.720308610521897208
27113.271117854765179800
0.000000000000000000
