1798.694885389727687652
1627.187877675376739717
1473.836139577958874725
1355.840308170000753307
1160.105948939694371802
1046.721038003074227163
1042.206897438475152740
1168.978393905290658950
1442.492573755680268732
1868.408567371989420280
2270.053107368723431136
2800.176336471002286999
3436.145525701448605105
4154.182140358820106485
4929.883034916495489597
5742.063227568643014820
6573.953758171840490832
7412.176308909180079354
8244.466193022331935936
9057.941066706707715639
9842.758158498070770293
10592.324356087812702754
11300.027132563538543764
11960.227116359967112658
12569.770941965030942811
13124.817284800999914296
13625.128499286292935722
14070.071507847807879443
14457.251997296174522489
14777.883333626919920789
15027.982586602507581119
15214.293048242418080918
15342.798739590860350290
15421.477774190561831347
15454.730566003918283968
15444.725787401064735604
15388.651342839697463205
15304.125785188065492548
15251.011779868080338929
15152.954553054083589814
15049.671682888261784683
14941.829151567673761747
14843.935663284144538920
14183.957162355811306043
13550.395740860882142442
12950.870595989792491309
12394.350403388352788170
11877.797784393225811073
11409.767473389989390853
10996.215469122398644686
10634.314941590770104085
10319.404157074084650958
10040.383012812222659704
9783.616491653865523404
9534.318905619775250671
9270.608315385899913963
8996.775221947786121746
8720.575621999616487301
8438.807919094379030867
8148.216867325852945214
7847.150735047198395478
7537.556137573137675645
7226.194386328013933962
6922.250331027074935264
6629.274630818554214784
6335.352101689314622490
6038.860114511545361893
5771.134859523699560668
5569.936929791714646854
5427.879082046575604181
5343.540931507626737584
5319.843678023537904664
5350.718882306256091397
5433.980310426689356973
5561.688207089410752815
5715.667950282659148797
5876.360863528972004133
6040.392208767421834636
6197.592715900597795553
6340.599973084369594289
6470.158177431312651606
6597.742970108020927000
6734.633404264892305946
6880.245558909640749334
7036.904737865305833111
7207.605947975208437128
7523.068644483799289446
7860.510827467152921599
8223.436268774037671392
8611.500222756882067188
9018.641988656630928745
9441.297940093596480438
9537.432668128667501151
9638.649452042656776030
9738.302244915454139118
9831.182409814487982658
9914.736627396820040303
9980.917946141051288578
10022.348427117092796834
10035.815553605800232617
10019.517736150462951628
9972.159279609386430820
9893.095676981598444399
9780.658782335482101189
9634.669143754670585622
9456.294210183670656988
9248.918633653722281451
9020.067200110723206308
8780.715019859017047565
8541.435454397662397241
8310.589788587793009356
8095.385476307321368949
7901.448253214362011931
7519.660301269957017212
7173.273276503356100875
6865.628132408593046421
6596.439675932580939843
6363.122286599937069695
6159.026907517800282221
5973.944059961713719531
5794.111393848880652513
5607.721888035736810707
5401.848362878016814648
5169.383512452781360480
4902.356581354914851545
4576.245368090080773982
4172.668139686330505356
3686.018359549498200067
3103.370310109960428235
2456.790664466693669965
1762.637309481131978828
1025.212742723501378350
250.628205290804970673
0.000000000000000000
0.000000007511666557
0.000000000000000000
0.000000000000000000
0.000000000000000000
0.000000000000000000
0.000000000000000000
35.572102080843045258
139.726569766466781175
407.719998350357855088
773.977899970571797894
1190.286510601764575767
1623.378549393472894735
2029.754767769723002857
2372.236958661238077184
2630.982002511170321668
5274.082437124754505930
5238.784208485148155887
5195.473070797015680000
5165.842472682747029467
5161.798883742519137741
5173.354300582184805535
5187.243933786918205442
5198.509711208930639259
5199.274486172083015845
5189.370089869623370760
5285.541475994457869092
5427.321270900104536850
5607.606521335116667615
5798.577744369202264352
6025.577060856036041514
6305.084770461650805373
6615.174754361923987744
6910.324190770450513810
7168.766520052778105310
7429.393128387549950276
7698.096459253091779829
7939.240470318537518324
8151.346279447100641846
8339.044921307166077895
8473.591974785691490979
8567.864226074560065172
8569.301154325379684451
8455.428803565086127492
8264.146053074551673490
8208.056516150878451299
8407.774789068240352208
8751.554187497797101969
9171.123090164488530718
9567.676469870490109315
9942.491793026922096033
10364.635353851543186465
11042.279866258621041197
11702.290144120013792417
11040.663012980088751647
11099.492587270480726147
11094.431990514678545878
11215.770237592880221200
11316.164603133711352712
11345.106094639935690793
11384.488223522317639436
11476.989755144617447513
11607.867833400208837702
12014.104038967601809418
12575.792907555582132773
13155.032564915047260001
13746.262013146748358849
14308.729555652862472925
14895.223058079200200154
15570.734123108866697294
16399.197716280272288714
17615.081067516093753511
18830.584634426562843146
19626.803049152873427374
19916.590872620243317215
19667.331312271442584461
20655.118006411656097043
21075.016459755996038439
20874.591801024751475779
20029.971697633965959540
18758.595520409286109498
17752.412849195083254017
17489.418397167646617163
17599.566323812770860968
17469.092952459708612878
17491.901799348113854649
17770.822583910998218926
18152.116003643957810709
18585.040168373063352192
18847.201270590532658389
18834.371341223963099765
18708.553410645410622237
18696.081336498355085496
18666.712642581976979272
18721.006670084952929756
18963.549271298375970218
19372.857443453678570222
19723.998504600946034770
19837.931970956069562817
19853.461390271910204319
19849.246956747050717240
19884.687944319306552643
20002.769920758379157633
20145.956597625005088048
20247.108930625632638112
20287.481369672539585736
20347.434279923305439297
20408.002117909523803974
20466.023917857008200372
20520.971324759644630831
20591.941336556184978690
20658.145074717442184919
20638.025681147777504520
20593.038456526803201996
20582.117069416242884472
20584.854435072178603150
20572.630846682517585577
20528.812556402524933219
20443.847005079096561531
20357.107994770449295174
20301.471581782570865471
20315.808420338053110754
20428.585394345791428350
20609.218691611287795240
20774.513600985716038849
20870.645995248600229388
20909.506295524904999183
20934.155205160837795120
21014.196496660144475754
21176.978894826479518088
21364.600594516356068198
21574.369254199704300845
21810.519887842179741710
22043.162438284620293416
22258.146172958018723875
22458.296643507081171265
22682.107063942235981813
22891.122004261476831743
23069.795149709167162655
23073.368084533838555217
22790.944466461660340428
22521.383794420769845601
22465.368087427894352004
22600.013676701164513361
23192.502650389276823262
23557.096583087117323885
23520.770462023705476895
23372.290877429884858429
23584.737480172429059166
23539.992652581182483118
23432.373378320738993352
23513.617001782517036190
23196.880336760237696581
23323.341036171077576000
23354.232729804723931011
23311.556934020449261880
23327.017328271238511661
23524.550977452065126272
24052.373336600325274048
24887.655130001377983717
25659.925992560951272026
26056.951050221297919052
26092.136097044291091152
25911.575809947116795229
25671.339385528626735322
0.000000000000000000
