15458.598334163167237421
3614.750722648749615473
2746.858679660435427650
2340.791735857052572101
1002.000200799528556672
802.660372796709907561
136.711158589766426985
113.609935235747400384
106.699811527703303682
103.250150740739115918
102.600492225038607330
102.068924181444430133
101.564675661010255681
101.074972250651001104
100.591954276829042669
100.109885339652180392
99.624670257362282655
99.133551888325172285
98.634842349620356572
98.127693054793624583
97.652140325597088122
88.236259580098334254
83.264050070471469667
79.078765270327181724
75.816916862341855676
74.525647769330930714
70.083499938446635724
60.002404300354008626
59.188669043833790795
59.059499662844331169
59.055867034451338782
59.055672055317046443
