122.296744012744696306
122.729737063291977961
123.268549432384290299
123.613152877385886086
123.523348358416711790
123.180667633297503016
122.753705123891265316
122.318820708242810724
121.952869145238992132
121.424433347060841015
119.822916370048687895
117.529416595708298132
114.838357291762491741
111.968328521519964625
108.630531332955257540
104.616025070521260432
100.210758816225663281
96.160514466000790890
92.611303778761808303
89.060819197167347738
85.422400050179163600
82.087095187078148228
78.997384722177514504
75.951514431579099096
73.032373046891805757
70.265840310103911293
67.534430132888800813
65.296186086455847430
63.848481566459327041
63.318964958529321052
63.398878463000613692
63.890893815806776956
64.654392854963049331
65.516476751919427102
65.816001503767481040
65.462779069682440536
65.290506119408775021
66.231395186216118987
68.002758867965511058
69.784972898184733481
71.253240538256164882
72.740909481028722894
74.267463668296016976
75.762289339259893950
76.745841874484540313
76.747682520488012869
75.693389324695061759
73.857275567886915724
71.469312383354008489
68.734429405770754329
66.179591816497691070
64.752643236507964275
64.531818924665770965
65.627651454272069032
67.467620710864622424
69.405765416699438219
70.787997681029537489
71.377128997929901288
71.663535464304857214
72.564289944361320295
73.757418336993680441
74.175838318827231888
72.479057403013428029
68.508703807077779402
63.251295201019047454
58.165108932678947440
54.012679706442384031
51.005513002764189423
48.871959962432754310
47.109183943177413312
45.269033565063608648
43.202767594602818235
41.071990191770566980
39.217451277653879060
38.050434749701224746
37.666645134902637437
37.661668898192715460
37.298383739287658045
35.787228914695674575
32.723861211890721279
28.709588018998772441
25.120040509016064334
22.808376082210145341
21.494575663246905606
20.595773304959266170
19.622833332984725985
18.378201819985463317
17.049020797935213523
15.932301644100903104
15.087147694464192682
14.316363592036964292
13.540792162056789039
12.753415565260695530
12.018634229372423761
11.390317127814171272
10.910967943859418483
10.634033251951791499
10.443938168360773489
10.145865811505586862
9.718580384191341182
9.350530436085591646
9.213205323355566634
9.360529309238415863
9.667357440330874851
9.805262847770336521
9.487169576104633961
8.622591940756137774
7.428445461264630012
6.313069460727547266
5.557380234998277047
5.135853834816543895
4.777894953294662628
4.143181462354618816
3.085208694018092501
1.722805269180753385
0.173729788233572435
-1.468309311076950507
-3.062542459449673515
-4.501087352987667600
-5.750794669925028302
-6.802481259808359937
-7.586251968383919575
-7.924697541419220670
-7.559743276520237032
-6.453881628211320276
-4.844393059912817989
-2.804620426089343255
-0.360763274798671318
2.393349783818678134
5.392102063430911585
8.556728363803188131
11.759870703426372529
14.951409662303035475
18.181980702515545545
21.453464553953097038
24.705973977009819009
27.892541283453681444
30.974844017981979505
33.905304168380098417
36.615667555292304769
39.031163476451865790
41.112566050909094884
42.877251265574784611
44.394650774722720143
45.778151061342953199
47.159968733545895248
48.594387098870015507
50.017989919553997424
51.302695420960901629
