2730.149591322159722040
1252.347423864685879380
681.385020701327675852
528.841612358000588756
450.839243361126591481
397.151792402272121763
355.310971017296026275
319.763122898503297620
288.382968396056298843
254.105630329235594900
136.971675162629736633
127.042575905685197313
120.840518591017783478
116.003575568988296141
111.863141556605569349
108.243881259419566732
104.949196772667320943
101.994352457311862281
99.334657439661754097
96.813342197558768021
94.448444511409149982
92.250449698610353266
90.191118908279406696
86.362230260691760009
72.300673631063602897
71.512491347425196864
71.070501329676361024
70.991591649334495173
70.906140179086776243
70.811465758655515401
70.711905837722866863
70.611920064246334050
70.502049231309968036
69.480549067684094666
69.168427031253912673
68.918223187465997626
68.704916226441156368
68.517374892006174036
68.349600905448227195
68.196873795315752886
68.109350598433266555
67.347863380104897146
66.516438050443895236
65.788403375177693988
65.115163860667124140
64.503825751276707479
63.903803407305204587
60.994127043323224768
59.553037967768787553
59.111396355883314868
59.054006260995308253
59.054006260995308253
