264.735862984796597175
585.466910251552803857
909.237100957748339169
1251.650578863313967304
1287.645678481612321775
1372.544171435062253295
1516.983579557166194718
1726.153180345677583318
1999.789922235632047887
2332.799413998276577331
3472.583467780385035439
4645.613328947761146992
5836.270018102315589203
7030.084864513713910128
8210.962410102840294712
9364.288954503093918902
10478.417144081269725575
11544.097576747230050387
12553.134326076611614553
13496.458247806824147119
14367.787311154768758570
15163.904675413699806086
15881.459253306649770821
16517.820730320574512007
17072.392650864774623187
17542.788706094361259602
17930.919429222292819759
18239.486158757968951249
18473.919236145316972397
18634.109880696738400729
18722.659852443659474375
18744.818435663226409815
18693.856191019949619658
18569.044012897335051093
18370.169117445646406850
18096.024996246298542246
17739.433553163333272096
17319.288774325577833224
16906.410228237469709711
16401.613316048315027729
15850.071064976287743775
15249.391225313394897967
14616.005110171619890025
12925.741817951697157696
11223.675175598746136529
9524.299687324486512807
7850.470089014857876464
6219.081221517967605905
4671.014698507943649020
3254.842478059436416515
2019.866586957055233142
1024.271581194463806241
330.433545504302287554
13.480795307147131368
0.268082118808734282
0.009141154682411907
0.002640407462589076
0.023638877417859274
1.335441392574103991
459.991820112464097292
1.970104722322096880
0.032635666470384059
0.019607877049489759
0.079084199613255246
0.076519153488972771
21.750464830645068304
257.696502816314534812
749.199388289108355821
1434.900970138069169479
2223.119369220601583947
3049.188598100055514806
3872.080091159196399531
4657.316864224412711337
5389.587521932377967460
6055.742313317306980025
6635.013201251495047472
7107.861428255273494869
7476.676216587448834616
7735.413949501937167952
7881.234154545126330049
7920.086496145262572099
7868.491359254644521570
7741.171383942792090238
7539.063130320492746250
7265.494555188633967191
6925.485258719769262825
7431.567167250941565726
7893.755379157193601714
8325.460545456142426701
8735.294053106998035219
9125.417590678864144138
9499.707837480726084323
9639.520066721701368806
9764.793785492249298841
9873.325676302258216310
9964.417624963964044582
10039.417407912593262154
10092.861978055509098340
10119.708319464903979679
10118.931458261593434145
10089.898886043876700569
10032.333031187894448522
9946.334085178514214931
9830.371840891375541105
9685.099288018511288101
9511.706884461695153732
9313.213078683023923077
9096.293645191402902128
8870.672508266436125268
8645.520364646952657495
8427.725698438871404505
8222.815882582586709759
8034.464367483860769426
7916.768499232170142932
7822.892121371236498817
7751.376380506576424523
7697.295876036037043377
7653.869220621673775895
7611.335656732421739434
7557.608844033537025098
7478.002421834572487569
7361.098334047830576310
7194.165260838242829777
6969.196764453120522376
6677.352674404446588596
6297.675639195712392393
5822.638333172934835602
5249.379591401049765409
4531.556535529884058633
3692.654323973150439997
2736.721578009401582676
1654.366237412878717805
434.174171464435403323
0.001229719795470549
42.775155036891071347
35.983003764642297995
13.748966972837658673
1.027212938559470379
0.821037992657956184
0.159361467687181735
0.030067759842240385
0.361843140665830565
0.163305681605123432
0.066246307080229327
0.032693633195499582
0.048891131102892178
0.040130092345193991
118.282832107534588317
777.588067063730932205
4602.609816577424680872
4600.859532125078658282
4591.721883860414891387
4595.983447470081046049
4616.238632835174939828
4651.832756023666661349
4690.042780703653988894
4725.642813876476793666
4750.513435407217912143
4763.625781032274971949
4941.183525241573988751
5168.256527171621200978
5436.693235086901950126
5712.817265119691910513
6020.702857137545834121
6376.583913249917713983
6760.600844881482771598
7135.164102419211303641
7477.544080932681936247
7824.787679500537706190
8184.579856452851345239
8527.028708261857900652
8856.930380598103511147
9189.067255046016725828
9513.855994024943356635
9886.272916581307072192
10278.347747147439804394
10660.708273093488969607
10946.765780492611156660
11180.947902821902971482
11337.944013882377475966
11320.578456284636558848
11306.608249875116598560
11330.766414846431871410
11425.382701260661633569
11665.487879711941786809
12302.136875984409925877
12998.239315432081639301
12148.837472585202704067
12212.615171042431029491
12212.499194306463323301
12377.776307809326681308
12523.697974659149622312
12570.293408554278357769
12618.903202043220517226
12713.025385555418324657
12837.158701178999763215
13286.578046351543889614
13914.605364882812864380
14543.849342352497842512
15159.897822577226179419
15709.888373867484915536
16210.120184676899953047
16653.950924941720586503
16925.248151021125522675
17237.584015412958251545
17320.899622419095976511
16781.924392797787731979
17308.026603452162817121
17619.946497269953397335
17588.896164598918403499
17613.767104627673688810
17791.864633912868157495
18147.755629390281683300
18621.579565393829398090
19083.962587574002100155
19473.985810244146705372
19742.434876096602238249
19533.917214102086290950
19466.700382549031928647
19694.358107760741404491
20035.584648417167045409
20430.514243195564631606
20612.591094995455932803
20475.268405322618491482
20232.607842734996665968
20158.203653175933141029
20079.283408190556656336
20094.497348877059266670
20297.401650413856259547
20654.793729219956730958
20946.251595248060766608
21002.747172323128324933
20957.848474616112071089
20887.335481751360930502
20846.365922872686496703
20920.439946273490932072
21014.914912015792651800
21068.608355598065827508
21065.247122930573823396
21080.980759817499347264
21098.804570371146837715
21120.395828661974519491
21145.058333034052338917
21198.587200600341020618
21253.755674163105140906
21223.051526150717108976
21176.014730770220921841
21171.548689876271964749
21181.068888495476130629
21180.967343127416825155
21153.409047602159262169
21086.354525310889584944
21024.967722520086681470
20985.745493790116597665
21004.536502059047052171
21109.358552823905483820
21273.987965166925278027
21422.819656957479310222
21507.036848724332230631
21538.653083602617698489
21558.421761993140535196
21631.715036012261407450
21794.428722709460998885
21982.084288259011373157
22192.011662481621897314
22426.079405196374864317
22657.492596620628319215
22874.355158449303417001
23081.287189958438830217
23324.138775032097328221
23567.838718464452540502
23820.983895008637773572
23998.086197968863416463
24031.151568665878585307
24112.736728865824261447
24139.047168877605145099
23897.189189784534391947
24200.371058324468322098
24356.033509559016238200
24203.426173935818951577
23991.179679734588717110
24235.833295533018826973
24186.843707406867906684
24089.148349396062258165
24243.361846802814397961
24064.736121304969856283
24292.344122221653378801
24379.702804117256164318
24322.955110593142308062
24231.086549132971413201
24145.418961516890703933
24129.699379377550940262
24252.607454855951800710
24422.113006524072261527
24484.321263294805248734
24475.446561851076694438
24409.622435766654234612
24401.562304254806804238
9389.435380102457202156
