107.216889497763418149
107.563134771978155868
108.011552831569446198
108.272015796003515220
108.118583989976769999
107.752182549138382228
107.353120500581226793
106.984006504430311679
106.698154865588094253
106.246968712630803111
104.709116592748927133
102.457559002929542658
99.779318237466327446
96.886636972599035289
93.485953814840144105
89.364977430151355975
84.807210561279035232
80.556436357688909311
76.756870641792872334
72.904577514342150835
68.911529845029974695
65.167795523726709916
61.615316367595383440
58.052174056380877687
54.561280962499182579
51.168490953917327602
47.756047687931257428
44.781406521774485441
42.541102782570888508
41.161857455882127965
40.334076274530175965
39.859839661422938661
39.598301080439682664
39.376788550389463239
38.534928597272056550
36.983956143282668450
35.559786379715731641
35.197815489360507968
35.619668421181515328
36.011272658477096797
36.054637844805668578
36.091072434782006439
36.148970177665376013
36.167300301285109754
35.676471422354353535
34.216075365333210812
31.721537698719345144
28.476618596933406025
24.720169259614579005
20.665330986086559051
16.846584160861993951
14.218621776043704585
12.865908772222638845
12.904610594515418143
13.767259509042816035
14.812442383567145043
15.390269014468884734
15.267519221020137365
14.938219595042369292
15.322368100407260272
16.099501883853434947
16.201849018910792211
14.285399122434455421
10.185201992317217901
4.878441180801786459
-0.187851662941994846
-4.263113070083960565
-7.147361180445159334
-9.122457948001141403
-10.699680404912498943
-12.333723042369825862
-14.178091421531064498
-16.074478163797607522
-17.684462309364903376
-18.598763645429670532
-18.723937512517892401
-18.467149035938945190
-18.568596999965308214
-19.820928911749575718
-22.631375785247371368
-26.401259250346640783
-29.757325633017302380
-31.848530505231650523
-32.956667462761856768
-33.665931467824293577
-34.466288765846030628
-35.555702117534025319
-36.747208270351734427
-37.743962391080458474
-38.487181217901706987
-39.174624167564985555
-39.886285050070256375
-40.630279499094285711
-41.343536886227354898
-41.973728639427804410
-42.480110873727142007
-42.811258988362737909
-43.085091197385963824
-43.499142143628262147
-44.077773034615631786
-44.636075425499910807
-45.006489646562755524
-45.139344226993699749
-45.164241287831544014
-45.414091199568787260
-46.180247497141294843
-47.557006559766790588
-49.330555391600341864
-51.094789055073391637
-52.570131846630943073
-53.782683932469467436
-55.003116140988595362
-56.571672866862229512
-58.635003013469940925
-61.075006104966973908
-63.775565044235293044
-66.645819894751241463
-69.549313308735634109
-72.384143113455309049
-75.124917968154392156
-77.771953404712121483
-80.266406616150447917
-82.443231599857597303
-84.057814178214016465
-85.086884120470784865
-85.781920151035620847
-86.228678785362916415
-86.461070233429978771
-86.571991852393438194
-86.613213727189560132
-86.633283941283053764
-86.711757411939316853
-86.835824532020524202
-86.883721888793218113
-86.783896583767273114
-86.534406031317843144
-86.129182707732297786
-85.568068059618383359
-84.885809127998982149
-84.163464156211887257
-83.502874062767062924
-82.973913120651701547
-82.587795528425402836
-82.299596099813783212
-82.016071239268143245
-81.621209413006397426
-81.073672280156017678
-80.447323296493749467
-79.878998449842640639
