1359.186751503842060629
1314.901234775627244744
1303.024458803555944542
1335.617234608114586081
1250.906325401957474241
1238.103639599868756704
1309.508269134929605571
1471.731489581703954173
1725.089411273090036048
2064.196066385350604833
2699.320844647486865142
3395.521287644869971700
4139.117084549351602618
4917.534868322076363256
5716.557758437375923677
6523.232716869978503382
7327.127074788622849155
8119.640659644423067220
8892.679816238931380212
9636.798448487003042828
10344.829862189821142238
11012.222215840141871013
11634.034731566815025872
12205.901187472394667566
12725.407439500328109716
13188.427914720481567201
13595.136618893193372060
13946.668548571804421954
14247.277193142514079227
14496.569411916929311701
14697.666561406649634591
14857.257912339699032600
14971.448741300191613846
15042.825618039907567436
15074.763802863066302962
15069.611673149162015761
15023.292201508887956152
14956.246091194741893560
14940.490939641334989574
14883.172155150910839438
14831.257415937481709989
14782.894402004774747184
14752.717540860217923182
13985.340010566351338639
13250.425507795360317687
12554.624540309883741429
11906.159212561949971132
11299.179784319310783758
10743.176520901983167278
10245.827809771113606985
9804.765031896860818961
9414.887107661394111346
9061.967476496440212941
8721.043866093139513396
8366.404755093972198665
8009.693689360860844317
7673.805540422460580885
7354.267953907897208410
7042.098258110204369586
6733.008446304197605059
6428.444118716332923213
6135.563826804721429653
5867.627481792599610344
5638.287493346324481536
5435.180064794353711477
5220.478230007194724749
5028.629700261048128596
4900.073903488609175838
4864.499222851733975403
4901.354013057854899671
5001.273695336376476916
5162.608350381446143729
5375.077685157865744259
5635.107158681606961181
5933.059320829326679814
6247.980222743842205091
6558.550183111315163842
6863.770496777258813381
7154.226824354283053253
7423.342382314326641790
7672.258416680818299938
7911.965069067537115188
8153.039729110098051024
8394.939894037905105506
8640.156146643101237714
8892.088111012237277464
8952.716856944929531892
9029.644276713073850260
9128.182833729306366877
9250.181371412942098686
9392.029709609934798209
9552.070381897865445353
9610.874796735060954234
9679.252987084217238589
9750.552318620202640886
9819.793460185250296490
9884.377531380654545501
9935.482443185826923582
9965.144332603927978198
9969.771622700107400306
9946.596777895409104531
9893.686373928003376932
9809.992665832583952579
9693.379968751163687557
9544.422376740800245898
9364.778356967555737356
9158.459936100211052690
8933.619050968591182027
8701.907686618627849384
8474.862213635859006899
8262.127761915637165657
8072.260006818612055213
7912.042258825919816445
7594.041218449457119277
7319.985400536136694427
7092.142707555583001522
6908.402373181093935273
6763.459594073122389091
6647.578491952962394862
6547.364970621936663520
6445.791333015161399089
6328.348546198840267607
6179.103283621392620262
5986.946991948308095743
5739.923962960866447247
5413.526244290940667270
4995.668910889948165277
4484.546801855159174011
3846.650343316423914075
3113.873280605005220423
2298.807452282539543376
1401.176776672444248106
419.144651908757566616
252.960848977697708051
107.580340956217995085
1.358138655412056250
0.000000000008170172
0.000000000000000000
0.000000000000000000
0.000000000000000000
0.000000000000000000
0.000000000000000018
0.376129304370514228
171.002121190863334732
490.800258823178694456
888.714776861171571909
1286.487874126355563931
1626.712671028577005927
1875.984545771461853292
3442.798118446213720745
3416.752167796130834176
3384.281191246464004507
3365.706759302146110713
3370.136794556356562680
3390.091208090366762917
3412.876104801925521315
3433.308906424665565282
3443.278905226889492042
3441.711157320418351446
3582.999284463026469894
3773.977576621395201073
4006.503909579758783366
4246.895374527603053139
4519.212197086167179805
4839.661713999044877710
5188.344259198067447869
5527.627350730512262089
5834.754537044434982818
6146.770897242682622164
6471.443560555283511349
6779.140718187712081999
7075.149532605597414658
7375.084967773769676569
7670.706989067720314779
8018.667718304016489128
8393.304217637607507640
8767.710755169026015210
9057.640652497000701260
9307.748833709789323620
9491.262395888237733743
9507.837835923321108567
9528.514721426428877749
9582.296634071888547624
9697.146996377368850517
9945.728225256916630315
10578.538548356757019064
11261.066913293614561553
10392.415491193874913733
10430.480051094862574246
10401.575082035702507710
10536.782228000483883079
10652.871464456244211760
10682.041777459171498776
10715.626365712494589388
10797.953974149415444117
10914.246325197502301307
11360.525267758433983545
11991.672771104087587446
12634.560393895957531640
13286.674494749942823546
13932.329689388156111818
14706.810761413835280109
15942.284108301235391991
17933.972608564909023698
20030.455339387546700891
21339.279854416712623788
21715.619397870512329973
21195.634703227304271422
19770.912335329361667391
21258.529587810095108580
21765.119004725376726128
21219.593876966668176465
19643.257757689712889260
17800.769377819415240083
17135.817107373539329274
17249.915384472613368416
17481.505033087538322434
17298.603954884834820405
17276.131419474597350927
17558.290358652229770087
17960.858788466062833322
18422.143262801775563275
18673.487059651095478330
18605.549807497907750076
18428.700567867774225306
18412.051087744341202779
18379.298612001959554618
18427.638988588096253807
18653.113957064397254726
19029.495794746708270395
19345.689470837492990540
19439.696428141010983381
19447.126462870302930241
19442.414656969162024325
19477.664823706880270038
19569.963569854739034781
19687.886978353100857930
19767.760361489741626428
19791.596471386877965415
19834.380169041207409464
19878.253964357449149247
19928.387929945831274381
19979.112435405240830733
20055.399228542057244340
20129.136806943159172079
20111.967994352606183384
20072.692308396723092301
20069.791902282067894703
20074.899102290502924006
20065.452626304402656388
20025.508395509474212304
19945.421924410853534937
19872.570496973588888068
19824.962795427421951899
19838.903044908529409440
19941.957116702575149247
20106.939599817149428418
20257.145793289502762491
20342.767769011297787074
20375.056247214426548453
20394.247397439696214860
20465.438320191093225731
20614.614525715838681208
20787.539365983513562242
20982.022472614804428304
21200.221095375680306461
21415.110015149301034398
21613.871335040472331457
21799.322302407796087209
22013.962035540364013286
22216.252272631674713921
22402.753342536681884667
22473.004210704002616694
22363.998656048723205458
22324.679562985871598357
22357.633621181095804786
22284.549781415367760928
22770.403052336565451697
23054.324550124874804169
22956.165578232663392555
22749.379366395267425105
22976.088832686815294437
22899.444437463142094202
22734.009255917077098275
22823.222438945271278499
22523.837104218335298356
22696.348942654796701390
22738.142949123968719505
22655.899204841854952974
22570.356598642480093986
22539.620512145218526712
22644.936833645977458218
22977.993852102667005965
23445.970601186279964168
23891.253978140295657795
24326.566778468863049056
24737.656430738530616509
25157.537921701721643331
1939.267564476576581001
