143.069806751066067818
144.084518478968959698
145.247209845046967303
146.271084570189259466
146.938307398525722647
147.432952578195397564
147.921465997811679927
148.460493288342320284
149.099442454463201102
149.583548207044117362
148.995402111516909827
147.741585042177632658
146.135623050366575626
144.401947227204544788
142.251173903857534242
139.470194145524374107
136.338559757050234111
133.594147520760486714
131.374003356970604273
129.166110384111419762
126.873645148735093358
124.877332002296910218
123.109410753402798377
121.358133395163889645
119.696741132906566918
118.141901533890887777
116.567463896758752639
115.423493457651360927
115.000226674829491458
115.419176545632382158
116.366606419054690491
117.641510022728610352
119.101031223785113866
120.571627025565433655
121.393298770168584610
121.479048451127013664
121.668109265416291009
122.900873882470463627
124.905690198661659451
126.876854699920940561
128.506132986318817757
130.145500975684853984
131.834247392357042372
133.521643171901644109
134.746955792829083975
135.056392861097180003
134.388987086167844609
133.028236373698433681
131.207693290163405209
129.128493567362426120
127.304187474585319251
126.657110643425312446
127.225853568968602758
129.066689157029884427
131.540755489182913607
133.930274322539162313
135.514123194878578715
136.004191377665506479
135.864589722969725472
136.013847512112562299
136.157316086676928535
135.277336995854057022
132.101258129009920594
126.552374724795413385
119.705176147548485233
113.101955830807042958
107.575191457503279935
103.385545667145635207
100.288014696660468417
97.786746247233196527
95.426460657722259384
93.042948981212390436
90.778380376567014309
88.952933065765279252
87.957995995736609984
87.871177432608817526
88.272152249500265953
88.409550775146328760
87.479976537364848355
85.064405502957185945
81.748170034777274395
78.890285910964792038
77.328060787889853600
76.767837523877574313
76.616159176462758751
76.376309216557615400
75.845464573601418579
75.206935772459473810
74.754693353480945461
74.545260810969125487
74.379169993104312653
74.175182630707638509
73.924316136822255885
73.689182466198246857
73.522293364494089474
73.465620177825712744
73.573290714761697018
73.731870276887548243
73.750186936625027556
73.612035496909925314
73.512054363068102703
73.628745301937556178
74.023350537267219806
74.577607178126811505
74.968661401237227437
74.912951333364048878
74.321133776440376550
73.409208862573223087
72.583389826145321422
72.122245799771519614
71.998294602854798541
71.939222023628872194
71.602296130102672578
70.836558705767799893
69.753100185224411689
68.457938527122848882
67.028957500711442208
65.587453853327758679
64.218980463251057245
62.932585793536361507
61.713009414120051588
60.607133895702077098
59.772606919460145036
59.452210869316616026
59.672614490141143051
60.188879968462799752
60.921666463254666724
61.840506661491247087
62.852169399983949916
63.902082516084021790
64.938238032959645807
65.878257723791136868
66.735197807936572190
67.639426658587126440
68.681440056066662692
69.882671728980426451
71.254934768103680653
72.796380432027206098
74.487288138821838857
76.277236948184850007
78.090308765227689491
79.866054713563698897
81.585505204595847317
83.276891934907837367
85.016408382089935003
86.899812416539987225
88.938683731843354963
91.021250518555234521
92.971894343519352333
