1653.370160424343112027
1461.520652469431070131
1325.170670116419159967
1259.327048793731592014
955.786528467649077356
759.245303648818889997
694.604477738587320346
791.413028674910492555
1084.560476809913780016
1602.134020432446732229
1642.254025739136295670
1886.954647488479622552
2302.160082145447631774
2855.944403248378876015
3520.157035578373779572
4277.085583479305569199
5117.989953791716288833
6036.555240113976651628
7021.184765976669041265
8050.570374124732552445
9104.233856403898244025
10164.427178030962750199
11209.136239714764087694
12216.124648689186869888
13167.937225075467722490
14043.964053740539384307
14833.450160938169574365
15529.816937224335561041
16133.531365909397209180
16635.165099479712807806
17033.140304016913432861
17336.496141914201871259
17533.355551520355220418
17624.152621087985608028
17608.024330119929800276
17481.782416397865745239
17229.605021011309872847
16891.133448268272331916
16619.257776195074256975
16204.968389593122992665
15743.818221672474464867
15228.489518084426890709
14690.195130716901985579
13269.426293573384100455
11859.685917439086551894
10480.903542193167595542
9161.611608710498330765
7903.197379472085231100
6741.149971144011033175
5705.070329440652130870
4800.724342857464762346
4029.069327393545790983
3376.160517314694061497
2827.364751247174808668
2376.741649294609942444
1994.032865799874798540
1698.090805170267003632
1517.672559477088725544
1321.316718498972022644
1252.694902542214094865
861.179944207067478601
626.646353195098981814
493.026841533932895345
437.270513985698244142
464.648191479950412486
601.434687108147841172
875.496243350180520792
1302.758850095880006847
1904.123157879239442991
2596.719009685466517112
3325.937063440207111853
4064.113197411246801494
4777.732402409073074523
5460.047791984468858573
6100.508561402035411447
6667.388570612504736346
7127.905148513496897067
7492.103100716432891204
7748.987625713239140168
7891.518280313746799948
7933.003470103673862468
7914.828443976593007392
7875.816627721708755416
7821.028151387936304673
7762.486973310637040413
7714.517179497135657584
7857.499724992296251003
8046.679553943897190038
8298.583311386728382786
8619.030741664391825907
8997.724875902446001419
9429.640039209014503285
9546.693498696735332487
9695.284997712537006009
9860.102542146485575358
10029.263807679481033119
10197.726925742766979965
10346.189010573343693977
10457.202047872686307528
10524.077436754161681165
10543.481167288035067031
10512.950391670257886290
10431.123471572300331900
10293.195383302037953399
10097.335480477406235877
9844.149266856322356034
9539.089292801734700333
9197.999343737857998349
8846.090886856676661409
8508.529547867146902718
8205.941458784938731696
7956.987870883964205859
7776.695103416504025517
7220.410552730550080014
6774.041000087690918008
6449.584585995196903241
6247.586806593599249027
6160.442003853790083667
6168.393228325727250194
6242.066635241901167319
6343.839505754290257755
6443.127056969960904098
6507.763040148081017833
6520.645041468616000202
6464.887984509928173793
6291.733538606299589446
5980.668063003344286699
5522.837116744878585450
4840.158553653986928111
3992.652734459071780293
2998.878355552084485680
1840.195208382934424662
486.286949870736748380
7.395701062156436301
13.795707573954965497
0.746453641064970808
0.244029282849432955
0.016688909777597072
0.016658344037187706
0.011549089889627608
0.010260609434350939
0.020900274399807319
0.098078751263117839
0.339113197002126943
42.099594653590955318
273.795347615616321946
605.177001080381046449
962.688755030636230003
1285.593673427875728521
4518.635663237218977883
4466.259594381001079455
4411.074583116803296434
4375.805593778767615731
4343.843670003142506175
4336.102450657391273126
4341.062387047172705934
4355.938819317635534389
4375.571220705539417395
4401.884951572002137254
4482.336077042304168572
4623.799107855017609836
4816.628474469507636968
5030.980857906681194436
5290.569767853459779872
5611.242536909971931891
5971.332743268570993678
6325.987896457970236952
6653.832262533152970718
6993.388434770808089525
7350.755514549781764799
7692.044727585003784043
8019.823670498753017455
8347.238466556438652333
8661.955803173055755906
9006.485980375035069301
9362.652839319845952559
9704.992180116865711170
9971.367158438182741520
10213.393724854771789978
10429.351902216485541430
10534.906855665714829229
10647.245781200164856273
10779.879900347295915708
10967.341000889717179234
11277.100842408020980656
11908.730324613017728552
12572.594520424576330697
11943.385888963550314656
12012.580633510448024026
12002.626082052514902898
12107.069323199477366870
12184.937275094896904193
12118.072158041110014892
12062.099200644726806786
12062.543467376061016694
12107.430161711135951919
12430.962602883046201896
12911.525647966191172600
13407.620779364620830165
13904.371849420938815456
14341.900612375837226864
14736.316897319531562971
15082.881950172717552050
15311.956886814838071587
15646.319674412645326811
15953.407398873569036368
16125.188459578588663135
17617.323579211370088160
19234.316861010054708458
18355.819025266922835726
17386.641867893791641109
16746.864435102113930043
16553.705016396441351390
16720.786457477515796199
17061.038098356690170476
17444.614999245957733365
17777.327395547996275127
17744.328136908388842130
17838.510886548614507774
18180.417079218295839382
18617.049895128890057094
19091.581787471724965144
19376.269726965860172641
19361.753143445828754921
19203.694667153136833804
19122.906872111972916173
18995.968997553180088289
18940.652703612162440550
19087.495059174187190365
19428.918841779395734193
19736.106449990395049099
19820.715824817838438321
19813.022287518801022088
19788.090158373554004356
19804.057376520748221083
19916.711380268057837384
20056.935185718139109667
20158.705497336719417945
20203.951841949627123540
20272.776555963231658097
20347.145446116552193416
20399.544848454679595307
20454.722046119328297209
20531.371488056669477373
20608.475219139236287447
20604.969903219487605384
20581.404774175833154004
20595.521022638688009465
20625.483674645005521597
20640.167757243019877933
20619.835825785972701851
20552.011896468502527568
20473.348762787973100785
20415.001820298613893101
20415.550273062588530593
20504.941516927083284827
20655.593909629078552825
20787.815556721856410149
20850.490259538568352582
20857.036593252407328691
20851.279183721875597257
20902.832141306345874909
20998.578349073104618583
21124.824094464445806807
21283.265723215568868909
21482.481547959487215849
21694.580559840520436410
21903.600062607598374598
22108.437568235887738410
22343.805810116882639704
22572.259265041120670503
22791.200271597816026770
22894.249331931714550592
22802.649432887010334525
22742.071250296790822176
22706.114777123322710395
22605.500547052648471436
23007.717118528780702036
23285.248340968300908571
23234.224186836479930207
23056.095997712989628781
23197.268090918663801858
23140.974981969433429185
23060.882808389927959070
23165.502337037651159335
22862.080876075284322724
23018.130183487326576142
23077.891186951979761943
23051.520357469737064093
23037.579028755495528458
23073.521929526719759451
23206.466427192863193341
23478.759105643395741936
23814.631708605546009494
24106.208708678321272600
24379.138477560081810225
24648.277294439005345339
24991.872600439372035908
777.032552354275935613
