45.953236266690296929
46.898018801181493131
47.995653650698798742
48.954844478949475217
49.550373674273252789
49.972100381419792825
50.390697668724783398
50.864158098816574238
51.444437300277456870
51.882721637008202720
51.262912131050747178
49.978057633557433803
48.334183095781334316
46.555763528901898951
44.355476867389896256
41.522641276028707580
38.339231519122471070
35.545458398476625916
33.280585035102077995
31.034654076378515697
28.712721829174952859
26.697226490845039848
24.921984814841636080
23.176719329193502972
21.536064247881569145
20.018027130129155466
18.497758871737204345
17.426587048736337238
17.095950232408526404
17.628455900727360017
18.711271595753757424
20.143980015981469478
21.783832306927621403
23.456715180155981670
24.501179520925930433
24.827714522118938589
25.271837350747503592
26.768925801432729372
29.040948877668100181
31.274403957623874817
33.151779579007992993
35.014242694783746401
36.888700027720744856
38.710442481967987760
40.003164648446414731
40.296009986796889280
39.509811322470341111
37.909592832358612213
35.711828021698522662
33.104695362720065077
30.596758742482336402
29.118001200960520691
28.731899178575645237
29.539883996262858545
30.968103410296208722
32.378317846614891096
33.133448781238286074
33.021807854102917190
32.565978197123286009
32.718834985043798724
33.193283773218411170
32.951463522898649217
30.673037241216491111
26.209236963978412405
20.546049506166212950
15.133316792142636587
10.720788172336654043
7.506596214117053023
5.207881025968362110
3.313906017056012843
1.371788162571590419
-0.769326401123180403
-2.947472030818147459
-4.818682082386715138
-5.965334715920874942
-6.282893806167720641
-6.166192882256268604
-6.344473843174995409
-7.603510817397932442
-10.349446453959956216
-13.988329777646185903
-17.155864649629961605
-19.011722922695980742
-19.847851790688139317
-20.256661798733205160
-20.734147218949942726
-21.482601636655431321
-22.318356411555100749
-22.947274899971318973
-23.312866506096952435
-23.614800392898132486
-23.934636376619039311
-24.281765135533589728
-24.594055238168266442
-24.819546382130738493
-24.916904179287939769
-24.832769241649430114
-24.681559804343635278
-24.655746678700438679
-24.773220443900754617
-24.841414412085669028
-24.684206978772010643
-24.242925803500497750
-23.638488398551089631
-23.196429763412766079
-23.202994258744638501
-23.750161330725347852
-24.624390826474211735
-25.421524283574512992
-25.864370229018959435
-25.980905928633944768
-26.043017930449707364
-26.392230064911700538
-27.177746009198870070
-28.286356937574339554
-29.609615029109022544
-31.066874342528194575
-32.533795529479561992
-33.921763760176077085
-35.219176511448551992
-36.439971927615829372
-37.537866191650607561
-38.358006778265973935
-38.662055616219163312
-38.427866368492175297
-37.902653231068313744
-37.163546222458478496
-36.233265620889255842
-35.192645544642118693
-34.081924278620988389
-32.940516603808191576
-31.843526702425776875
-30.778738728169685146
-29.625988167621073899
-28.311945636074597132
-26.835642206663806064
-25.209895975108452149
-23.466646493254188499
-21.658954022834734587
-19.867917041128919209
-18.191867864125867982
-16.702182774366974627
-15.416687088111700632
-14.298033859304098314
-13.257881804730288877
-12.182474602860622781
-11.030502004726713494
-9.871835421886601125
-8.834644224936937462
