1903.583108816221738380
181.796514634876217542
79.009903423890818885
65.041647780550036373
4.124549050519205728
2.857085908848329581
2.539567848024554042
2.496198802438025499
2.479598035737081929
2.472532682997441000
2.466880767371540717
2.460370861550075006
2.452947901849007462
2.444692302988956456
2.435754653892240551
2.426323397902897305
2.416592774321523862
2.406736932603942059
2.394655531350924349
2.255846977577539381
2.201227609631189797
2.153846782576954944
2.113991881390254957
2.079633519986507917
2.049718726907352462
2.023482656048377404
2.000349425353959543
1.979869332274723170
1.961682986301898524
1.945497866144133781
1.931071895352760137
1.918201517869472905
1.906712940854863536
1.896455711520878440
1.887298032436800721
1.879123356358801900
1.875887261425907226
1.830206219303215809
1.816442617543248872
1.812313832125131530
1.808677633259277107
1.805750818306175898
