1622.331102907825197690
1590.024642743607728335
1541.389378783002939599
1481.465173385720163424
1535.941764430872353842
1599.298783828094201453
1681.916486424509230346
1790.025250935785606998
1924.593763916857824370
2082.201403347391533316
2518.468994074205056677
2963.947412265578350343
3411.229021075895161630
3854.126345070443221630
4288.121775854617226287
4710.396227648705462343
5119.631036254006176023
5515.712915533317755035
5899.420071890676808835
6272.160404828133323463
6635.760567427203568514
6992.277823057334899204
7343.842648912419463159
7692.542174054010502005
8040.330094824130355846
8388.958978301761817420
8739.934525762455450604
9094.486054096169027616
9453.556210590772025171
9817.803553174777334789
10187.613417599444801454
10563.108854352074558847
10944.164866795757916407
11330.423715871111198794
11721.307914720553526422
12116.027106449613711447
12513.593418386681150878
12912.848922064797079656
13312.501968552212929353
13711.177565176576536032
14107.488298988044334692
14500.116211261456555803
14887.894535528963388060
14775.459765462392169866
14656.330615992748789722
14529.884185668994177831
14395.866340214131923858
14254.450329432462240220
14106.263372642555623315
13952.388529613812352181
13794.335349558437883388
13633.968991477961026249
13473.406365965303848498
13314.897470220670584240
13160.685975711778155528
13012.850854999773218879
12873.140404611140183988
12742.821678374706607428
12622.580503568149651983
12512.498442240515942103
12412.101702405811010976
12320.431865993657993386
12236.155080998807534343
12157.710171460150377243
12083.485186230338513269
12011.970146429501255625
11941.850751669939199928
11872.043507222064363305
11801.691726007175020641
11730.137343553677055752
11656.877041826990534901
11581.511513601055412437
11503.696474467107691453
11423.103663057901940192
11339.399054659941612044
11252.239551607020985102
11161.290741865570453228
11066.268531263434852008
10967.004502266783674713
10863.527170253422809765
10756.141334319067027536
10645.467772194648205186
10532.424153971238411032
10418.184123960723809432
10304.127406360876193503
10191.738168567881075433
10082.462804724174930016
9977.550836519667427638
9877.921882539643775090
9784.084585342465288704
9696.106950308467276045
9613.629706809693743708
9543.750625326270892401
9477.723624742593528936
9414.490783318364265142
9352.977361964649389847
9292.155137242471028003
9231.066946421617103624
9168.818239130043366458
9104.552379019190993859
9037.426362381891522091
8966.601220791235391516
8891.260045035502116662
8810.656119558685531956
8724.187429698753476259
8631.498950615965441102
8532.584699164695848594
8427.869599052108242176
8318.242603459242673125
8205.034306598498005769
8089.955844966079894220
7975.002579826797955320
7862.312291497492878989
7460.721953951614523248
7065.505307666405315103
6678.323056850988905353
6300.242156955533573637
5931.537662165645087953
5571.585524280305435241
5218.853429437366685306
4870.993792304563612561
4525.029500816460313217
4177.610338808569395042
3825.303261943524375965
3464.870376360794125503
3093.525729914415933308
2709.293499948258158838
2311.290266307776619215
1899.983063054522517632
1477.377247350402740267
1047.016572546051520476
613.666573003114081075
182.867979252760051168
131.059500041974217766
100.183105278511192182
85.810428814327195823
82.094767659307350982
91.974366901970128652
111.305530557731884755
136.567413360915992371
164.013373689167224256
190.055201438593655894
211.922160905196221847
228.051035915866009418
238.123804540881934599
242.866429737525095334
243.692833767184481530
242.267632002454433859
240.008568680097795323
3397.990224135872267652
3517.906797848230780801
3635.948045931107571960
3750.556174772825670516
3860.314789370012476866
3964.118605365137682384
4061.346996716905323410
4152.017257585682273202
4236.892561190423293738
4317.523830062734305102
4396.213556831713503925
4475.901014693017714308
4559.979616541145333031
4652.065867923186488042
4755.743952739432643284
4874.310324867060444376
5010.539628646280107205
5166.488348417558881920
5343.347184970450143737
5541.348334783198879450
5759.730066658134091995
5996.758305466510137194
6249.803039490803712397
6515.465858768078760477
6789.753468870409960800
7068.290334491865905875
7346.561690531329077203
7620.176111147393385181
7885.134981089409848209
8138.094883006003328774
8376.608423921452413197
8599.329549629486791673
8806.170936179900309071
8998.403421141825674567
9178.690395536312280456
9351.053320228489610599
9520.767845678312369273
9694.193209181734346203
9878.540465075257088756
10081.587402491126340465
10311.349418334053552826
10575.715858225388728897
10882.060331717182634748
11236.831506408469067537
11645.128477440095593920
12110.263039486244451837
12633.311385667064314475
13212.661547020064972457
13843.572002077069555526
14517.772918568021850660
15223.165068936597890570
15943.700936423316306900
16659.561703299172222614
17347.759670673400250962
17983.277930513493629405
18540.785198615933040855
18996.822832686382753309
19332.174879580285050906
19533.968681199257844128
19597.010708121215429856
19917.362149273958493723
20107.816176162945339456
20181.026273420731740771
20154.250243295544350985
20047.166634085591795156
19879.889878326961479615
19671.489207435504795285
19439.104482097656728001
19197.590257721873058472
18959.538135820010211319
18735.513690849504200742
18534.369356794963096036
18363.533777125529013574
18229.216481249397475040
18136.498117403534706682
18089.299740516678866697
18090.240981808656215435
18140.408377740241121501
18239.064030266385088908
18383.333401240026432788
18567.921337578165548621
18784.918092089137644507
19023.770425053666258464
19271.501244303206476616
19513.254514322186878417
19733.207480819008196704
20039.463383717044052901
20293.980998584542248864
20485.254154344482230954
20605.969017379316937877
20653.775433416572923306
20631.361840351361024659
20545.864350825169822201
20407.821378686083335197
20229.967918955218920019
20026.128552408146788366
19810.357781343420356279
19596.355245956376165850
19397.098708391185937217
19224.603511484685441246
19089.722956685047392966
19001.930142250206699828
18969.051395450514974073
18996.945052789174951613
19089.134684937522251857
19246.415412579393887427
19466.460296662753535202
19743.465685746210510843
20067.893083013950672466
20426.390886931105342228
20802.007604883488966152
21174.826923362725210609
21523.143887760634243023
21825.234717237304721493
22061.632617328916239785
22217.622097440784273203
22285.472762673634861130
22265.862363975131302141
22168.077827897541283164
22008.910913334035285516
21810.532767392978712451
21597.860165682577644475
21395.935780046183936065
21227.688679794078780105
21112.235168349150626455
21063.716863360743445810
21090.589347367429581936
21195.264691700209368719
21374.051158785016014008
21617.397489950613817200
21910.511881836926477263
22234.458553530654171482
22567.806673482558835531
22888.795109135218808660
23216.028688736907497514
23495.839994460955495015
23718.918326089366019005
23885.216494615600822726
23998.488727367170213256
24067.125436111160524888
24102.132713149898336269
24115.071196169708855450
24116.363062254597025458
24114.185340034702676348
24113.990108753951062681
24118.573605258079624036
24128.553109969368961174
24143.079062095002882415
24160.595732317127840361
1946.015413120970379168
