45.797290029077494466
46.771744923145320172
47.884426200194653234
48.875066525974531828
49.544435207150726796
50.057266297391286969
50.566802055424908247
51.125056016293335404
51.778256330135832286
52.268519323013336475
51.681644546059182233
50.436921394268381391
48.854387721203877959
47.158695542168501902
45.059056624419184800
42.340568301876722046
39.280841363427633439
36.615718479568997168
34.480150907439423236
32.360020775352808187
30.156451407122688124
28.248199104280203642
26.565652788398352868
24.895370392698069395
23.309109862455215989
21.822338519727054518
20.308078963141852569
19.216041605183988850
18.836661846591084668
19.292239116103999663
20.270368077726445222
21.571784849654477512
23.055567561635044171
24.550025175976045944
25.396649767576732870
25.509342479209593080
25.727494889861247884
26.990842191016483298
29.026211640797100699
31.025437191794310365
32.676731862033506104
34.327205502554733130
36.009678330578594796
37.665009887696157875
38.821760897541224722
39.012882758369954672
38.161661616655919715
36.534024426578355360
34.345677546289437032
31.782240045233919545
29.347794393377114375
27.965963329246704916
27.692457169064510936
28.620502285805656584
30.168826169472396259
31.693573925605733166
32.553376747875574893
32.531466667093269507
32.145912023721649575
32.349040852174880456
32.852805832956050835
32.612576644572470741
30.297241239878388797
25.746883498653431843
19.938683675012669028
14.319596014706235110
9.645683318820488239
6.130419116726272932
3.511812766321270374
1.302372563919448112
-0.926287264247292796
-3.301226646769094941
-5.641265058091619267
-7.591240103548670959
-8.731500244577233616
-8.963339081366854089
-8.692560039039193498
-8.661856527582727949
-9.671168858103072807
-12.140543256013387463
-15.489092788995492356
-18.364345893628978956
-19.936240700527434910
-20.505130944675954652
-20.669643811607443240
-20.929458874467570695
-21.487850679874156867
-22.159722701234045417
-22.647930058358781480
-22.892402076130849764
-23.089450830371333723
-23.317959393123658174
-23.585487581395909729
-23.828861061662053089
-23.995661285339622282
-24.044431312743768103
-23.921817494862978037
-23.742243546499764761
-23.698121607842267622
-23.807178993253671706
-23.876528762817144980
-23.729502162676453736
-23.306589076497061797
-22.727551779674854515
-22.316476828024406132
-22.357932937853661315
-22.942082733326571997
-23.853518638396167262
-24.686263622257399675
-25.161485661559765958
-25.305871889677234776
-25.390563160985436753
-25.757040272489746258
-26.555232673367868301
-27.673377901563867454
-29.005027923142506552
-30.471794400548560589
-31.951450050770006328
-33.356932896947796507
-34.677360682621042542
-35.926535861307456798
-37.057383543107846435
-37.913856145089937399
-38.256101109284600170
-38.059943011410211966
-37.569651947115403345
-36.858121982880959422
-35.942475399193199337
-34.897042072569547599
-33.755691009331144414
-32.553167912358787817
-31.363614011715299057
-30.179784971710944319
-28.894150339783152504
-27.453403061071128377
-25.880778297034851221
-24.212773703609286713
-22.499520721073963614
-20.802839409888576938
-19.202959438437744666
-17.789501736903844176
-16.619451994305222797
-15.693170347560283062
-14.955154165659962473
-14.300075234608755181
-13.600409289469098439
-12.806464528966728267
-11.985225507289044344
-11.263085901386546084
