45.473162502849163502
46.544386769133993198
47.792610721361846515
48.905427199085721668
49.686114844506185761
50.248873504121277733
50.688629624126235740
51.025393456743117326
51.339082537334654432
51.541367390035226492
50.991943969622255395
49.858658948719913440
48.329360174602982170
46.584188266167423365
44.323999175554398278
41.348752608937274999
37.989173564614482359
35.065644105390489926
32.728410858570455844
30.432575951556060545
28.080930288356654501
26.086833871550453523
24.384454646844943682
22.756061161550533711
21.292974306931398587
20.015300421345088466
18.749315978759284462
17.917410438830259523
17.775865901801452651
18.420688972807695905
19.494901512707897950
20.803711110300156406
22.280448720524731243
23.839833729837309306
24.850544024631801676
25.239293194250791430
25.781117810875528562
27.208563613001359727
29.120232930929063286
30.861852592753621138
32.275494510675443394
33.777497264677819544
35.377058248818954667
36.979249196862710392
38.090599468551459950
38.266903295584910438
37.512973663307462857
36.173525258765636181
34.432437594252633062
32.379921170363502370
30.468462141619426120
29.635245035604441455
29.907502266696099014
31.356561428678332959
33.336957483868985719
35.146414816687354232
36.109692785754759825
36.047355950077928810
35.571731338042866355
35.704518122537763247
36.112395822453493111
35.673968765825719629
32.986450450401747503
27.908608048924577361
21.512562009973350996
15.361423464690716401
10.265039222151330023
6.448694387584453125
3.652206358694314758
1.402868781103791207
-0.731216560881364330
-2.927813816596142260
-5.085571039359905399
-6.911305100773489585
-7.986017235303989992
-8.172255968608794774
-7.857170310728008644
-7.814297574467076402
-8.898100670109812427
-11.558070822212556550
-15.169838438589437146
-18.281647781473736813
-19.999042872345000887
-20.636638743730856049
-20.831096361807482253
-21.116993964720421673
-21.714383883431878530
-22.428924865988193460
-22.945908571979771295
-23.202433138612491348
-23.407669913771286474
-23.643595260300287464
-23.914975439509930766
-24.152581348367334613
-24.304683924346761614
-24.338221893452839595
-24.207340805734361311
-24.038601390805922620
-24.036208637386152986
-24.214116639241922257
-24.356828764485896954
-24.262898020996829018
-23.856420344705384196
-23.258313339189044200
-22.815673142919308702
-22.837584902455830616
-23.425436400854209751
-24.353072233326031437
-25.189899516581647276
-25.640593312176292784
-25.735779126076977263
-25.766889741374427558
-26.100383635575440167
-26.898324624621750445
-28.043624584962458357
-29.424825177025695666
-30.959141968032554360
-32.514375117583597330
-33.993374310465526378
-35.379515418813696215
-36.684514112448368905
-37.858535379771467433
-38.736930743508082742
-39.065262861564463037
-38.818710143821817837
-38.256866336941925510
-37.449097051375474621
-36.397442039299903627
-35.187392144643354186
-33.909804264869535473
-32.654625165126219599
-31.507046192061920920
-30.451112282142332788
-29.372136391249796361
-28.174715534297661179
-26.807846883288448225
-25.260958742324817194
-23.583434930117448403
-21.852113199349446404
-20.147948559040685268
-18.538932169727161181
-17.047619615967903428
-15.647291006301315974
-14.286864332210825523
-12.903556325975159780
-11.423345667906062317
-9.832503925674075163
-8.214092586425522313
-6.705208988469678388
