59.046282365484557886
9.559997459688938548
6.987609129130294860
6.328060151406391221
6.030009268590526439
5.997719475326796612
5.114516783964267788
4.857501534149068156
4.622958150119199416
4.447242327798401007
4.368352063068121183
4.357842050520343236
4.352807632417713180
4.348694486100836087
4.345001176251871655
4.341406039660021143
4.337494807523838425
4.332774483548051947
4.326938731429606833
4.320282366026404475
4.313563653495386951
4.307227758903220405
4.301153681450903044
4.295073546873443782
4.272925181197462230
4.255019186236586926
4.213780159162591410
4.205169561578337323
4.189677721729474058
4.182962690416355933
4.179818208632140042
4.176950570019617004
4.167555642417586803
4.161106052782207243
4.158539939193035551
4.156029463555830361
4.153034227428110015
4.149575506165534833
4.135125057106607827
4.084563835788594055
3.984433659862368415
3.917590780184668553
3.863779369062164015
3.819073618938793491
3.782930300511961441
3.754318469585971041
3.731377032664474847
3.714793696806870216
3.702852977847320037
3.694170362301715915
3.687833520033554802
