28.745617756334432613
13.178556843550190081
12.711104922748587498
12.595720518894308881
12.523289505252744647
12.458337882944992003
12.372514685479682583
12.257413434932804108
12.156242518675698605
12.064903027805929270
11.984728307413051951
11.914406693772555457
11.852843011398405793
11.798934826801165343
11.751677945176016493
11.710176532109773717
11.673644156189855181
11.618057537116241562
11.289156063584536938
11.217642305669620839
11.199371627163447585
11.192279582492973944
11.190402568720397625
11.188454963122872243
