916.599247297831311698
1003.131987806261918195
1121.047113326141698053
1283.075928316128965889
1223.002647171375201651
1235.003056257108255522
1330.848469087999774274
1516.370635476178904355
1791.212383191420940420
2149.653611357871795917
2972.599044365373629262
3853.566980418534512864
4778.020850223761954112
5732.395479805320064770
6701.295575235750220600
7670.472139800594050030
8628.188228436261852039
9564.622277191194370971
10470.591705432456365088
11335.712567588047022582
12152.066847449295892147
12914.541885899072440225
13617.778805250067307497
14257.106981368513515918
14829.903595431376743363
15331.872328011901117861
15763.082452874097725726
16124.561028342070130748
16420.360198741487693042
16649.560557610606338130
16814.452944152457348537
16920.531966206748620607
16962.112631183088524267
16939.817554428474977612
16854.974797852610208793
16707.948005246096727205
16492.933598857056495035
16229.435305355727905408
15988.815736750095311436
15675.236166547072571120
15334.915305520295078168
14965.941171047539683059
14584.126629311207580031
13099.851158363866488799
11621.027597155834882869
10158.803529850811173674
8729.322139730305934791
7338.433636751255107811
6011.152982052443803695
4774.247038342229643604
3647.658412123710149899
2651.464276359631185187
1800.369200092964774740
1105.676680370750773363
577.018178539212954092
205.245101826321729277
0.720949865736723483
0.298805444519286256
0.001371645189870619
0.000000000396485401
0.001526795704942373
0.014759254852415927
0.033973857110108321
0.065104197943215050
0.021586159823213543
0.152528517040880801
1.503927415705856419
148.790139909845208877
498.439888756569928319
992.298932144207242345
1585.732336847348051379
2247.115026082282383868
2943.377713147424856288
3655.455407542881403060
4364.435117629252090410
5044.458976042233189219
5672.243957915193277586
6247.100880102436349262
6761.267811343223911535
7210.890582665722831734
7600.802577866380488558
7946.219402087421258329
8261.470740128379475209
8548.650950102535716724
8812.335789147165996837
9057.851210590897608199
9145.561775277072229073
9228.553554588605038589
9314.068791181007327395
9405.922262916392355692
9502.461327766766771674
9604.075964385683619184
9697.171728747816814575
9790.244310936408510315
9878.119998590475006495
9957.234027656209946144
10026.279387044865870848
10077.521679931669496000
10103.943749244770515361
10102.801374950870012981
10072.066413386035492294
10010.440084781566838501
9917.411519758554277360
9791.285021181995034567
9632.989712655975381494
9444.457718357352860039
9229.909538136442279210
8997.656685639125498710
8759.471328401907157968
8526.972375002267654054
8309.836581466171992361
8116.566925518563039077
7953.764818782786278462
7716.953988014272908913
7523.363655820831809251
7373.769638333108559891
7264.423461976556609443
7188.416743325608877058
7134.582776301027479349
7088.339625641056045424
7031.697977641295437934
6949.344482837007490161
6824.460066672137145360
6644.973130196584861551
6398.567308564453014696
6062.087574395671254024
5626.794194022585543280
5090.484369781169334601
4410.022927789121240494
3610.893699005400776514
2699.899158362039997883
1671.249001752968524670
517.326538823964028779
330.108202264674446269
189.957082295360208946
51.863958543891776287
0.311943184897011339
0.000080589120901014
0.000021192213570456
0.000089449325759347
0.000033952862319524
0.001170390303140981
0.002961112297891860
0.003122096616839169
0.003165213727664901
0.118152431642104150
30.919343284791303006
260.755070900289240399
612.298692647894654328
3279.871805684735591058
3261.911239759982436226
3237.648699868440871796
3227.463716609309813066
3236.266953909987023508
3260.860577472583827330
3288.539427444264674705
3314.074232756061974214
3329.312357472304029216
3333.171373822216537519
3486.979470435745497525
3690.648807960154499597
3936.050698672972430359
4189.535703895058759372
4475.212214722582757531
4809.356420248621361679
5172.165542455102695385
5526.135959155130876752
5848.673038910313152883
6177.022010006126038206
6519.159914060857772711
6845.614962416294474679
7161.734292683823696279
7482.984887119418090151
7800.594156640922847146
8170.339018904208387539
8565.034372023894320591
8955.860859438125771703
9256.433739870475619682
9510.596338597393696546
9691.838756015458784532
9701.242239825940487208
9713.949557343661581399
9762.222178214564337395
9876.216834849978113198
10129.343675696758509730
10771.671369583425985184
11466.331963959504719242
10609.568759880437937682
10659.944386164197567268
10642.059059430634079035
10786.535626771617899067
10910.022082101624619099
10931.301060544979918632
10955.699051008215974434
11028.124013462142102071
11134.581436442398626241
11572.089159378447220661
12196.426936686446424574
12834.198664234952957486
13478.020351432924144319
14088.684625638128636638
14710.022388950634194771
15391.449674138197224238
16127.392209828656632453
17285.390853177665121621
18668.720817250457912451
19642.750021283027308527
20701.865759551332303090
20009.322077325818099780
20174.344813549749233061
19066.230630058482347522
17777.331889404104003916
17053.102922030291665578
16942.098871526235598139
17144.707142096638563089
17433.586970742962876102
17678.111262426496978151
17486.210414817891432904
17457.473645020865660626
17736.668753337664384162
18137.217784089356428012
18595.211057431122753769
18840.458391094623948447
18763.040113984432537109
18574.059772949782200158
18544.900557286280672997
18502.066999764541833429
18545.167028264120745007
18770.544748286756657762
19149.251941831545991590
19465.607474556803936139
19554.315143873736815294
19550.669628656389249954
19530.406125677556701703
19547.364918206651054788
19624.805383980088663520
19726.589077767821436282
19789.721756116759934230
19796.599125750948587665
19822.450080406193592353
19849.610710124215984251
19887.656060178247571457
19926.932958937377406983
19992.712172891318914481
20057.264709297607623739
20032.671080734973656945
19988.205710291917057475
19982.733423710546048824
19987.953960064191051060
19980.887447941928257933
19944.625418391678977059
19868.208044314109429251
19797.799723271877155639
19750.650565224852471147
19762.969803304356901208
19862.741685834374948172
20023.409498219567467459
20168.865841922081017401
20249.757310811222851044
20277.641021992578316713
20292.961486154326848919
20360.960936396069882903
20511.062349798256036593
20685.562312534468219383
20882.076203352455195272
21102.609431766009947751
21320.204679554528411245
21522.487917916751030134
21713.404599498251627665
21938.153415152268280508
22161.495966054888413055
22393.276533659718552371
22552.503783826519793365
22580.402755405546486145
22680.151864990260946797
22753.786633729596360354
22580.557634934142697603
22948.958010936843493255
23152.183751380154717481
23023.387661606066103559
22813.974779530552041251
23046.879660252383473562
22984.607134162535658106
22836.077165192742540967
22940.998673234087618766
22663.203612149896798655
22855.692724431242822902
22917.758740251028939383
22852.525202292446920183
22773.546273033512989059
22727.392594704029761488
22782.326870458397024777
23009.900153095641144319
23320.410515073603164637
23562.993998391597415321
23779.727329391287639737
23994.804422492274170509
24285.190935590857407078
2055.197210527247079881
