93.989917839014964329
94.315301502433953829
94.737512365592834840
94.976970089864437341
94.815646676259035530
94.445852580285162503
94.039360262373364208
93.653059302131595132
93.329800360547224614
92.794741532725652178
91.050663984748609892
88.517564444909680788
85.513003739386675761
82.281951316122842854
78.555550595852892570
74.131881218748731044
69.280823119256567111
64.712875619621556211
60.573114924977176088
56.382263104774239082
52.057727260906744959
47.975367416548749588
44.078894974817714569
40.171902763976120809
36.329231875708345001
32.575283883742244484
28.814922489413817175
25.514974617885329167
22.984881429088702021
21.361041078440862861
20.354098835264352374
19.762375763938393902
19.408126866788592224
19.076011830268740255
18.093301213026592222
16.361896534330583108
14.738370035952499393
14.244507020577486855
14.659881403398060229
15.101737860349004450
15.180801236459473103
15.202561454915638706
15.204899674198486537
15.142643296126237829
14.558281142749166293
12.982618132600322269
10.312791527872406050
6.793994357911913085
2.679353653784914968
-1.772023627770522580
-5.999410007771530218
-9.052087085918770981
-10.822709013484114848
-11.175131383197339119
-10.634931506753218855
-9.808439129792787980
-9.328090509956069809
-9.450702496344717929
-9.738972890200585653
-9.319418051342751141
-8.494233097828214341
-8.289001061429530637
-10.001520698054406466
-13.795670202825562001
-18.733774985150660086
-23.422664681940375431
-27.136949697188441633
-29.684819285906570485
-31.354199967474244204
-32.670726772457499010
-34.096437058610263193
-35.771504577606123121
-37.511427682434373310
-38.959368636115470963
-39.714408906296768009
-39.705206637283652071
-39.345892801165717856
-39.356129962883784401
-40.494761537823364961
-43.148029806702510314
-46.735987646086812219
-49.935185672469003748
-51.925811476762646635
-52.978475777993111251
-53.654471975832706221
-54.423981667837551868
-55.476230680583938693
-56.630431931630397457
-57.600457645958300645
-58.329574259357656274
-59.008237380374225722
-59.713993782807023081
-60.455429538000174716
-61.171781007742453085
-61.809808146716420652
-62.324246947753920267
-62.659714147353525959
-62.927068462221768641
-63.316572933396770395
-63.853737429071941278
-64.364936326312403025
-64.694850660309498380
-64.801469833995554382
-64.812849149759102829
-65.049025037515178838
-65.788156444968876713
-67.118897623569409916
-68.834084702010187584
-70.542045594402310371
-71.973156306733585552
-73.152067026329604005
-74.338822647102972496
-75.860429547331136746
-77.857601348779752470
-80.216273452430385760
-82.824332476097367817
-85.594390322022576356
-88.396045790254220265
-91.132887641735976558
-93.782025784233979948
-96.343761492549077730
-98.759010116446717120
-100.864739463046902301
-102.420586610336016520
-103.399249947331497879
-104.039760853208235858
-104.427269808940366147
-104.603815112990872649
-104.661183756920905807
-104.631971500201331082
-104.548960174673936763
-104.499141792997647826
-104.489933201052366485
-104.418300411763198099
-104.235392015213193417
-103.957665590529956035
-103.570577027790363900
-103.040127963127673638
-102.365291717886606193
-101.608959098644504593
-100.877664685963452484
-100.262859549557674654
-99.801635012315443873
-99.464119397017583424
-99.154365563213303858
-98.744733472503440908
-98.184164098383064356
-97.542446519896969903
-96.956960201336670480
