1222.854015218633094264
1254.356895403675480338
1306.679024538432713598
1385.036921706697057743
1418.441311751367720717
1488.094611092734339763
1597.725116367672853812
1748.427901457883081093
1938.439966628698812201
2163.353408394516918634
2838.864420368691298791
3533.770048377797138528
4239.764147407661766920
4949.316378209876347682
5654.790545471589211957
6349.439524639548835694
7027.831171085160349321
7685.589447098256641766
8318.887255030396772781
8923.770023993009090191
9497.356319417935083038
10037.923933713003862067
10543.854173161971630179
11013.932787277104580426
11447.802374701843291405
11844.708843935850381968
12205.519221373740947456
12531.573126123428664869
12825.356373383912796271
13087.820395555545474053
13321.121202376629298669
13528.625123408412036952
13710.120480957753898110
13867.640409897941935924
14003.559776731635793112
14119.984083581322920509
14216.922781046894669998
14302.630383795552916126
14402.495412649805075489
14486.504634233981050784
14571.416574510940336040
14657.563644595036748797
14750.680519479941722238
14085.524742778352447203
13433.688226749616660527
12798.256698629169477499
12182.895934161851982935
11586.656518077703367453
11013.711998629059962695
10467.643219125870018615
9948.716046059164000326
9456.357175583641947014
8987.423376185553934192
8536.864982734061413794
8098.421211107979615917
7661.289985692793379712
7226.924701565309078433
6807.256735181282238045
6405.309902997683821013
6036.853977928795757180
5753.663824778383968805
5507.731380601970158750
5290.262673519034251512
5090.301241106634734024
4909.722136736035281501
4761.841159740000875900
4658.731910035442524531
4607.676004493699110753
4616.022915894714060414
4675.425521587367256870
4780.890425530612446892
4929.445893437322411046
5114.983013938733165560
5333.510397124023256765
5579.158921817443115287
5842.511155480993693345
6114.113949362938910781
6391.305902329901073244
6668.792605513828675612
6942.447000918033154448
7210.996579136531181575
7476.782514374913262145
7742.291986383480434597
8006.467471873988870357
8269.395548739370497060
8531.602663671777918353
8692.301257511700896430
8854.613264080915541854
9019.985107347882149043
9188.790739044819929404
9359.654727404302320792
9531.963888811105789500
9548.804433618517577997
9564.257478498173441039
9576.128464248797172331
9582.770361847806270816
9583.292598857653501909
9574.635384649789557443
9553.985354843731329311
9520.010757863878097851
9471.692848945704099606
9408.337034602498533786
9329.597729721150244586
9234.819849726452957839
9124.325882890911088907
8998.875631162531135487
8860.082702986152071389
8710.985582855544635095
8555.770413905776877073
8398.479315606640739134
8242.365681522467639297
8090.165244468238597619
7943.910659931263580802
7675.320150449552784266
7416.708427028654114110
7168.352219640197290573
6929.081680248042175663
6696.653017349251967971
6467.236657634019138641
6235.552991965400906338
5994.773997168601454177
5738.552760196198505582
5459.677495960602755076
5152.337614489359111758
4810.633983000504485972
4425.253837536473838554
3992.335651430682901264
3510.920087050190886657
2967.155297145682197879
2371.568740208879262354
1729.690525694150210256
1043.973475275602140755
316.975639250301583161
207.156080742291521801
118.311585106869401329
39.895954277490808693
0.002286791418724300
0.000000000000000000
0.000000000000000000
0.000000000000000000
0.000000000000000000
0.000000000000000000
0.000000000000000000
0.000000000000000020
0.000000000000000000
1.173392949845754263
126.261849494637388602
367.090535295506924740
670.698959729015768971
3383.575695607101806672
3361.682116717604458245
3332.448838463022184442
3315.808042702350576292
3326.491442760146128421
3350.462464443136468617
3374.574036726502981764
3393.366036993659690779
3398.665819686657414422
3389.552142926389024069
3517.577885027023967268
3693.258684459177857207
3908.934026879383054620
4131.386172937948686013
4385.248034087841006112
4687.283038643167856208
5018.078822828754709917
5340.447658788099943195
5632.082090017504924617
5930.550193778382890741
6244.012303145638725255
6542.997562253739488369
6832.764015333167662902
7128.519318456653309113
7420.963787497244993574
7765.243024629647152324
8133.210867797709397564
8495.051125035730365198
8763.424538214152562432
8981.930895437672006665
9124.232386819716339232
9092.011150759262818610
9062.242653692725070869
9068.887716127919702558
9143.776343969608205953
9361.859691680147079751
9974.764241577388020232
10645.304142683879035758
9766.338700263489954523
9801.568098786190603278
9772.856704545971297193
9910.475095783165670582
10029.857109611109990510
10083.061358394999842858
10140.523882288833192433
10246.397406094862162718
10385.884560391939885449
10855.984954420711801504
11512.401800230858498253
12183.469294473774425569
12868.362068785831070272
13545.604651724461291451
14302.598478297901237966
15283.057784799826549715
16639.418634198576910421
18795.354827051072788890
21222.083644475060282275
22667.119288002108078217
22694.481048234065383440
20104.485017515718936920
21860.996812569672329118
21183.255096591765322955
19229.817731802828348009
17567.652308568031003233
16864.229361093279294437
16812.848106073499366175
17014.924976386675552931
17231.425896338707389077
17026.522018028706952464
16987.347370008948928444
17256.168616902148642112
17646.803753977030282840
18097.107115154871280538
18338.614265452379186172
18263.326556412379432004
18084.508114802749332739
18075.119523324203328229
18061.066597628388990415
18140.481113245925371302
18406.842757932343374705
18827.190482814345159568
19181.545782657762174495
19301.724926895909447921
19322.574766769819689216
19320.609196759301994462
19351.082253532083996106
19443.022195884088432649
19556.931895837766205659
19630.472887737760174787
19646.420817510155757191
19680.282686905979062431
19714.350135652894095983
19756.506236309523956152
19798.672968697592295939
19866.159440696999809006
19931.224490157790569356
19905.865013462444039760
19859.587214574523386545
19851.524595769293227931
19853.573725120313611114
19843.074118561209616018
19803.574842764752247604
19724.676527513714972883
19653.204021674049727153
19606.895519623871223303
19622.257269284509675344
19727.296692322575836442
19895.161589256258594105
20049.217940336220635800
20139.564336281615396729
20177.296758762549870880
20202.448432082350336714
20279.892324344280496007
20441.331854845691850642
20625.749256620249070693
20830.359281961220403900
21057.014407115366338985
21278.903489241478382610
21484.185983780673268484
21677.676353642826143187
21905.783617293262068415
22134.587010435639967909
22375.373430815954634454
22547.538716622984793503
22589.922509727839496918
22700.191721431176119950
22772.799176178836205509
22584.592026745376642793
22935.365812403721065493
23125.331956914520560531
22993.422424218842934351
22792.616449655113683548
23044.771424348720756825
22974.441615057432500180
22817.421978134974779096
22914.795087599555699853
22624.298247957955027232
22802.459739285666728392
22848.039780385577614652
22763.972867358210351085
22664.592738408187869936
22598.707513633729831781
22638.827788418093405198
22862.814718580430053407
23188.641015493725717533
23473.787052496427349979
23772.583831252886739094
24101.408574552722711815
24546.347356129543186398
1950.482180003604526064
