62.961891654291548548
13.442185121172300910
9.467702989813426839
9.326171301693189974
9.263309895241214065
9.210295987739403500
9.163116629520818179
9.119926406696944099
9.025009521338416718
8.903019882028235799
8.879310566967605567
8.865985331465976671
8.853849207427739287
8.841459459507394314
8.819613885144297782
8.778192853031816512
8.768727639507009286
8.762375303871722920
8.755924156311408524
8.749456610208792284
8.725252827181691373
8.716267408932408145
8.709808128030612551
8.703412497585585328
8.697189731662531287
8.691115095988893202
8.677799707231137916
8.609720205251553793
8.588134862697920369
8.576906380513309003
8.570527379094173170
8.560948898782067218
8.557979499787945699
8.548386516449053119
8.539440680346052304
8.531342022963759320
8.521122833462685620
8.509026538574968157
8.495622212898448211
8.455585376549187515
8.357787380493645557
8.333521227245141105
8.323620693446178720
8.318842593215400427
8.315729321923399198
