45.445388299437290414
46.454101397683700725
47.610552012827568547
48.626006594815351036
49.278378623638317890
49.760945509773264916
50.247526897981714455
50.796956177346011430
51.457179560815887953
51.968654392347986004
51.408437982692923640
50.181905456471980642
48.602228752883178231
46.892988578499675612
44.764001739623346054
42.001560589150791714
38.884824131539275527
36.151459771055698411
33.938453428687978430
31.733827543304244045
29.440852727832350411
27.440377519365725334
25.664785973081933435
23.902493002487872786
22.226926282168804505
20.654970681325139026
19.060727378226090423
17.894546045284741353
17.446977383528178507
17.839882569564167625
18.759922187745743827
20.006561873552911379
21.437523877057458321
22.879979179911245524
23.674792440642917768
23.735965290857365062
23.903823920469037034
25.119883960294600911
27.113583144855184059
29.080233355901512482
30.712530110458033050
32.363303162255590451
34.072624027998813290
35.790438430582611318
37.056452194851999593
37.416805543003022194
36.809526992219275598
35.515625813497905483
33.764160462059209067
31.749519572354785168
29.976597311333762264
29.358406594722822547
29.925820127144618255
31.731994124483406949
34.142316564270203116
36.451690647468012685
37.958200340697828779
38.394534565535451520
38.240880673742566387
38.421956011317661250
38.637224544994438702
37.852193783116405257
34.770379015410185275
29.290267619391187282
22.467222352859948842
15.835081222896263853
10.229924529033951330
5.925679343119810483
2.695564377512710053
0.061785996283788336
-2.416994317348809318
-4.896812135343367345
-7.232361825724666460
-9.103421733115624193
-10.119924430962981887
-10.206142157377740887
-9.784771358046100431
-9.610124839200466340
-10.488986230356090346
-12.843926473909334618
-16.093050532175851686
-18.880481849103887271
-20.371633265924515399
-20.862393619685519752
-20.947938817777696840
-21.126213763278940405
-21.600849207792862217
-22.189038398023342324
-22.597152909572116641
-22.768970942801274759
-22.904280231457562422
-23.084645096993028801
-23.319327970392805582
-23.545895846141604579
-23.711878615860371156
-23.775183205894677485
-23.681365503131758032
-23.543312496615897089
-23.551389427512731345
-23.720734592707685806
-23.855417808031802451
-23.775493934276539676
-23.418229467346350248
-22.900466082884406660
-22.543817094370353971
-22.630867020375092125
-23.250285885801304175
-24.185702637081021749
-25.030800292850528876
-25.507122110758075451
-25.642431038099232410
-25.709461607827108764
-26.051501760890062087
-26.820213831861394738
-27.905367125670011319
-29.201940594564234743
-30.633130190440112983
-32.078709422971087406
-33.454054600864992608
-34.750737408277416307
-35.984148194438546398
-37.106909799068489519
-37.960262912362225052
-38.299934395048524038
-38.097858632776421928
-37.598227904572411262
-36.880632821930817045
-35.976586775891746584
-34.980332425610356495
-33.946459663843143062
-32.925575992018252691
-31.997222420563673495
-31.144243234874920745
-30.232053549951842797
-29.166276724686042598
-27.920499901952723576
-26.478157280840548538
-24.839097303833227670
-23.024630081766702006
-21.090678144547098327
-19.123491843877218344
-17.199806279759627614
-15.361912129798440674
-13.612735478664262700
-11.909186802235865343
-10.176006546920234541
-8.401104778546823582
-6.675272950641328862
-5.138700193466149813
