2483.424093559373432072
366.376389375200858467
121.856233439204885372
64.929309071522851582
60.428246892158576031
59.565407437018819792
59.236016618539110823
58.999887618601292161
57.956652262740774972
57.361820244740094665
56.446520900589682412
55.084621997784147140
54.251564879259198904
53.517177162524575351
52.959077748452287437
52.466162806830702436
52.074236712002445415
51.735164940939363021
51.443919316954861642
51.188353047440855903
50.962434026153268007
50.761155830005122880
50.761155830005122880
