45.604799452122449566
46.681919076637051091
47.948772879733418506
49.074588634615217586
49.823954474543086235
50.344112620671765512
50.758651462138331567
51.095183935427485267
51.426261894903916527
51.638144476071829558
51.069419301785949017
49.916222154979102754
48.379875059409449989
46.638158742864888495
44.386631319832297038
41.420083215201970006
38.064785861421512436
35.137635616746685230
32.786524996437847790
30.465333026783653736
28.076639972869728012
26.034464647404789162
24.274375721917067494
22.580678153100151917
21.047271728533331725
19.697283387759810580
18.360316882135521155
17.462209002840211269
17.262573714449118256
17.860371549055557239
18.900945970972259147
20.190988229312409885
21.664353885529138211
23.235309884841655048
24.271184481292692681
24.696596835655924451
25.283936400875617778
26.762754394326890406
28.728515474018877285
30.523861052084725998
31.988006515794168649
33.534813304252523380
35.171518661860886823
36.801919199681464079
37.932205432083989649
38.119116144042067162
37.370057912483446216
36.034209936503287963
34.301709114096325948
32.270370746205713886
30.400790967008759935
29.637483776265952429
30.012579678478743972
31.598224410794500727
33.744562433948715352
35.739568113566804186
36.894162230244518241
37.012425178444885887
36.685942131646157804
36.911274298197326971
37.335466717795128488
36.833972762747436036
34.017090228445312050
28.766155102756471251
22.179155306103552903
15.843108038144833927
10.585434621948110134
6.641019100168449540
3.752830966368350119
1.446221055966333324
-0.718138105758470147
-2.929317500941493790
-5.097082221291600490
-6.936138123963985436
-8.031547753704614934
-8.247002612478752326
-7.969045821763955928
-7.969582417202474289
-9.100666252048540628
-11.808721114933405261
-15.465891821437992348
-18.616885096938091237
-20.364031550391359815
-21.019367709036259839
-21.217883947916902798
-21.493687997137641332
-22.067806092158974707
-22.748297238419780797
-23.223863789333449859
-23.435342930427083274
-23.595293785993874280
-23.788242345023434154
-24.020449727138725393
-24.223189983101519829
-24.344520671278246482
-24.350794862309896871
-24.195473178793463376
-24.004474158565358266
-23.981437583964009264
-24.139815752846800478
-24.263664216001870955
-24.151157369375084727
-23.726110663484405450
-23.109277448356635887
-22.647697931516347580
-22.650483754852643870
-23.219116442830454616
-24.127629256574891770
-24.945797007672240397
-25.378963119753734645
-25.458833671323247927
-25.478383085803670838
-25.806039475632758240
-26.606194186487186926
-27.764421995371492358
-29.172317297014672022
-30.750576766783694893
-32.370768324984680930
-33.939334140267931161
-35.442211959214034778
-36.891401660438020826
-38.233554085592913907
-39.295249935404740427
-39.807289476640335124
-39.724997530611005914
-39.286236058777319613
-38.541944852790322784
-37.484446497428905332
-36.201462602741628416
-34.797681295804750334
-33.384629198295499464
-32.070188577476983482
-30.854333356434722191
-29.627332694867277496
-28.292886677741307722
-26.800501302021302763
-25.140074380520388786
-23.359388582723170202
-21.532700343257204167
-19.738944014872743082
-18.046138049705803041
-16.480122500488505466
-15.020373504183055502
-13.619920052229360863
-12.209033367612903476
-10.696873540821059123
-9.058672975561989915
-7.379680158244127597
-5.806767017986032897
