8133.367564381538613816
8366.539327629578110646
8640.217383044055168284
8959.982798486484171008
9330.849071200940670678
9757.353086462626379216
10241.408072835805796785
10781.574812072030908894
11373.410672457541295444
12009.404709279237067676
12673.930177795056806644
13359.201924002967643901
14053.679039054475651938
14746.840385800214789924
15426.299382054336092551
16080.849119450473153847
16701.907390123829827644
17282.908065969211747870
17817.903743444905558135
18299.595083928299573017
18722.975209642052504933
19085.599428832287230762
19384.369137933583260747
19616.393600014351250138
19780.325776199049869319
19872.555355835906084394
19893.359953498311369913
19843.426698447634407785
19725.819772526276210556
19537.713141553122113692
19278.730267600472870981
18950.935329638541588793
18544.225281978091516066
18054.472778244617074961
17478.111009156225918559
16810.698385023300943431
16042.028828236490880954
15188.308952280303856242
14317.996242256434925366
13329.726108605364061077
12267.423346918079914758
11128.384036409308464499
9929.945730329643993173
8686.890564907744192169
7414.228089636548247654
6132.674607989049036405
4871.106685924819430511
3652.296442033810762950
2522.849829340257201693
1536.979266339321611667
749.342080822344428270
221.507290442048400791
8.027795203027107362
0.535573612181015624
0.429997380924168171
0.147398885589818923
0.075732573430023917
0.203479970209140326
0.080993934003953230
0.077770876511678799
0.083915200493863515
0.117818647123312831
0.257401821742154979
0.398807965790038688
0.814384501977927777
9.134731797367461326
247.911649757107767300
785.027874552513026174
1551.495775205655945683
2447.672524369718303205
3402.981676529457217839
4372.419147300957774860
5319.317628770917508518
6227.692094539876052295
7084.968183459392093937
7871.864195923302759184
8570.942820690257576643
9187.134779855821761885
9717.155688309196193586
10160.945528881078644190
10527.069187999668429256
10834.301839381529134698
11098.997602640229160897
11322.778980357286854996
11508.499584160921585863
11659.417263256438673125
11779.545778939795127371
11875.931324903032873408
11955.693456844306638232
12023.049848187356474227
12077.364016534638722078
12121.054440788211650215
12154.650572426386133884
12178.850762833510088967
12192.341575466945869266
12195.606778826158915763
12191.302205249920007191
12175.222692796745832311
12143.486999222304802970
12096.096646294830861734
12033.236649862130434485
11955.188443542094319128
11862.318942029673053185
11753.043510923274880042
11627.620883654437420773
11486.454899616002876428
11331.338448955493731773
11167.246725161010544980
11001.724777774439644418
10841.333570147251521121
10690.028028197137246025
10550.258775256159424316
10422.745416668483812828
10308.135864188285268028
10209.070361409838369582
10123.768389383878457011
10048.306074431078741327
9978.241270193815580569
9907.338496149766797316
9827.974212488612465677
9730.580004083018138772
9609.270677579877883545
9457.036495212843874469
9271.645140917018579785
9049.942995785160746891
8776.465729804314833018
8449.054616043355053989
8069.878369928929714661
7596.785326178328432434
7057.296765441247771378
6457.661644406725827139
5787.566545459490043868
5030.430932520042006217
4231.230127187957805290
3396.823977686683520005
2536.374516520560973731
1699.251173528123445067
943.544613147894324356
376.541455622260173186
62.572562953269446950
1.248671945619735046
0.717313082908849653
0.799237934607031186
0.646205733614951483
0.313648971397261223
0.375831805689614329
0.984595169013871896
68.087046476179679644
617.257370681732822959
5351.230446166621732118
5341.687854280708052102
5326.418047576543358446
5325.520427616327651776
5354.907427369342258316
5399.673514597238863644
5446.746389689485113195
5490.640493666689508245
5523.081674970381754974
5542.957584085490452708
5695.533251284919060708
5896.944825586519073113
6139.230062370336781896
6388.903824217485635018
6670.209719137992578908
6999.543266476058306580
7357.200685117254579382
7705.734653590454399819
8022.536061091635929188
8344.743291074171793298
8680.116726152482442558
8998.822480386981624179
9305.686438832171916147
9615.496248091792949708
9918.653864299187262077
10270.091853100433581858
10641.785591485844634008
11004.289455395997720188
11270.928152641030465020
11486.012267299940504017
11624.106304734059449402
11587.903725563859552494
11554.995906199035744066
11559.959309681829836336
11634.967557497397137922
11854.895568021436702111
12470.636960168585574138
13145.001575857622810872
12273.036883244880300481
12313.121163232282924582
12288.181151034706999781
12427.447654901898204116
12546.197534366896434221
12606.528643674106206163
12668.018404597267362988
12774.385433331639433163
12910.343985822817558073
13371.354227975276444340
14010.947716969716566382
14651.937965590983367292
15280.091919165239232825
15842.648302254192458349
16355.558296598504966823
16805.185288304248388158
17068.751661576199694537
17372.823357675850274973
17447.340260177017626120
16899.051987278795422753
17415.379403613220347324
17697.942402683042018907
17700.269727122631593375
17738.933593098456185544
17930.408328657438687515
18299.061988554905838100
18785.335011078375828220
19259.219728947493422311
19659.830999866015190491
19940.496259255996847060
19745.242354872083524242
19691.925750688977132086
19933.892378307627950562
20289.730239409556816099
20699.530640650467830710
20896.790146074843505630
20775.050291980707697803
20548.451271816302323714
20490.685597259747737553
20429.153073519591998775
20462.649078137699689250
20684.874234094702842413
21062.775758876716281520
21376.092670012167218374
21455.930504701012978330
21435.901210768646706128
21391.783629974845098332
21378.681612539508932969
21430.597481796852662228
21503.961616783828503685
21537.360999333483050577
21514.359616478097450454
21510.991399712023849133
21510.203347597027459415
21522.556805739986884873
21538.479417417835065862
21583.800832230921514565
21631.347527494457608555
21593.673984066332195653
21540.356248637170210714
21530.330253144624293782
21535.051892196617700392
21530.943341361133207101
21500.187508668808732182
21430.749317428646463668
21367.774658722923049936
21327.733685461211280199
21346.430138832936791005
21451.820906153287069174
21617.611165808011719491
21768.115375235018291278
21854.417570681118377252
21888.410485295520629734
21910.717493721516802907
21986.583514885202021105
22149.739143723450979451
22337.731015927227417706
22547.889177737164573045
22782.137962871456693392
23013.802369974506291328
23231.154904072333010845
23439.020625375120289391
23683.469016239694610704
23929.689297060351236723
24186.533056995769584319
24368.808756306832947303
24408.815641432549455203
24499.267859285697340965
24536.651729570297902683
24308.383952077612775611
24627.468518080968351569
24801.821164669436257100
24670.886174432042025728
24483.101812731460086070
24754.529598583532788325
24699.422509686603007140
24558.290926874185970519
24670.465376158957951702
24539.686147440439526690
24697.238763353350805119
24729.495336715925077442
24640.132414886153128464
24537.383791787375230342
24446.346522537533019204
24425.721997705491958186
24544.022044583653041627
24709.253843730071821483
24767.650150624605885241
24755.409840755324694328
24682.315225408026890364
24662.099614374070370104
394.334812825574829276
