45.514022393467918448
46.530152596977465862
47.693566001572946789
48.718206331837755840
49.386754730953498438
49.882945079520389697
50.372954366351905264
50.913265806758303711
51.553025290529809865
52.037046458015794315
51.447767607375560317
50.192340189327005362
48.584635655155956613
46.849126781436915223
44.696417774014861379
41.913401672056352254
38.779656004754706089
36.033104195849332996
33.810854837765518255
31.600966087844028607
29.306698999737108124
27.308869204429029764
25.539812345099022650
23.787878918912213067
22.126409027416912068
20.572166099129475469
18.999087256692931192
17.857310939790224324
17.437124476879105828
17.860061559677930632
18.812369397501186086
20.092984177932663670
21.558948077129414855
23.036569684169137417
23.865650458030330583
23.958932390565792048
24.155316372555475368
25.394777904754732845
27.405155353964886444
29.380147331339045991
31.010854862246375774
32.648565812541136211
34.331921587532832518
36.009665214254908960
37.220737866402032523
37.511297204871283384
36.820663458276527535
35.433007642739397625
33.582980489135621838
31.473267673461123195
29.619405423500239749
28.946030473397996730
29.494046679362980967
31.321527349789960226
33.790225292712761984
36.181226027948810042
37.770449932831155593
38.265726718334036605
38.127430109293669602
38.272271763453261428
38.406701234317750959
37.516863962388271148
34.335186143028579409
28.789358806142445246
21.956116633332356969
15.377542998244450700
9.884238840099300205
5.734547181034514551
2.681568308007541646
0.227977503291498351
-2.083215082059638235
-4.418600707582839959
-6.638691296457778890
-8.425472979100845805
-9.388671867544758243
-9.450824883937116283
-9.031890699469897754
-8.882738853018679492
-9.806213318975210314
-12.220650209718996848
-15.539849101493587114
-18.403808214565884782
-19.974244914777727899
-20.543980626633072006
-20.705854820808099248
-20.956203280448448822
-21.497686775998317898
-22.147030212891877454
-22.610483135459332971
-22.831896681415173589
-23.011191076332124794
-23.230011701094667842
-23.497579115037865449
-23.751283721241804869
-23.938399868939143289
-24.016604660617360878
-23.931365621867939808
-23.795713584315990374
-23.800437295800975335
-23.961383520707954631
-24.083587719251170256
-23.988270856654139607
-23.613978067598168309
-23.078824617829070576
-22.705560923437474230
-22.777657199703810420
-23.384353146070111507
-24.309537497057192468
-25.146913690113251505
-25.617906235210398336
-25.750101716880237745
-25.816026616516978720
-26.158693135346084091
-26.929346131405168308
-28.017119799053546103
-29.316092775654567504
-30.748293381886071529
-32.192109219445967483
-33.561410908645939344
-34.846286917248278314
-36.060841090642043127
-37.156782998906521698
-37.974932345259901467
-38.271073335238384061
-38.017498711171924697
-37.458812268666690670
-36.674977869025269683
-35.698170060233053391
-34.624365610414884031
-33.511686316322766288
-32.416081753114553976
-31.423703901140186190
-30.524400839958843790
-29.589181705837120262
-28.527987431639530769
-27.320824193115299749
-25.958398828276926906
-24.444025227650456600
-22.796862211356085481
-21.065179877972127542
-19.321369833877497513
-17.620793295062924244
-15.976199852063928120
-14.353983846748576525
-12.674578216490431259
-10.839050523219839306
-8.832545494128737573
-6.765273933642220072
-4.814145416513326836
