19806.379648606114642462
19815.198059118345554452
19824.016469630572828464
19832.834880142803740455
19841.653290655031014467
19850.471701167261926457
19859.290111679489200469
19868.108522191720112460
19876.926932703947386472
19885.745343216178298462
19894.563753728405572474
19903.382164240636484465
19912.200574752863758476
19921.018985265094670467
19929.837395777321944479
19938.655806289552856470
19947.474216801783768460
19956.292627314011042472
19965.111037826241954463
19973.929448338469228474
19982.747858850700140465
19991.566269362927414477
20000.384679875158326467
20009.203090387385600479
20018.021500899616512470
20026.839911411843786482
20035.658321924074698472
20044.476732436301972484
20053.295142948532884475
20062.113553460760158487
20070.931963972991070477
20079.750374485218344489
20088.568784997449256480
20097.387195509676530492
20106.205606021907442482
20115.024016534134716494
20123.842427046365628485
20132.660837558592902496
20141.479248070823814487
20150.297658583051088499
20159.116069095282000490
20167.934479607509274501
20176.752890119740186492
20161.691012897797918413
20135.012675683410634520
20108.334338469023350626
20081.656001254639704712
20054.977664040252420818
20028.299326825865136925
20001.620989611477853032
19974.942652397090569139
19948.264315182703285245
19921.585977968316001352
19894.907640753932355437
19868.229303539545071544
19841.550966325157787651
19814.872629110770503758
19788.194291896383219864
19761.515954681995935971
19734.837617467612290056
19708.159280253225006163
19681.480943038837722270
19654.802605824450438377
19628.124268610063154483
19601.445931395675870590
19574.767594181288586697
19548.089256966904940782
19521.410919752517656889
19494.732582538130372996
19468.054245323743089102
19441.375908109355805209
19414.697570894968521316
19388.019233680584875401
19361.340896466197591508
19334.662559251810307615
19307.984222037423023721
19281.305884823035739828
19254.627547608648455935
19227.949210394261172041
19201.270873179877526127
19174.592535965490242233
19147.914198751102958340
19121.235861536715674447
19094.557524322328390554
19067.879187107941106660
19041.200849893557460746
19014.522512679170176852
18987.844175464782892959
18961.165838250395609066
18934.487501036008325173
18907.809163821621041279
18881.130826607233757386
18854.452489392850111471
18827.774152178462827578
18801.095814964075543685
18774.417477749688259792
18747.739140535300975898
18721.060803320913692005
18694.382466106530046090
18667.704128892142762197
18641.025791677755478304
18614.347454463368194411
18587.669117248980910517
18560.990780034593626624
18534.312442820206342731
18507.634105605822696816
18480.955768391435412923
18454.277431177048129030
18427.599093962660845136
18400.920756748273561243
18374.242419533886277350
18347.564082319498993456
18320.885745105115347542
18294.207407890728063649
18267.529070676340779755
18240.850733461953495862
18214.172396247566211969
18187.494059033182566054
18160.815721818795282161
18134.137384604407998268
18107.459047390020714374
18080.780710175633430481
18054.102372961246146588
18027.424035746858862694
18000.745698532475216780
17974.067361318087932887
17947.389024103700648993
17920.710686889313365100
17894.032349674926081207
17867.354012460538797313
17840.675675246151513420
17813.997338031767867506
17787.319000817380583612
17760.640663602993299719
17733.962326388606015826
17707.283989174218731932
17680.605651959831448039
17653.927314745444164146
17627.248977531060518231
17600.570640316673234338
17573.892303102285950445
17547.213965887898666551
17520.535628673511382658
17493.857291459127736744
17467.178954244736814871
17440.500617030353168957
17413.822279815965885064
17387.143942601578601170
17360.465605387191317277
