47.207144657897970319
48.167994625265066588
49.275938217909185823
50.262764059225297331
50.905122962274674592
51.398535889470132076
51.916072009901029105
52.509348525398188201
53.211364323965696599
53.742351806123657809
53.178564244731049371
51.957881808605748120
50.413078603959405655
48.768914712693678837
46.731656255248459786
44.083281997105224548
41.098651961430718416
38.511257527385978960
36.454033690011641511
34.411112893148583680
32.282070544874599705
30.444250900634628465
28.826703213561359007
27.214662385601812389
25.678535199764510821
24.232378007039841350
22.747725187036408556
21.672717078152984982
21.296140315169949986
21.738570020741164512
22.685796157488894664
23.936651628378925238
25.348181659606112248
26.746495480114063525
27.470687998513483308
27.432054383355847449
27.467185031877193069
28.512851909773857528
30.292797533307435742
31.995692452426467867
33.306569495762659017
34.569461328336387851
35.814433284449705752
36.980248469246333798
37.594462433058140505
37.190591650465421480
35.694518661840334062
33.377191348020033956
30.462090936667863161
27.145672075138207902
23.946145339562548315
21.804468056157332967
20.796189907234662542
21.035511099231882781
21.961535705500722315
22.948643212077683984
23.371491687002048820
23.028489444016287280
22.449629080894027311
22.591728941633846262
23.168268910926371973
23.139160237008184140
21.179351416040788081
17.132990581868511981
11.976894107952006152
7.150104343880599345
3.390386945836326049
0.883063735523279547
-0.668049291529115408
-1.787203384213540858
-2.940624737610733064
-4.291922227145704483
-5.690853554238742618
-6.803744613836727240
-7.221558864442641834
-6.846552448413092407
-6.078701756064390338
-5.651089062202032665
-6.352471008995451029
-8.591499865071170916
-11.776438836976183211
-14.544819976650103399
-16.057471686216274520
-16.606501441286638965
-16.783234410473141907
-17.081176231151232514
-17.698685280308325218
-18.446896210392651483
-19.025686220361649248
-19.372395368319587305
-19.680850749483852269
-20.027405270385315816
-20.417008032327942146
-20.783869273017671730
-21.073102902501943845
-21.241075801595911798
-21.232609752327903152
-21.160625435338999978
-21.216273462452704734
-21.416171608898594059
-21.566399421042035556
-21.489282712701310629
-21.124326251482841599
-20.590364261389652256
-20.210682699657809280
-20.269255289697071021
-20.855908551530035311
-21.755158740305773790
-22.561150821751709827
-22.995259574933754720
-23.084324496059480225
-23.099445999470276547
-23.381765907137264549
-24.080569179550650460
-25.083337079245836776
-26.283206135385626112
-27.602360078390915987
-28.920813631985197389
-30.155962824437608560
-31.303859695652818118
-32.387582295534400600
-33.371117369776357009
-34.110403811946639507
-34.377588965662368992
-34.159852207855294637
-33.711959413973204391
-33.116640430742677381
-32.400557997100690955
-31.647367122812681828
-30.899258332054102993
-30.196473113071590433
-29.613679763481002283
-29.137458471728507448
-28.645492568203223982
-28.058511279619608558
-27.363203818234694609
-26.555482696694355127
-25.650088096394938475
-24.686529957093398480
-23.735471164916077669
-22.885752176858943585
-22.199771617855674322
-21.687457745126266673
-21.305317180193299009
-20.961229449376958200
-20.540390234463131947
-20.001631021451942161
-19.411609224387859740
-18.889344745117227831
