96.324707945932715347
96.670857024754383247
97.119180534973594376
97.379550580732413323
97.226027471765775090
96.859536329022290602
96.460386165231611244
96.091185626448236690
95.805249003828635068
95.353979412457675835
93.816045386250806359
91.564407409448250519
88.886087763660498240
85.993329112768691402
82.592570051200311809
78.471519233118442571
73.913679389769939121
69.662833659343789350
65.863197853191437048
62.010836061264626551
58.017721142737116224
54.273920977278010014
50.721377371963612291
47.158171996732036746
43.667217214459867591
40.274366883803779160
36.861864652965792288
33.887165870206288787
31.646805854134342439
30.267505581803121117
29.439670777888821362
28.965381857299973944
28.703792276050108967
28.482230045534393525
27.640321684243190248
26.089302107301492128
24.665086499054368119
24.303071035539019817
24.724880659146080575
25.116442846860948634
25.159767236100876175
25.196162275454128121
25.254021708509668542
25.272314757413965935
24.781450033598133587
23.321019356278412715
20.826448288899626959
17.581497001096721533
13.825016687837830887
9.770148644042876640
5.951373249820704814
3.323383493252151766
1.970644310969817070
2.009321144361166489
2.871946255906749457
3.917106510047005941
4.494911699802258909
4.372141641466356532
4.042822923997022144
4.426953508459433806
5.204070539072120027
5.306402086984917332
3.389937766844667522
-0.710272625536759961
-6.017045539800449205
-11.083349328437464010
-15.158620524195924872
-18.042877268385950629
-20.017981516090515015
-21.595210300501094025
-23.229258113845560274
-25.073630517950107333
-26.970020134718879490
-28.580006004837315459
-29.494307915731241110
-29.619481208009403872
-29.362691006872950084
-29.464136096377984586
-30.716463983231676593
-33.526905680874136806
-37.296782818391477576
-40.652841720945389170
-42.744037959362685797
-43.852165128263692395
-44.561418188420162778
-45.361763383693642027
-46.451163473136517723
-47.642655202271242842
-48.639393735868139856
-49.382595809849561874
-50.070020838654897943
-50.781662629604937820
-51.525636813760883115
-52.238872759753832042
-52.869041892557504525
-53.375400323894155008
-53.706523449609193221
-53.980329480158445676
-54.394353054656818358
-54.972955376659285776
-55.531227997263926000
-55.901611242386707090
-56.034433636800713430
-56.059297296892708573
-56.309112588325007209
-57.075233041012438662
-58.451955028947963910
-60.225465550921882141
-61.989659663829087322
-63.464961658208892459
-64.677471694492197685
-65.897860594822816438
-67.466372747536297538
-69.529657049444750783
-71.969613017995840210
-74.670123549115828610
-77.540328699134448698
-80.443771112896797604
-83.278548610122129503
-86.019269842214299615
-88.666250333129568162
-91.160647267705911645
-93.337414634829457327
-94.951938248346635874
-95.980947868503733389
-96.675922210678095325
-97.122617781013786953
-97.354944779885016715
-97.465800554699029590
-97.506955180286155382
-97.526956729897221976
-97.605360110297169740
-97.729355703542324818
-97.777180085762495310
-97.677280347388006021
-97.427713891199090313
-97.022413181538126992
-96.461219653118774886
-95.778880334458932566
-95.056453456435917815
-94.395779924564692465
-93.866733998614677148
-93.480529863794117773
-93.192242319910775450
-92.908627757488687848
-92.513674628261611588
-91.966044576732770111
-91.339601043733438246
-90.771180001647877589
