1613.549194534140724500
1562.710062621550605400
1503.518716636613362425
1441.109807781835343121
1421.801120934288746867
1428.573833695126040766
1480.245639431270774367
1589.293722806602318087
1761.321089523272576116
1995.918494730438396800
2362.199249004229841375
2774.939400117019886238
3228.234930823832655733
3719.969743192781606922
4243.691350644952763105
4795.262838276318689168
5375.029102759918714582
5985.000640073604699865
6624.743702016827228363
7286.175465012958738953
7962.899531817354727536
8651.126816641068216995
9342.173848911561435671
10025.445325261965990649
10692.537898298560321564
11328.198187665981095051
11926.503454226218309486
12482.404795293421557290
12997.666787320833464037
13461.058716968034786987
13870.097370227502324269
14231.893859500762118842
14527.922364137748445501
14756.357151215592239168
14916.690914740105654346
15004.888245033356724889
14999.874931352711428190
14943.654383512348431395
15013.361494038745149737
14954.789038898445141967
14878.368673074994148919
14768.150987674054704257
14653.498876024164928822
13596.523073402084264671
12554.995350997065543197
11538.359531375203005155
10563.620035746467692661
9614.741804348908772226
8721.433343633179902099
7913.811755238280966296
7200.537605620724207256
6589.196416849052184261
6073.720937373504966672
5639.776099007319317025
5252.452543417897686595
4840.509808954820982763
4491.512367689411803440
4232.081242435237982136
4052.221184534151689149
3944.294083139502163249
3907.227975415663422609
3947.005684930904408247
4075.176906252439948730
4303.914885519593553909
4614.179385591375648801
4892.157046205581536924
5183.295364422165221185
5541.927393442009815772
6002.814456809554030770
6483.211898097332777979
6945.413572029504393868
7387.321371895491211035
7796.449711895819746132
8186.832249914811654889
8560.072810454448699602
8887.701930319333769148
9138.924678952513204422
9329.867811013020400424
9450.369571812994763604
9493.958541844831415801
9470.572256293233294855
9414.285027137671931996
9360.073171601205103798
9313.485262736046934151
9285.236668827363246237
9287.183493578018897097
9144.655504824102536077
9062.661797954793655663
9057.521816361462697387
9135.748231939262041124
9288.588255284761544317
9511.401600423738273093
9597.515896510078164283
9729.793126914617459988
9890.568151270379530615
10066.899656740095451823
10252.666889321795679280
10426.151840843844183837
10568.381932306905582664
10671.842309203402692219
10730.692904780264143483
10740.404074833750200924
10697.576427428253737162
10594.565871976177731995
10429.197230939931614557
10200.228999663140712073
9910.627577004264821880
9572.660788491404673550
9207.003069835724090808
8834.007025793236607569
8469.709291169376228936
8128.722948514406198228
7823.416326356655190466
7200.970256044946836482
6652.959813066507194890
6192.173713560446230986
5822.435108694491646020
5541.676127938360878034
5338.391736819314246532
5193.124766105994240206
5078.470790117366959748
4975.500743051754398039
4866.935930062921215722
4770.889209750203917793
4689.426615632633911446
4532.957811704880441539
4260.868793768049727078
3858.083160482379753375
3315.756679678322598193
2642.547621533654819359
1901.598704951059289670
1144.256731293416805784
292.154840928364762931
0.000000000000000000
6.765398018679919190
0.000000000000000000
0.034183392172079601
0.000000000000000000
0.000000000000000000
0.000000000000000000
0.000000000000000000
25.117190763613631788
76.832380467654857625
237.724118206419632315
463.862757241969120514
725.953180342342193399
983.102837096277653472
1203.554601717548166562
1368.942698237252216131
3148.419460072148922336
3119.478068085315499047
3082.033212421429652750
3056.414523292522062548
3063.236449934478969226
3085.520091435472295416
3112.092379032619646750
3138.824426879240036214
3158.179084838177004713
3169.234545563246228994
3325.081940183261394850
3532.999879593517562171
3784.780175849182796810
4047.091040447587602102
4343.859391059731024143
4691.378961180194892222
5070.276698635489992739
5443.561289157205465017
5788.763366164386752644
6142.296984406501906051
6511.322983599426152068
6865.655302717360427778
7209.272540852083693608
7556.000916455162041530
7895.769007037302799290
8282.692181642563809874
8690.181937939805720816
9092.746731051849565119
9413.312262837218440836
9706.717832762831676519
9959.587337512035446707
10082.415068385544145713
10233.449095595582548412
10428.992800024183452479
10685.437074648532870924
11064.784422948232531780
11800.658322580897220178
12560.189599574143358041
11770.895833735468841041
11840.067098010300469468
11825.891415618281826028
11964.096142214104474988
12078.361379771771680680
12032.165183743909437908
11989.742251430219766917
11996.578015412505919812
12039.429281305363474530
12411.644793921161181061
12969.216935942116833758
13537.770869925552688073
14104.554926971974055050
14621.889897615468726144
15121.942465925143551431
15666.877310682786628604
16467.787018472034105798
18037.382763956680719275
19391.304780575625045458
20122.859501560396893183
20209.344707760992605472
19668.838873490181867965
20360.660336005745193688
20462.622428641749138478
19992.628969662600866286
18997.117241647647460923
17805.225038885757385287
17572.819484073777857702
17901.565600879246630939
18232.257352644584898371
18119.487744812777236803
18154.882513770306104561
18485.476374865640536882
18928.045993612311576726
19417.431871769833378494
19680.772127452222775901
19600.005475596506585134
19368.255870146451343317
19231.282728599198890151
19036.091006624264991842
18904.382087343597959261
18959.555671066013019299
19210.258922549270209856
19470.435257629989791894
19559.979946410756383557
19579.621865693065046798
19589.882152766640501795
19639.443583099346142262
19734.389612699946155772
19857.542432219299371354
19946.643795693373249378
19984.259263453452149406
20044.782009844839194557
20111.184147666826902423
20173.077141259796917439
20241.694213586608384503
20341.149938414175267098
20442.224800495670933742
20455.679412767938629258
20447.492612976053351304
20473.343645693676080555
20503.311286988195206504
20514.137557437097711954
20490.524306106304720743
20424.332908052929269616
20363.047281294428103138
20323.633206075919588329
20340.150371404393808916
20438.580561114027659642
20592.151673784293961944
20726.324873244539048756
20793.968354460623231716
20808.928639610279788030
20814.099874584899225738
20876.165336784037208417
20988.457873981678858399
21125.557411969111853978
21284.053298624377930537
21471.315721006023522932
21665.076899719158973312
21852.366844962762115756
22034.355531175428041024
22251.752845094280928606
22458.993469074888707837
22610.450280110984749626
22361.554274774494842859
21540.532817281589814229
20833.652699805857992033
20499.638031691865762696
20592.216336242108809529
21139.824116280611633556
22043.707470126457337756
22737.536762077335879439
22793.009896966235828586
23018.660904267937439727
22927.299661246041068807
22770.560780498319218168
22860.978991736948955804
22560.164899888237414416
22728.941820718413509894
22772.770324752400483703
22715.477551797153864754
22711.237705703977553640
22851.408488558518001810
23185.060544293053681031
23635.210005152021039976
24019.824269581833505072
24239.695192856597714126
24322.521159658987016883
24308.975311042086104862
24245.849523400444013532
2354.627967544687635382
