46.273669068655053138
47.222662516560006907
48.313544394513222358
49.293876848625231446
49.961115268048196469
50.480526475281827459
51.006542146809074723
51.588909575003803809
52.267114559000624752
52.773802905811088237
52.194538679173000162
50.963615934634830751
49.409254311135121895
47.755791277633029779
45.710325683858904711
43.055762216878953552
40.067723040662436063
37.480269886333047680
35.426740196704528785
33.391533460740106420
31.274386614458180134
29.452724333285118519
27.855613892340372217
26.268259895262218606
24.761001705986572574
23.347801473724871357
21.900083834307423558
20.865876845695595421
20.533866719278407231
21.024554449839271797
22.023695178070454403
23.330137359979786993
24.801002832378685525
26.262553163863941563
27.054136773130963434
27.087446691937230980
27.199679722084042055
28.328503262143300390
30.198925828635424295
32.001311614985198162
33.422813914661105628
34.809916467560071851
36.195240931020578046
37.519840032985484868
38.312784232519334182
38.107733543211082861
36.828751278375051470
34.742535875061690831
32.065601910057836221
28.984608643385712412
26.005460130881402847
24.055864860010586881
23.200802842582845642
23.551232955950467840
24.552153413509785196
25.588976577296449477
26.044913747420935124
25.719305603892394174
25.140057712682420288
25.267331832481772835
25.819645166987584162
25.756250220006620566
23.748340041300224357
19.636779751453502740
14.394939788328088071
9.457750014886784129
5.560060900770821490
2.887938516584966919
1.149490611900887416
-0.173201036101715999
-1.538392798839623765
-3.101038631857448991
-4.703639777871075012
-6.008075176498351766
-6.603659101461261116
-6.392884278583210289
-5.776792247653503409
-5.489661117981370353
-6.321327223571245213
-8.681414514753157619
-11.979105912343015916
-14.852823719676337078
-16.464249257346068589
-17.106280875481672865
-17.370922314064728198
-17.752156038708392316
-18.448523148912386205
-19.271045824448492567
-19.919322151482560912
-20.330415903613015871
-20.697990528997650017
-21.098383551938013625
-21.536667729924033665
-21.947280791282935297
-22.275617223576716697
-22.478327860692161266
-22.500489490977656715
-22.455238209550202555
-22.533905214988863008
-22.753266153614845280
-22.919549731881261323
-22.855234437266801706
-22.499988482815638235
-21.972820405837467206
-21.597194284127567698
-21.657253942246995848
-22.242974910579164316
-23.138989794296264790
-23.939517676507819033
-24.365956388910774422
-24.445109660590958356
-24.447981694565214639
-24.715567844335851078
-25.396972743523235749
-26.379466694048119280
-27.555922604133797904
-28.848174628059268798
-30.135783539186149937
-31.335596901692952088
-32.443057662516025630
-33.480619601307296307
-34.411673824536194388
-35.091622580327566538
-35.292142455771397636
-34.999984220079284114
-34.469473222649298805
-33.782824352772081511
-32.966096892733503410
-32.102320298978327173
-31.233075060787257371
-30.397934464266256782
-29.670962293359593787
-29.038898253655759163
-28.381189879348141858
-27.622338252307486073
-26.754602848308820739
-25.780493869270401319
-24.719896766855129044
-23.612206687219384094
-22.524588069886590347
-21.542740335751489056
-20.727164798247429189
-20.086691409381160156
-19.577038385235084661
-19.105592447482649732
-18.558633843653126405
-17.900078496995547539
-17.205136116562869120
-16.597124159846714520
