36.685350979123633408
432.825981688908882461
829.826949459233446760
1238.182439662294427762
1304.524520161394093520
1412.242883242650123066
1571.845637065052414982
1787.779057046659545449
2058.794937694732652744
2379.001469017418457952
3587.662347518767091969
4819.631132640950454515
6060.105392712604952976
7295.567818965354490501
8510.935684339649014873
9692.616575316640592064
10829.944687620467448141
11914.568010066834176541
12939.072621907598659163
13895.043891821253055241
14776.720824485853881924
15581.271726337061409140
16305.605000697369177942
16947.235272683486982714
17505.605589109498396283
17978.280734697156731272
18367.031145618369919248
18674.344247007185913390
18905.388719624454097357
19059.797721586885018041
19139.917182648921880173
19150.761712019302649423
19085.436735504124953877
18943.044920564854692202
18723.190764349106757436
18424.458142372128349962
18039.413871714295964921
17586.592955482101388043
17136.493690885621617781
16590.034237718977237819
15992.279577712593891192
15340.796566080516640795
14652.052461021748968051
12974.035621593500763993
11279.898537598463008180
9584.105175415468693245
7909.476802723125729244
6272.982170555408629298
4715.919305191578132508
3287.784592516138673091
2039.417602097947110451
1031.228099887588768979
328.302511029464540115
5.568446851775635587
0.127514419989791961
0.003366754701013646
0.002368900528020762
3.176318057988533283
299.215165329952810680
1271.165105349176883465
310.651993096252624582
4.222631549426370867
0.046082389476829924
0.088302547790929498
0.253610130820465851
32.011436288036186681
346.622066407702504875
930.580229793092826185
1718.692640873778373134
2617.445584955910362623
3561.021157530960408621
4507.808838841474425863
5423.148077261766047741
6291.866582059406937333
7101.334683490327734035
7831.770519386481282709
8465.006718812779581640
9005.008662675983941881
9447.476281391931479448
9791.294083960132411448
10043.916633155226008967
10223.034769660809615743
10344.201600528615017538
10408.736110510344587965
10419.600880149479053216
10380.513917774384026416
10354.988243297788358177
10292.535579873072492774
10201.457226878748770105
10087.002140610322385328
9949.260619064454658655
9790.878114342031039996
9973.695706598271499388
10136.368116657462451258
10276.770553904434564174
10394.279221296656032791
10490.303236106314216158
10559.396797885625346680
10596.517446444724555477
10600.638497468919013045
10571.112198073034960544
10507.624930063471765607
10410.221145005871221656
10277.299206619627511827
10109.439224898465909064
9907.778972171458008233
9675.339273622892505955
9418.902561901681110612
9148.438699643942527473
8873.496958877147335443
8601.452930333814947517
8338.422892268390569370
8088.771752912205556640
8015.826435580840552575
7964.464199500378526864
7933.199794200335418282
7916.941685459481959697
7908.640404311926431546
7898.175116687804802496
7873.030528205483278725
7818.051015882734645857
7721.320862151785149763
7569.584559909619201790
7354.289273951698305609
7066.116590773085590627
6683.822474086447073205
6199.586898189138992166
5610.330115887054489576
4869.726126425436632417
4000.684496009125723504
3006.683181665990105103
1877.731862617801652959
601.343204232981861423
431.812416968945910867
320.521365249518566998
173.173043038919161063
53.235109906900639487
1.096512712064790618
0.068728039304790725
0.061896135928790570
0.185490196583534744
0.044343378276432456
0.012748200825077771
0.002929725423210920
0.000940052549607007
0.001323234571150579
0.081923640146535998
24.671884249029211844
584.042183849333810031
5288.428607675467901572
5291.641946032917076082
5287.505528917888113938
5296.654778219150102814
5320.500101058082691452
5359.485145449338233448
5400.880588248601270607
5439.432480558968563855
5466.984096039559517521
5482.474283105000722571
5665.825510717518227466
5898.390953941558109364
6172.047993969711569662
6453.153624720881452959
6765.816908648115713731
7126.305970323346627993
7514.792956031568792241
7893.715809144852755708
8240.367021304549780325
8591.809913333894655807
8955.740138531658885768
9302.270855774931987980
9636.198368202858546283
9972.301035042515650275
10300.987913928436682909
10677.225159813686332200
11073.029623304964843555
11459.014588412035664078
11748.576694186982422252
11986.131772705530238454
12146.360136936291382881
12132.080947560749336844
12121.052746316938282689
12148.012444183184925350
12245.295319264785575797
12487.938565978462065686
13127.003256914318626514
13825.401279746311047347
12978.181215039214293938
13044.059288562953952351
13045.983390003506428911
13213.265674336975280312
13361.186970683198524057
13412.728916836851567496
13466.347903797510298318
13565.570503268154425314
13694.924033419674742618
14149.716322016096455627
14783.317691793174162740
15418.407248446221274207
16040.668600500079264748
16597.363573110415018164
17104.944480104550166288
17557.013181429960241076
17837.136934154612390557
18158.826414855626353528
18252.084986849014967447
17723.723463267502665985
18273.234464175224275095
18617.515102620465768268
18562.895640378934331238
18572.291521680770529201
18748.088477533266996033
19102.353861793006217340
19575.403899089207698125
20037.866195169906859519
20430.757503776356315939
20703.360412467071000719
20499.907403361543401843
20438.505988523742416874
20672.636488604188343743
21020.931574350644950755
21423.483475410877872491
21613.710614864663511980
21485.061239717408170691
21251.618401852341776248
21187.019783514646405820
21118.548811170250701252
21144.923492639441974461
21359.771087191067636013
21729.954406045580981299
22035.106739024435228202
22106.245993843869655393
22076.972304107894160552
22023.069845950463786721
21999.663682198519381927
22044.123733272837853292
22109.588370438345009461
22134.684212542175373528
22103.016669927579641808
22090.663888338134711375
22080.581385047771618702
22097.971458198539039586
22118.593304935679043410
22168.248046984863321995
22219.712662920337606920
22185.476396368798305048
22135.077391755818098318
22127.416166869999869959
22133.905714982665813295
22130.935896262300957460
22100.669965402070374694
22031.067454363168508280
21967.292355741839855909
21925.843259540291910525
21942.572988522264495259
22045.507181589415267808
22208.435455632748926291
22355.772342006108374335
22438.725483210204401985
22469.335145287222985644
22488.382276267337147146
22561.266674847982358187
22728.304956339037744328
22920.622200948888348648
23135.532170621590921655
23374.875282099183095852
23611.818051714697503485
23834.416044567038625246
24047.233185569766646950
24296.058438814092369284
24545.756956809109397000
24804.861618432358227437
24987.822416270035319030
25026.592557201747695217
25113.693917030439479277
25145.305836297302448656
24908.522770879437302938
25216.565512944103829795
25376.864436577816377394
25228.670714371150097577
25020.626530522426037351
25269.269896476889698533
25237.497067067939497065
25125.222613117293803953
25265.833478387183276936
25027.298128008646017406
25243.675198810291476548
25323.506233980384422466
25260.096963417050574208
25162.043891334065847332
25070.664265747123863548
25049.832228873765416211
25168.175113611578126438
25333.667387655732454732
25392.408320626418571919
25380.602517271188844461
25304.456735001062043011
25285.922373436045745621
0.000000000000000000
