33393.696993536708760075
33385.031867310135567095
33376.366741083562374115
33367.701614856989181135
33359.036488630415988155
33350.371362403842795175
33341.706236177269602194
33333.041109950696409214
33324.375983724123216234
33315.710857497550023254
33307.045731270976830274
33298.380605044403637294
33289.715478817830444314
33281.050352591249975376
33272.385226364676782396
33263.720100138103589416
33255.054973911530396435
33246.389847684957203455
33237.724721458384010475
33229.059595231810817495
33220.394469005237624515
33211.729342778664431535
33203.064216552091238555
33194.399090325518045574
33185.733964098944852594
33177.068837872371659614
33168.403711645791190676
33159.738585419217997696
33151.073459192644804716
33142.408332966071611736
33133.743206739498418756
33125.078080512925225776
33116.412954286352032796
33107.747828059778839815
33099.082701833205646835
33090.417575606632453855
33081.752449380059260875
33073.087323153486067895
33064.422196926912874915
33055.757070700332405977
33047.091944473759212997
33038.426818247186020017
33029.761692020612827037
33021.096565794039634056
33012.431439567466441076
33003.766313340893248096
32995.101187114320055116
32986.436060887746862136
32977.770934661173669156
32969.105808434600476176
32960.440682208027283195
32951.775555981454090215
32943.110429754880897235
32934.445303528300428297
32925.780177301727235317
32917.115051075154042337
32908.449924848580849357
32899.784798622007656377
32891.119672395434463397
32882.454546168861270417
32873.789419942288077436
32865.124293715714884456
32856.459167489141691476
32847.794041262568498496
32839.128915035995305516
32830.463788809422112536
32821.798662582841643598
32813.133536356268450618
32804.468410129695257638
32795.803283903122064658
32787.138157676548871677
32778.473031449975678697
32769.807905223402485717
32761.142778996829292737
32752.477652770256099757
32743.812526543682906777
32735.147400317106075818
32726.482274090532882838
32717.817147863959689857
32709.152021637386496877
32700.486895410813303897
32691.821769184240110917
32683.156642957663279958
32674.491516731090086978
32665.826390504516893998
32657.161264277943701018
32648.496138051370508038
32639.831011824797315057
32631.165885598224122077
32622.500759371647291118
32613.835633145074098138
32605.170506918500905158
32596.505380691927712178
32587.840254465354519198
32579.175128238781326218
32570.510002012204495259
32561.844875785631302278
32553.179749559058109298
32544.514623332484916318
32535.849497105911723338
32527.184370879338530358
32518.519244652765337378
32509.854118426188506419
32501.188992199615313439
32492.523865973042120459
32483.858739746468927478
32475.193613519895734498
32466.528487293322541518
32457.863361066745710559
32449.198234840172517579
32440.533108613599324599
32431.867982387026131619
32423.202856160452938639
32414.537729933879745658
32405.872603707306552678
32397.207477480729721719
32388.542351254156528739
32379.877225027583335759
32371.212098801010142779
32362.546972574436949799
32353.881846347863756819
32345.216720121290563839
32336.551593894713732880
32327.886467668140539899
32319.221341441567346919
32310.556215214994153939
32301.891088988420960959
32293.225962761847767979
32284.560836535274574999
32275.895710308697744040
32267.230584082124551060
32257.309759954307082808
32246.960086596347537125
32236.610413238387991441
32226.260739880424807779
32215.911066522465262096
32205.561393164505716413
32195.211719806546170730
32184.862046448586625047
32174.512373090623441385
32164.162699732663895702
32153.813026374704350019
32143.463353016744804336
32133.113679658781620674
32122.764006300822074991
32112.414332942862529308
32102.064659584902983624
32091.714986226939799963
32081.365312868980254279
