62.962544663776739640
15.269981471751608026
10.448005742680461339
10.187623406962719841
10.124349807040307070
10.073291430454194284
10.028118867712654705
9.986886585795222260
9.958661005955139700
9.775694859845364348
9.744322736113680605
9.727552260272689821
9.697128494656908515
9.642461574692928750
9.595208963075720021
9.591505652545512461
9.587062076191964266
9.581526968374472375
9.575381924709008175
9.561317633956385009
9.504942282296195089
9.475986092707339381
9.463723822956449538
9.455552789502799982
9.447967269722479244
9.442254004546445145
9.437771365273151858
9.435396001237467800
9.432472778220176934
9.430135962561534413
9.426911746421337668
9.422454204306159653
9.416844319377823069
9.410286160236413622
9.401354208786864675
9.319766602829691493
9.294290391592097578
9.282486612475837617
9.275521565550848280
9.271228954532967137
9.268851348177133076
9.267049137127271408
9.266037279471815324
