257.173739268001384062
257.833951355384783710
258.613934450634303630
259.221365203143875533
259.424048395652789623
259.422744610689562705
259.398836856465038636
259.411623289193698838
259.505629728384576538
259.415816287434097376
258.207552353415508151
256.267574748375579929
253.900262593362299413
251.325514703369719882
248.251159626688604476
244.463511868362587620
240.243420996347367691
236.331509798343205375
232.868700225631584999
229.347772920925876861
225.677450016528780452
222.244558848272220075
218.987791840883488703
215.701987625751428368
212.466885865376525544
209.305336866498294057
206.096830830273859192
203.296316439092493056
201.197958956210072756
199.926074583505169358
199.168466410557073232
198.724298822651405771
198.449429437224267758
198.167477691005075258
197.213933723243087570
195.495460891121041413
193.842962403041013886
193.186375773647625920
193.241411112446314746
193.187611289376548029
192.700117095165069259
192.112881490516286931
191.446493883876030395
190.631790555388818120
189.190963667529899794
186.655694929171460217
182.954323268270428571
178.364941160769859607
173.122764323174664014
167.439906721436443604
161.852924003628686478
157.322065272693464522
153.941067159368486728
151.839153472727787175
150.465596382524921637
149.199116972437678896
147.412882836532276087
144.899001358100264270
142.178260987191492859
140.197845885187916792
138.663746735974001467
136.532679071290175443
132.481973568807148922
126.363919755939434708
119.168269985099215091
112.349851828255651753
106.662590175973093665
102.306054937519121495
98.995026686288127848
96.212776664175322594
93.497838072206974402
90.689255557581930134
87.937707552446994441
85.574170837701444725
84.000917851757208155
83.304986144499025613
83.073503461814766524
82.561315537103439510
80.971586006981283390
77.893644052899446706
73.923424483971018617
70.432037277680649368
68.268832840090283298
67.150564993443026651
66.491574632158744862
65.800161740306293723
64.876158199524638803
63.903761958369386775
63.176538973227422957
62.749632397956133900
62.421479567231926922
62.108306061314863200
61.798378334344477025
61.551399139485056367
61.416622473635413826
61.432023153105774327
61.646554876627021713
61.940108503006456431
62.113215579477980555
62.139814865821904277
62.203327369372345856
62.470020487004489951
62.988455872021177129
63.628096714002765566
64.055271626072169511
63.978044367994925778
63.301724354312909782
62.239932068354789862
61.198790883339654556
60.458096203887123465
59.992114620207757980
59.530560706041683261
58.733384940251085027
57.453708512058767610
55.808830263930929050
53.913514009748610079
51.856869233988220458
49.773390600015488872
47.762941159912941202
45.848863105174871180
44.028794163570296405
42.359513672535967999
41.003953843575970950
40.204527710647880667
39.982184354418734529
40.082983435348580770
40.418568622093857812
40.952331832317895532
41.588677674312691579
42.273315026842624320
42.955634071086478798
43.554970852356404976
44.085139144443360237
44.673214141638823094
45.400172815559642459
46.271723951704586852
47.277282088882202515
48.385879063899153607
49.544472489179952390
50.675153134314541603
51.689204094324509242
52.530131606249540255
53.196943601485372710
53.741364715725865153
54.260676200751618126
54.872915682188931896
55.620061961436988440
56.428018295497679446
57.159401975752018643
