45.750769590639350781
46.743914395581157351
47.880538497439147250
48.884994460761831192
49.546558745572220062
50.043068622687542302
50.536186322082507161
51.080333309859511814
51.722716529311618672
52.205821812516887803
51.612828225887014355
50.357156297600646155
48.756008837991565485
47.033885472952277951
44.900478705202402807
42.141494583055596479
39.035194547475633442
36.318103026518258503
34.125881827214840314
31.945142982003773113
29.677752754614274977
27.703228274161915579
25.952749071779777523
24.213706121085024847
22.558741609102952452
21.004258869413618527
19.424257256607788236
18.269442732413253339
17.831238770883985012
18.232905433902388381
19.162967366422790860
20.423079667855716934
21.873269099470107335
23.342872335978015030
24.174525512242809100
24.283393098744994631
24.510205869051674199
25.796031944321413221
27.868930997663582616
29.921794488604334106
31.643683423206880434
33.382353772661161884
35.171113680716416638
36.951224651737362592
38.251649473623814401
38.605804449475527917
37.937476932730788803
36.512951234029287662
34.547821229799694720
32.226760716176613641
30.051787772133423005
28.943132411897892098
28.951578600346721259
30.163709539002866222
31.989858799390134436
33.776280280946139101
34.871621071195761488
35.051397056867585889
34.826479119648098504
35.138547285154174915
35.689586129666054148
35.431266973022474076
33.033873584428135928
28.341762508124929809
22.338876896757909662
16.480502769512611394
11.531202913453995507
7.713429237351789425
4.776276365346575403
2.245262965829482482
-0.295890325936881027
-2.965045001159410276
-5.574390850727724001
-7.763827541406470800
-9.110284595202017499
-9.513554823489329237
-9.380160023875220077
-9.455382840061702154
-10.542708343716356012
-13.065757320371204742
-16.446713945389291212
-19.335554586769717389
-20.904169441684018693
-21.454579548849409321
-21.587019327329187490
-21.802958024285544525
-22.307842377530846534
-22.919106715300017640
-23.342186247911740793
-23.519263393042763255
-23.648362786960205995
-23.809512232821020916
-24.010927565096437775
-24.189728676667016316
-24.293574981134383961
-24.281009208582929659
-24.098703972539340157
-23.861194480824565289
-23.761107704213827674
-23.816487035979150733
-23.834860954214889261
-23.640079335057805565
-23.173253210647715150
-22.554850232493720341
-22.109710063623367660
-22.123164543901566503
-22.686137633463317798
-23.584017318204075764
-24.411741821425891885
-24.891625048478147164
-25.051828071412728605
-25.165342895367814435
-25.575860503749311192
-26.435777036121464789
-27.635829938762924485
-29.071709123079585879
-30.666209113058698676
-32.296589531539723339
-33.872856770580199282
-35.378349749977985539
-36.818397930827018172
-38.135619539929564326
-39.163218451319437463
-39.651631172775807954
-39.569079026299959878
-39.154707572367044577
-38.478451826452499063
-37.555837812322749869
-36.459993957523806785
-35.223513500693229616
-33.880265267194317858
-32.504562186539772028
-31.090430676108098851
-29.533615879505248358
-27.788971189305300413
-25.894114833589810587
-23.903513819071292801
-21.884904167530919494
-19.914095811425625016
-18.079783834948159438
-16.474285627616666261
-15.152607999598217248
-14.110124110129277142
-13.284833229617561301
-12.564360127830696001
-11.814078004800535382
-10.977504258340047727
-10.116509083256971735
-9.357112859927440240
