6859.398291249828616856
635.469068190098141713
300.175175782136989255
167.026208334927332544
66.737800779944691953
62.214936357897016705
62.171065142226751732
62.146414236007686327
62.123638619384792037
62.104176449004711458
62.088951023605289947
62.077235666702634376
62.068465523006452145
62.062509180169335821
62.058871988967432287
62.056630264842695510
62.055004635212327457
62.053578434686258447
62.052166298542609013
62.050690047077907252
62.049119236645722708
62.047457499266016612
62.045731435235659035
62.045229324036000662
