46.614290472827811129
47.554230592445826176
48.649963743033453056
49.656264619131071925
50.344090378008843345
50.878839742611567942
51.406425996414256474
51.960954073452796820
52.563702831320810560
52.927358026859941731
52.150022251045918154
50.669542291593060668
48.832334978950029836
46.872005778085004124
44.508695714720538206
41.538554245093806117
38.249758223626258768
35.387718043555963732
33.091141360285689643
30.848215297354983022
28.561895880940411985
26.611728910720671593
24.927870994965005025
23.296116636284679657
21.787541224668785844
20.414585795294115655
19.039955877554660901
18.099570817194830852
17.870774002504489886
18.466186987893891569
19.565931232140286511
20.970563664095436707
22.550396169280048753
24.147750778514051717
25.114161238864113557
25.365045259654948495
25.718333012241231472
27.067868739286893742
29.122365947090827376
31.109635910542351667
32.748941240717641676
34.397318928923311887
36.085782486021912518
37.752133140583623572
38.928016579762214633
39.155415782656007195
38.369894286285642693
36.842679282346466607
34.773813385779448026
32.319443004829480515
29.954048951706880644
28.575014338424665539
28.216444585618944529
28.961340431339465340
30.238636324741776207
31.435404039873162674
31.949327278355525550
31.600304054181265201
30.944817001461217387
30.977516148127733686
31.434942653765858722
31.261420624339393726
29.097478747530630017
24.760227863640125179
19.208799070249170882
13.871736120691053884
9.490874988845462212
6.275732375821661435
3.969378296448923038
2.091045051419200718
0.209027591627034326
-1.823375086172688953
-3.854458202380158127
-5.555089299883235299
-6.516958695051243922
-6.636564213438589377
-6.307703649032816884
-6.262561707267650490
-7.292755614439045075
-9.810504431475294496
-13.227844451165708506
-16.187215133837071335
-17.856797171905895993
-18.539586043107590285
-18.840989666759526244
-19.268386745120039905
-20.027997856038723512
-20.929222943782519906
-21.662721721051241275
-22.154428325756896356
-22.588733139824569207
-23.036250212497520806
-23.500006757984806427
-23.915621493711967105
-24.232377899769062424
-24.412489402995447563
-24.406296694435809513
-24.330449507971309231
-24.378231934475138587
-24.567286976372031404
-24.703636662292183246
-24.608785238451389432
-24.221345268428308373
-23.660087918397493922
-23.249591508124581196
-23.275945831989645285
-23.831244394475390891
-24.702160962823711543
-25.484728942497383741
-25.901724781546818122
-25.980721303693769642
-25.992920031413575543
-26.279275151980925784
-26.989057132166522024
-28.010053568134594570
-29.235580176373730410
-30.587021514697255498
-31.941918359246471937
-33.213446100167686836
-34.392244765501516213
-35.495726294655696620
-36.482669043632256489
-37.204224604947967237
-37.427826777154109550
-37.135516573790880557
-36.575482701696898857
-35.820735571227316996
-34.884356234921028772
-33.837893335657213356
-32.719293883415446089
-31.568550088859012703
-30.464400231197998892
-29.415809671030388017
-28.343087099769775250
-27.201988277462191945
-25.987720597973975600
-24.691155310413648749
-23.320829188171387614
-21.909012947876988164
-20.520002628978318171
-19.239828385746932327
-18.131324922551755208
-17.206790009469898450
-16.426143988748947322
-15.701814949956485634
-14.926283971992688748
-14.070149688330786830
-13.211481636989162780
-12.466019296935428429
