45.856696724419016675
46.965597033759429735
48.242928135240795484
49.375203249117866733
50.112040012375452136
50.643952127996016088
51.139301529889102937
51.648635232076593127
52.218226304311798458
52.602474540501212630
51.920258127247798541
50.557240330361963743
48.821764002694862938
46.935909497438736082
44.614728911170765002
41.650381282504142177
38.327983477440000115
35.391694782373235739
32.981383764052750962
30.588627813325103943
28.121564330181271885
25.966424290243921291
24.061334391151987688
22.201090402759390940
20.466493718488663944
18.880049677528660368
17.314340638120896188
16.214301822797082764
15.864702186161707687
16.383352236127663559
17.452885075736631393
18.873545083183046245
20.512694525676167245
22.207552442387651581
23.303053231751761132
23.707183681814427700
24.230151373520953939
25.758165476506547975
27.992680230258400798
30.154928279606821206
31.958649397950864568
33.756844816044747404
35.578457926929729638
37.361761355763263737
38.642146816328363457
38.969459473492634061
38.291951125763119990
36.898588550307664491
35.011728202587534042
32.813224927416342780
30.804521516567461958
29.906978765997735081
30.167673466483165612
31.659728230318734177
33.769266729505631019
35.810490603706824686
37.099183257738076236
37.386132135544386301
37.165234231009549148
37.363009813413128768
37.675142488783194494
37.066157341571283723
34.239368574047688298
29.087561661361291954
22.650870830541748546
16.438212581266014922
11.254468529871303417
7.342696989410939068
4.454055099148149566
2.100455662426270464
-0.166291009169981407
-2.513886016847322935
-4.811254266381808975
-6.746142532807937187
-7.922221804644379972
-8.243328533407520808
-8.106631599878824090
-8.244313769195400710
-9.445106772329666001
-12.116011400475372284
-15.662187646109714478
-18.718161931326221747
-20.443443815711589195
-21.131610836777326767
-21.378676901717710734
-21.685753040795304969
-22.260897662156878596
-22.926028996895979617
-23.391810100680402229
-23.605373204884756433
-23.768678135185552946
-23.964314109177792034
-24.201742249601522872
-24.418596944580485797
-24.563321231984332371
-24.595904479250350505
-24.464074821201961640
-24.281897331897084769
-24.240095953749914770
-24.353624471445755262
-24.425613124622429950
-24.274573476555303841
-23.836248588737475984
-23.226878718937939539
-22.768952915242834933
-22.746906262474112737
-23.251609507268483412
-24.069103281105981296
-24.795785557042620439
-25.156402536096436506
-25.182725189103507546
-25.152797352651589335
-25.417127271357571772
-26.136976714925367560
-27.214034451075406196
-28.556667513432103078
-30.101351603244893340
-31.739103334234641807
-33.392549633654141417
-35.054444071697446361
-36.732924502918308463
-38.362232399544552663
-39.751862164634587771
-40.612845157537662999
-40.863809715204524764
-40.694217810756924791
-40.134977717288393251
-39.181747401330369485
-37.915434329584741135
-36.407968440798640586
-34.753022600887447879
-33.090225806196087888
-31.473609274190835094
-29.837052009430806265
-28.131955702497634775
-26.351465056409324461
-24.484874663141056317
-22.536040383947749888
-20.534677646053637545
-18.551374918101714684
-16.689400848945695088
-15.034189031103380785
-13.621850677416944109
-12.433933572684338742
-11.386623151675451027
-10.353645180690648431
-9.274384385382859364
-8.201284067526387389
-7.250991564211233253
