259.853869909341881339
573.837404805719870637
891.455651885656493505
1234.498664493292835687
1244.923572287114666324
1313.640364638565415589
1451.897722386079522039
1665.225038183454671525
1953.344767638036046264
2310.853057428307693044
3440.781690777168932982
4612.375999735038931249
5808.735065582040988375
7014.028172893255032250
8210.809334823135941406
9383.184650028841133462
10518.340036061475984752
11606.003753303166377009
12637.116813527018166496
13601.904265062536069308
14493.529106858337399899
15308.359899186179973185
16042.751085735495507834
16693.878948442845285172
17261.038458515729871579
17741.798145539651159197
18138.081964394106762484
18452.644821055044303648
18690.986693668000953039
18853.040918729206168791
18941.421765679817326600
18961.344474494479072746
18905.955173499562079087
18774.369006163546146126
18566.197758813137625111
18280.059815916571096750
17908.635243449480185518
17470.799116573234641692
17037.363140801964618731
16508.663791977236542152
15929.756471937742389855
15298.202168633732071612
14630.542429271781657008
12931.898028656600217801
11218.533447745945522911
9505.453157502837711945
7816.387736034315821598
6169.545093391551745299
4607.598859405596158467
3181.445140873470336373
1943.340399214048147769
955.159334320288053277
283.901211147015374081
5.781933482951651548
0.183935213785813068
0.010401838803701456
0.003566922263189780
0.029120201372672631
0.892585299616652561
429.884591869782923368
0.864279022744845027
0.044013177709851081
0.029080421597895777
0.115483578314254168
0.123713966008821674
24.558649510632310609
281.811271499065412627
803.136547966723810532
1524.401939894772795014
2349.992574092015729548
3212.045651295881270926
4067.359127016541151534
4880.245180575273479917
5634.946435628648032434
6318.325605299056405784
6909.783444423767832632
7390.003559705572115490
7761.696750777296983870
8019.125138428626087261
8159.783950084131902258
8190.046624587134829198
8126.911291798823185673
7985.475332370921933034
7766.873607476649340242
7474.606597069097006170
7113.933636708555241057
7592.012635022956601460
8025.194834135340897774
8427.400538341360515915
8807.638718669153604424
9168.352494144226511708
9513.582300360880253720
9652.429802272041342803
9777.130569493418079219
9885.400086625028052367
9976.403883758724987274
10051.322622375302671571
10104.514249431496864418
10130.761485206998258946
10128.889037995446415152
10098.152149774779900326
10038.207859923020805581
9949.146600329340799362
9829.495846625361082260
9680.051813887474054354
9502.251377184631564887
9299.470483764958771644
9078.844942766401800327
8850.640182475131950923
8624.632635460809979122
8408.361743803525314434
8208.003763236316444818
8027.796298965147798299
7908.887996678035960940
7817.877041543359155185
7753.124372160224993422
7709.226198590805324784
7678.671372484648600221
7650.816694011645267892
7612.640671911382924009
7548.552925021739611111
7446.330444639749657654
7292.570031052606282174
7078.729123445161349082
6795.474472015106584877
6421.257843183669137943
5947.967707566629542271
5372.044849454412542400
4646.142091303226152377
3793.090012263849985175
2816.187584714085005544
1705.277796135357448293
448.626616739508278897
0.018490613540861442
48.409607677224407496
42.292382008921073577
16.985115269491316781
1.467002429626883098
0.133677935848296042
0.281702969888869892
0.058720652864963981
0.626229343894731727
0.296660479760317841
0.125825000474612037
0.064435019743137867
0.095949912396934525
0.066765310979763862
114.508805780784356898
790.728180332636952699
4588.713178121616692806
4585.914809460217838932
4576.082076794741624326
4579.989594896488597442
4598.849798472524526005
4633.407441088831546949
4670.963412135972248507
4706.309254473250803130
4731.330727227913484967
4744.991306129160875571
4921.700879335387071478
5148.264883347107570444
5416.484800826530772611
5692.634678299159531889
6000.740322262984591362
6356.990679982853180263
6741.486414460076957766
7116.604675521854915132
7459.589552700689637277
7807.468444019466005557
8167.913257101807175786
8511.024970556476546335
8841.597556198486927315
9174.415243390651085065
9499.899785038982372498
9873.034792192906024866
10265.859319903198411339
10649.011547633897862397
10935.912913955144176725
11170.998557530112520908
11328.962558133780476055
11312.630116534848639276
11299.752782856692647329
11325.055051357327101869
11420.855773768904327881
11662.173448089075463940
12300.051126928945450345
12997.391907097780858749
12149.230173983107306412
12214.212673028147037257
12215.246866666382629774
12381.601277430692789494
12528.514578630192772835
12577.183857694288235507
12627.762104462419301854
12723.746383160489131114
12849.648380533546514926
13300.772868301988637540
13930.489889558708455297
14561.476299618838311289
15179.412682978769225883
15731.559297824411260081
16234.388083793426631019
16681.737318789466371527
16954.014607852357585216
17267.282399905438069254
17351.239282790484139696
16812.602725516891950974
17338.984185658951901132
17649.200165674461459275
17619.337774499712395482
17643.452815079825086286
17820.719563545768323820
18175.495160137084894814
18648.208301455993932905
19109.531138940736127552
19498.016469674676045543
19765.500979234937403817
19556.169946084759430960
19488.110829053464840399
19714.791760692110983655
20054.850798599600238958
20448.406783178219484398
20628.919403753803635482
20489.873172779676679056
20245.362018205683853012
20169.009592813261406263
20088.073998919844598277
20101.231105593022221001
20302.060655073895759415
20657.384937810038536554
20946.806525302828958957
21001.313366880072862841
20954.477128003160032677
20882.077178674469905673
20839.271506284057977609
20911.238896596965787467
21003.676341803860850632
21055.411552115379890893
21050.177351132111652987
21064.125402030047553126
21080.249598809357848950
21101.344653813728655223
21125.586682774875953328
21178.763481341862643603
21233.639790580356930150
21202.694424857432750287
21155.458355845032201614
21150.826238223715336062
21160.205542371644696686
21159.981264271271356847
21132.312446575546346139
21065.154884387193305884
21003.669422738839784870
20964.352268128408468328
20983.054760825943958480
21087.801231178906164132
21252.378219915270165075
21401.194009675204142695
21485.448252496280474588
21517.174072396963310894
21537.146430419757962227
21610.758175720115104923
21773.381180941843922483
21961.084588605812314199
22171.198224704356107395
22405.582407320191123290
22637.427797341541008791
22854.821673021815513493
23062.368848836384131573
23305.908052845901693217
23550.362477005928667495
23804.329370930034201592
23982.325829951889318181
24016.361913435750466306
24098.989143876449816162
24126.403389850631356239
23885.690018606775993248
24190.013981861728098011
24346.787462725424120435
24195.219265850006195251
23983.889170712765917415
24229.300453764677513391
24182.113970008631440578
24087.093871186851174571
24243.996624162286025239
24068.519264286642282968
24298.342225447890086798
24387.610164473098848248
24333.461261088217725046
24244.026583181770547526
24160.705684483626100700
24147.166021954784810077
24272.105932748752820771
24443.480540156095230486
24507.385509981355426135
24500.026202515895420220
24435.317133399832528085
24429.775950400315196021
694.403886922077617783
