45.507380344862326638
46.521525093737416512
47.684389347199271469
48.708630272609390488
49.376642101030519427
49.871119120957033033
50.357382064311863701
50.891888095885093435
51.524832439138570805
52.003219999845960331
51.410821908605619512
50.152814399797442491
48.541840806474660042
46.802384823106145006
44.645309512980581701
41.857745913559661233
38.719448735826958341
35.968464405890713920
33.741984644242108971
31.528122538212215886
29.230175045520041976
27.228981929489890490
25.456895373767196133
23.702275594827625582
22.038463746636082874
20.482212316530706175
18.907431789937291455
17.764215333996872914
17.342785406707321272
17.764593307801447963
18.715792347027061737
19.995224423364120980
21.459855091044417463
22.935961162809221037
23.763394877921484749
23.855078831085407387
24.050276409784984821
25.289555482770623485
27.301607645082242470
29.281241867935889900
30.920865107656808846
32.573124332649769030
34.277841762180486285
35.984465524697526462
37.231861564994886749
37.565100260736443261
36.921318957152607254
35.581513564617523571
33.776435381407395653
31.704519968413450215
29.877166236577920699
29.215600187445062375
29.758856397695950591
31.565603181046640202
34.001359528785314978
36.354083155287497675
37.908347421671095390
38.380281770015074017
38.236693003757011411
38.398093718731558965
38.571011504831886896
37.736823406568646533
34.617417945816328029
29.126982603437397756
22.333279382108031541
15.776101399703975403
10.287071470070713985
6.125560784912238432
3.043339664857171556
0.540127267827983815
-1.840621109552557755
-4.258930172606937958
-6.565749668323860533
-8.435138039751080896
-9.472785119733657666
-9.600359898513886492
-9.238060627848966533
-9.136827866183807600
-10.099441397690981148
-12.544468985427840835
-15.886378277899439126
-18.766131849722881952
-20.346487425355093137
-20.921208307250765301
-21.083894517456997164
-21.331459475533222303
-21.866985669844211770
-22.507460044262757037
-22.959195838377752352
-23.165901373133692687
-23.327233972193198497
-23.524629404693826018
-23.767330699238527814
-23.993067796026593896
-24.149722935117097222
-24.195715948493102587
-24.077259349912992548
-23.908053095129332632
-23.879457327350223750
-24.007799166615143349
-24.098511064801584780
-23.973126898987516142
-23.570420941931445213
-23.008670187399104634
-22.610756817293065524
-22.660299236470734741
-23.246733118080442182
-24.154186110760292650
-24.976599825553421397
-25.435575761650966342
-25.558775077262566811
-25.618701510266305377
-25.958300052841025263
-26.728784063450177655
-27.819374677212408642
-29.124422390918709880
-30.566448446748893275
-32.024549725639758435
-33.413469040904033136
-34.724216140406440445
-35.971671981277609120
-37.107896215444668542
-37.973298706646971823
-38.322234924277893242
-38.124543018874021527
-37.621704051943993363
-36.890528969196736853
-35.960640376101650872
-34.926367554102171198
-33.844943237052859786
-32.771780205995924007
-31.792569512930526798
-30.897000912898590741
-29.956808766424899204
-28.882821024200211468
-27.653873128714280938
-26.257464769459602394
-24.694327152353878319
-22.983403776412160369
-21.174806133532115382
-19.344366962489743855
-17.552804312514297180
-15.821050502423418038
-14.127222421920862416
-12.403818419061053646
-10.558307017423544494
-8.576072669007317018
-6.563073874037229416
-4.688235608895524820
