45.658995786633383318
46.661716017010938629
47.815719004368112621
48.828529079410984082
49.475443037689800008
49.946802797583941924
50.414007433913113232
50.935357543507173261
51.561265398055773801
52.038178403323442467
51.446910169017058934
50.186641873120528601
48.566439731095314869
46.809587188251526868
44.626541152353055963
41.804374997053997731
38.623070473085412857
35.821211678628472441
33.536875021533163022
31.259416539557904002
28.893744389679369533
26.822697541035850577
24.981022126809349970
23.159838231598627090
21.435533672475372668
19.828053835041856701
18.214441998156857494
17.047605425562991854
16.619987727720385351
17.054428478958698179
18.037478586117174473
19.367345203930895536
20.899412859354811189
22.457627929468586103
23.379027285523577007
23.573509121636817554
23.877339945102832530
25.228285311199584839
27.352523529263393698
29.442680139166867548
31.189323702078013412
32.943620234355023513
34.744279840595680753
36.539979978713745368
37.869009036517354616
38.275685930002083524
37.695585852171149099
36.406502811524887875
34.633600246745118056
32.567132462330164344
30.708546986611651164
29.969518359937495688
30.383358504531202016
32.010798835242979976
34.230250497014480970
36.353834426865489604
37.698384850111523292
38.013754492316365940
37.793358157249627993
37.970214115267481247
38.247007484860631621
37.587040944763572270
34.685379456476795212
29.425532508694374201
22.842957660566895584
16.450293679533302793
11.065330394351320820
6.949441165024978773
3.869512712257119347
1.346225021432985614
-1.060607465460037702
-3.504971569021847699
-5.839580104884390721
-7.742485525739425611
-8.821871890893675072
-8.999819709225249653
-8.696033756783890567
-8.660821052924660535
-9.695896202797996466
-12.217838929161928263
-15.638190662936892750
-18.594466027908026717
-20.246025568707466391
-20.883792953798092640
-21.099396238942915716
-21.388723171021695180
-21.954685460730900104
-22.614803502975178162
-23.076485641358999601
-23.284945030890639828
-23.441552161410243116
-23.629423229821952646
-23.859233798305012897
-24.069782730248562075
-24.209661161392318718
-24.237710099794469443
-24.100347140100154775
-23.911301567010752933
-23.861810762915524720
-23.967965073179300362
-24.034919895306472881
-23.884001452457368941
-23.453971765619087364
-22.863402867088211678
-22.435848947095166750
-22.455990480205741733
-23.014675515709143383
-23.897720691432766671
-24.700953667760359167
-25.148005411199903847
-25.268712136467968321
-25.337975623019133309
-25.701510134720308542
-26.513846634962760618
-27.668199259776997678
-29.063572682071367126
-30.627563654461084752
-32.244204135651102661
-33.832013286047413203
-35.383005096194722228
-36.908086722991583883
-38.347960851375432867
-39.522681988229351191
-40.157844824619985502
-40.189986598941118245
-39.829543055379815542
-39.132150105529149187
-38.121529980597358644
-36.902266872845018497
-35.554287560682553249
-34.161610843222433687
-32.836934648346641552
-31.589074459897233282
-30.299366967927596761
-28.881012792437616099
-27.310292462255631563
-25.571505298972681430
-23.666682178758208011
-21.624066831510617703
-19.514117272541909642
-17.446096357817054923
-15.525398469337972074
-13.821285706377295810
-12.352763159978110252
-11.076145251522234503
-9.894902087233276688
-8.753467590701177414
-7.689691868907857497
-6.797894928366929435
