2155.388930431523021980
401.706918801449830880
141.961623520407471233
119.002847803440360508
109.100862438497358653
98.573435690132086506
90.344716913223393817
83.527021146176835487
78.163842511586864248
73.973648287343564789
70.731185532211014788
68.230728576659856799
66.302724004490258380
64.812869372518960631
63.657558899252293827
62.758385472758284607
62.057278175239616758
61.513043953605489378
61.099792103273422583
60.805061405899117233
60.601435152509722570
60.383049949430002812
59.667495588512878157
59.589169450856815047
58.331306378044871508
57.942297118075842377
57.940112238346500817
57.914875067219313109
57.914836224739801196
