20.125799085111118814
21.141775801967760628
22.305035971466072198
23.329523439929406692
23.997922636562929455
24.493962576776560525
24.983816118752031343
25.523964154308657726
26.163549871944127290
26.647383331588123667
26.057905190314677668
24.802280070673276668
23.194387049982502447
21.458700397992778619
19.305824256995066435
16.522651336123978183
13.388758824503810274
10.642069842049579620
8.419692741672960778
6.209685575418419035
3.915309498695293655
1.917380481632989131
0.148234746824272179
-1.603776409375626599
-3.265311907852151307
-4.819607223210326197
-6.392724078838654123
-7.534522888940884400
-7.954715269526857924
-7.531766695595251804
-6.579429556834554660
-5.298768012478504374
-3.832741414740837627
-2.355044425264679830
-1.525881152734029911
-1.432518039377058017
-1.236065887488834392
0.003435733810249531
2.013807026811974765
3.988726272476128543
5.619274002636487353
7.256720956129470324
8.939699845971631476
10.616959163038984570
11.827464321886168364
12.117417567843716597
11.426201332807096378
10.038059586614849650
8.187717288960840278
6.077925547562983866
4.224267742859098007
3.551400804842728576
4.100214573203231794
5.928730732298078010
8.398617260374180660
10.790856359448071089
12.381267623595448413
12.877596854517122438
12.740145702504833025
12.885546039989833389
13.020149665899054980
12.130005358089874790
8.947487145761471083
3.400318172342366552
-3.434642143270906445
-10.015120318024827384
-15.510302641238268961
-19.661645911798331099
-22.715885423014725575
-25.170240289862249483
-27.481678833893852243
-29.816861461113717269
-32.036430943460260323
-33.822514876011581464
-34.784949547456221808
-34.846338202388295713
-34.426674150368853589
-34.276847451256770682
-35.199717708594931764
-37.613632755658613860
-40.932398671350654240
-43.796014701056378726
-45.366194629691591444
-45.935752844350190571
-46.097519149807908434
-46.347817483206057432
-46.889295317500568672
-47.538664743507865751
-48.002165979306994359
-48.223646660545142595
-48.403029035285612736
-48.621962750438683543
-48.889670391873750077
-49.143539163846128304
-49.330835051656094947
-49.409224041787297210
-49.324162674905352333
-49.188672906879361335
-49.193537509626281690
-49.354600113731663669
-49.476895415348934648
-49.381645387444081052
-49.007397360727367186
-48.472269462501913040
-48.099015192190194057
-48.171107717351560495
-48.777789316303824307
-49.702950801485286547
-50.540297161782916646
-51.011253976822018785
-51.143408502975063357
-51.209287601603449502
-51.551903683978082427
-52.322501779878166417
-53.410216326718227720
-54.709126339999158972
-56.141260685991937862
-57.585007748609939426
-58.954239349533338554
-60.239045931962778013
-61.453534635310973044
-62.549420302710359465
-63.367530443426574038
-63.663659656998390801
-63.410112816207231390
-62.851505630740803099
-62.067810705246358793
-61.091204255695970460
-60.017652798725464436
-58.905251369912946302
-57.809904686329673495
-56.817709495397252795
-55.918487772658465929
-54.983350960374423266
-53.922543179539957237
-52.716377947402008886
-51.355428964575594364
-49.842454547028239631
-48.196224995213924558
-46.464879959624624917
-44.720664850997934536
-43.018694426111608209
-41.371684517515404877
-39.746901468918906630
-38.066186880024190486
-36.230959492605791183
-34.225776458018572157
-32.160227254729647939
-30.210831213741130341
