1364.839441135112110715
1322.614673528447383433
1311.384218730689553922
1342.576763016720178712
1267.650605643802919076
1261.176887522791503216
1334.790751793809931769
1494.694263654272845088
1741.107907694219647965
2068.812050929819179146
2697.644523606267739524
3383.962117315362775116
4114.683732129997224547
4877.854132794554061547
5659.858369878189478186
6448.315894683627448103
7233.329615013192778861
8006.791315267758363916
8761.051024012867856072
9487.056936846131065977
10177.985337035483098589
10829.575332891381549416
11437.129173047182121081
11996.479413911882147659
12505.369397428865340771
12959.797180834357277490
13360.025552624769261456
13707.250689059288561111
14005.767745245058904402
14255.225239254838015768
14458.778668200131505728
14623.142982422017666977
14744.453837772382030380
14825.295552648020020570
14869.004400431425892748
14877.845408155444602016
14847.604703128747132723
14798.511101573983978597
14802.330811539119167719
14766.003436190781940240
14736.156545004951112787
14710.531517560404608957
14703.295735760735624353
13859.871056591091473820
13048.629765939323988277
12276.333029166160486056
11551.409446562136508874
10868.308724611148136319
10236.915645438080900931
9665.334396019652558607
9151.529133839178030030
8690.397394976016585133
8266.825743606899777660
7854.084565506876060681
7431.379735124845865357
7016.040139533370165736
6621.598151873286951741
6239.393378093902356341
5859.521979936372190423
5477.481173426801433379
5095.284488880886783591
4721.898173666299953766
4373.401398541488561023
4068.600527644576231978
3806.933719742591620161
3549.326819844576220930
3321.983948470398900099
3177.254613954226897476
3126.730808649278060329
3131.487915447227351251
3209.468980882030791690
3370.685569411757569469
3597.563105526033268688
3885.623533027259782102
4226.327950131373654585
4597.538083425237346091
4975.184799133976412122
5355.348611626203819469
5726.333318756427615881
6080.109169102902342274
6417.091405434478474490
6748.067742743748567591
7083.736564686324527429
7423.828993742435159220
7771.088940567582540098
8129.012430959618541237
8300.461224088940070942
8491.629816519220185000
8707.211510670700590708
8948.241578430917797959
9210.215072776401939336
9490.635763834639874403
9546.745204144768649712
9612.156138690505031263
9680.412417812656713068
9746.760276217171849567
9808.835492833035459626
9858.050152074147263193
9886.660993544652228593
9891.264792515034059761
9869.240939735333085991
9818.759730025276439846
9738.832838605267170351
9627.336292215011781082
9484.791232807159758522
9312.717490625669597648
9114.883424282148553175
8899.083620584278833121
8676.508262652330813580
8458.143469935230314150
8253.012083107731086784
8069.009555005033689667
7912.286520143671623373
7595.389962871099669428
7319.155322551563585876
7085.698636982292555331
6893.056401048778752738
6736.371303664420338464
6606.597942278041955433
6491.193552130739590211
6374.055512179868856038
6241.594983167572536331
6078.742171103683176625
5875.157936658123617235
5619.526355775959927996
5287.891667461946781259
4868.639094766506786982
4360.664896118608339748
3731.523289944031603227
3013.371823307703380124
2219.032310291393059742
1348.399561163614180259
399.415802287280826022
231.942488104529502380
96.325130416077058726
0.965532053883952135
0.000001267170499622
0.000000000000017746
0.000000000000003041
0.000000000000015246
0.000000000000187596
0.000000003044256717
2.018525862073956123
190.556662034356151025
512.480652454568826215
901.180299056010767345
1284.799709982549302367
1611.660964993779543875
1852.404441537155889819
3476.390245614518335060
3450.505256100338556280
3418.147903928126197570
3399.615770878891908069
3404.553567464853585989
3424.887386850096845592
3447.893805103542035795
3468.369196142626151413
3478.194317877523189964
3476.297359546577808942
3617.456938906329469319
3808.150420928803669085
4040.255611264073195343
4280.111616133557618014
4551.800357685437120381
4871.549509607573781977
5219.478658443205858930
5557.973733183106560318
5864.295538349482740159
6175.502929242716163571
6499.377730665790295461
6806.309138543255357945
7101.609332187988002261
7400.925652327621719451
7696.065403593788687431
8043.711901760300861497
8418.243262600197340362
8792.758741459269003826
9082.977528183901085868
9333.351501564784484799
9516.869136329354660120
9532.985660577422095230
9552.507747886384095182
9604.481149128761899192
9717.091021247671960737
9963.307018810781300999
10593.914736922677548137
11274.616013168953941204
10404.570303509362929617
10441.691857029549282743
10412.226487916734186001
10547.179409240474342369
10663.235701418299868237
10688.523307949151785579
10718.337434069002483739
10796.992190033934093663
10909.728655568475005566
11352.631560864965649671
11980.802894280877808342
12621.803860846172028687
13275.253829019338809303
13932.859664542154860101
14753.892102624889957951
16109.469725032897258643
18162.025030275344761321
20106.051490442881913623
21263.447816590229194844
21570.474998741214221809
21068.802549157851899508
19755.068970437350799330
21137.597328261548682349
21638.887011995251668850
21190.357261484285118058
19771.872412114720646059
17920.636916647617908893
17102.066391143729561009
17168.956614138667646330
17391.839695872524316655
17207.355994882444065297
17184.105511533325625351
17465.773891911230748519
17868.538464481225673808
18331.072103016824257793
18584.914756989219313255
18520.849864143419836182
18349.390826028629817301
18339.786863481764157768
18315.682131585370370885
18373.893556529736088123
18609.715236733551137149
18996.024326481518073706
19321.078626075461215805
19422.717559377368161222
19436.764670357257273281
19438.018004222791205393
19478.903201885936141480
19576.623493410814262461
19700.007954285487357993
19785.420626427898241673
19814.865626163918932434
19863.288422966419602744
19912.778156753753137309
19963.478466269407363143
20014.658500793651910499
20091.255736298422561958
20165.120653417328867363
20147.855888734335167101
20108.211929856031929376
20104.630666805202054093
20108.745167490149469813
20098.058133356007601833
20056.764685595557239139
19975.411582511165761389
19901.554505364576471038
19853.321388190030120313
19867.041381450242624851
19970.230515324252337450
20135.620815429225331172
20286.425442013172869338
20372.771142042358405888
20405.864569070636207471
20425.913196662102564005
20497.987204365184879862
20648.049281943916867021
20821.767734932556777494
21016.861907522608817089
21235.421259604983788449
21450.404773058893624693
21649.021477718790265499
21834.113834660896827700
22048.127719010117289145
22249.260873983774217777
22433.365630328091356205
22499.020293249686801573
22383.820726591959100915
22339.863845454972761218
22373.739555687749088975
22305.324270494493248407
22790.435555283718713326
23071.056633261076058261
22969.647007647254213225
22760.972170754452235997
22987.091440536565642105
22909.102507882915233495
22743.222838582605618285
22832.145600065094185993
22532.428982406563591212
22704.222990834703523433
22745.501719439384032739
22663.566307258643064415
22580.561959661015862366
22557.151274501167790731
22677.739943119642703095
23035.875828610995085910
23532.366919380227045622
24003.388927512860391289
24445.334958829913375666
24827.858118465344887227
25170.185763378482079133
1905.958131149373684821
