2.779943912747071977
3.125367634140822304
3.572978202260870262
3.832647605541446012
3.678436040618727532
3.311268517500096209
2.911453940417537467
2.541600849212599655
2.255023431030700465
1.803124699192068192
0.264573088062157069
-1.987671015549665299
-4.666585425312703705
-7.559927570621063353
-10.961258948139686709
-15.082870992952365441
-19.641261060812709616
-23.892646098890317319
-27.692810378926765225
-31.545689892319607850
-35.539311859405302130
-39.283608478141204046
-42.836638017187432581
-46.400318880534889843
-49.891738777543295669
-53.285043919933997358
-56.697990728202960042
-59.673123921050375884
-61.913908245281412235
-63.293622787258833284
-64.121861884379654839
-64.596545182026602561
-64.858519282924675053
-65.080456232788037596
-65.922729568765646491
-67.474104429564505381
-68.898665683417789296
-69.261017205110135819
-68.839534101736404637
-68.448288944231080677
-68.405272141620457660
-68.369175290353382479
-68.311604690242461402
-68.293591161276367529
-68.784726132727342929
-70.245417824625093317
-72.740240711402549323
-75.985434659851534889
-79.742148510183398002
-83.797241001123992987
-87.616231784880213240
-90.244427904535072571
-91.597364453092467329
-91.558876017509689405
-90.696430362352543852
-89.651440648890670104
-89.073797108560086144
-89.196719948205966944
-89.526182600692322922
-89.142187125471039622
-88.365196397714299792
-88.262982364154780157
-90.179555426997112022
-94.279865805861859940
-99.586729964613311950
-104.653116268775775666
-108.728461262768647089
-111.612783098408868909
-113.587943740026048545
-115.165220228887434928
-116.799307063864802103
-118.643709812416346949
-120.540121100697263046
-122.150119972479473063
-123.064426217085298276
-123.189595175657927939
-122.932791972851305218
-123.034215390831491277
-124.286512933263651348
-127.096915609247758994
-130.866745042365181462
-134.222747550974673914
-136.313878697935422224
-137.421932068621060807
-138.131102613239391985
-138.931356564012361332
-140.020656666978311478
-141.212039653410954543
-142.208660672641826750
-142.951736443780021091
-143.639026363306044232
-144.350524219251838076
-145.094345622129623052
-145.807419918685155835
-146.437418510804064908
-146.943597485758630228
-147.274532213671477621
-147.548140877964726769
-147.961958089376850012
-148.540345021794365721
-149.098393195278816847
-149.468542903341329975
-149.601122637121960679
-149.625734477815313994
-149.875288754644117262
-150.641138959670996655
-152.017581427661866655
-153.790803116691222385
-155.554699041575901219
-157.029693449345501222
-158.241886455374668685
-159.461948835471957864
-161.030124929983003312
-163.093063586329833470
-165.532664270979239518
-168.232809827482810761
-171.102640258134670148
-174.005698152204274720
-176.840081272358787601
-179.580398211257175944
-182.226964432545315731
-184.720937059000760883
-186.897270015985469627
-188.511349052071693677
-189.539903860443274652
-190.234413087945029019
-190.680633170152106004
-190.912474235336077300
-191.022833556841447944
-191.063481133864030426
-191.082964961996339071
-191.160839868467661518
-191.284296154144101365
-191.331570311814203933
-191.231109346810740135
-190.980970574582499921
-190.575086370530414115
-190.013298078084858389
-189.330352632641222499
-188.607308169695158995
-187.946005497330816070
-187.416318775856666434
-187.029462088589099267
-186.740510131426617590
-186.456219188635742512
-186.060577603430317595
-185.512246909505932990
-184.885090434343823063
-184.315944034785815120
