46.310713029723373779
47.254795902736219659
48.340178610803960169
49.316300622799992937
49.981479029247573465
50.499788612529002307
51.024984070651292711
51.606622180397025090
52.284077803599259937
52.789867852719176256
52.209626537596093954
50.977974418902554987
49.423257059022148496
47.769737524687528207
45.724418829467467162
43.070125614496554078
40.082417380448838173
37.495306870367613783
35.442092783482280538
33.407143657073120835
31.290171485773711879
29.468580562126319933
27.871421137205572904
26.283883233623711817
24.776293487498747936
23.362602949486031889
21.914226936623663278
20.879186446116079878
20.546163548959796685
21.035658667964071356
22.033430375715965965
23.338334671964744871
24.807504848125319086
26.267217506789236836
27.056839520975159985
27.088086130704084553
27.198181114006004577
28.324825242005900350
30.193068683775621253
31.993327143308121663
33.412815874904310931
34.798089844221522071
36.181847282267483479
37.505215057956007740
38.297322428594270605
38.091853667074531131
36.812836327771151446
34.726843252842598986
32.050140987800830317
28.968984705616520614
25.988708561226644633
24.036386841720315033
23.176643170474136468
23.520870351283207356
24.515344732689129614
25.546746070623299829
25.998756932688678489
25.670554458297402789
25.089730695755349643
25.216220355600995617
25.768391310887921009
25.705346323544887355
23.698165769165200345
19.587656273024151687
14.347140142841141142
9.411496721204713367
5.515584010631982892
2.845572633386524330
1.109665916439411149
-0.210067142651155336
-1.571986892272633440
-3.131174718357357278
-4.730235960414262308
-6.031120450140008415
-6.623189209403960831
-6.408967441976386681
-5.789519719413107168
-5.499139778880078211
-6.327674334416428792
-8.684755045996553235
-11.979571981576668804
-14.850555206361150340
-16.459394667413562274
-17.098997548111753986
-17.361374884690064846
-17.740512100303590159
-18.434946480524729395
-19.255690255673698630
-19.902329674623274514
-20.311919291340643667
-20.678117453984270924
-21.077259232802191491
-21.514415178600927447
-21.924019618400166109
-22.251462505325946495
-22.453389800901845774
-22.474873585423893019
-22.429045273876511146
-22.507230857755416764
-22.726199505299405246
-22.892171368052402158
-22.827613694475985540
-22.472180786112346595
-21.944865526175021841
-21.569116363572504724
-21.629063698242532610
-22.214673898177181854
-23.110576214390050609
-23.910993084600931979
-24.337332674271010546
-24.416415375446376856
-24.419265917695781809
-24.686899122591455580
-25.368432238869445428
-26.351138651669543833
-27.527887858335020610
-28.820510826609108790
-30.108571371451660070
-31.308929078897051568
-32.417047581289523350
-33.455407835710786912
-34.387431487098581329
-35.068551050976793704
-35.270469572284753212
-34.979958032097954401
-34.451355368015640579
-33.766885129670868082
-32.952612700648444388
-32.091572105871364329
-31.225345856041201387
-30.393503662277396415
-29.670091860098580128
-29.041803795987618741
-28.388009906600643717
-27.633137528232452951
-26.769402717416710402
-25.799275256014823299
-24.742588814209284465
-23.638702916699855905
-22.554769131771308821
-21.576485531131993412
-20.764350519207766865
-20.127178212284320580
-19.620647940413903143
-19.152082230187147616
-18.607682138792199567
-17.951305238402085251
-17.258199565901009009
-16.651816369670768836
