1742.412642390429937223
230.864008758761542595
111.930300403477602345
89.584054669882704047
78.061677204692358600
69.256779853520853862
61.888972262212163855
55.899590736957584625
51.052568699774951710
47.166992497830392495
44.062027348189353404
41.581926707465981963
41.222442977042845769
34.807370476540292259
31.309241895631799935
29.885713906189774747
29.314548210062149280
29.051850780666406138
28.912387301742015211
28.832594189199465262
28.783287826408589183
28.753631309914517544
28.745668083726904740
28.745617756334432613
