44.667878481544761371
45.601703747208979678
46.691671516696068522
47.631956249043398088
48.211804138082300142
48.595033340966139690
48.928594265581182299
49.267398940729904666
49.693911684219486347
50.042733820045839366
49.562662897184651456
48.538214849693630981
47.209789806762202602
45.747782283255020275
43.826425671468491885
41.220625236614608866
38.239392013729094799
35.684099558153988596
33.692915929958900279
31.711553651470808290
29.635237027074879279
27.872000934483594392
26.352655601713820488
24.857347135318789810
23.475692143406320156
22.228773489783392847
20.951362866191686862
20.077993968422873650
19.876563024874414509
20.451467922205921468
21.452138992360303860
22.683142293727641459
24.066004423199117923
25.501107696685295423
26.347017818328907879
26.529155530241737893
26.844621395736297131
28.072946531120877012
29.832539379558383530
31.435510419929997283
32.695951777412361139
34.024098667894293158
35.435608963460396126
36.844172611820681595
37.759672712752276880
37.735911686157891154
36.772403580293783421
35.214354539629013630
33.264303027452825745
31.040114952313842878
29.015295241486313671
28.137385836444991583
28.435178202007335813
29.974142038229075524
32.095724871279458057
34.077501566884876638
35.216766690941142315
35.298478686416359551
34.898839422664536869
35.017375450140121984
35.317414584142085232
34.691103825371072844
31.761701306364926722
26.420491633962399192
19.773475306043167166
13.414485208306160757
8.176264004206615255
4.294464928612995891
1.502432023136549333
-0.693348185068629164
-2.745093884942150453
-4.837449529272390691
-6.864058585451402905
-8.525349185138082930
-9.404473301152592057
-9.375965808222758824
-8.840806339750628240
-8.581287606342385743
-9.456768361038314197
-11.920803776066350110
-15.352751265661623847
-18.303601071753348606
-19.880119654229048365
-20.396415441300320026
-20.487047375365449398
-20.683486931423630040
-21.202591568105759734
-21.847533402575550099
-22.302259004360792005
-22.503731822675746344
-22.661978628777205813
-22.860425295261478595
-23.105385163855657993
-23.328599042435570254
-23.477908401825715146
-23.518285488803172711
-23.401581960741367539
-23.252867079083898716
-23.275465733623008191
-23.482751237517817344
-23.659144485958250925
-23.603504858718565629
-23.240105766331566883
-22.689160545668983104
-22.295776412167413127
-22.366387841877326537
-22.999780522842797836
-23.967470742001125927
-24.836865103237073527
-25.311040189015216129
-25.419479169996861856
-25.452827973510579795
-25.776773065123904871
-26.552184331835405828
-27.660217972010741505
-28.987573640201844682
-30.450525119919916506
-31.917803803788331152
-33.295493870392590452
-34.572311758129217196
-35.766799773342825119
-36.836986534155812478
-37.627312643617869981
-37.893876642039003855
-37.623661800881279760
-37.088905339170139541
-36.372079504288024054
-35.487461490902603600
-34.525440920231289965
-33.568351251871433760
-32.689829310612878999
-31.953948430908894807
-31.309527878029655312
-30.594289844835032000
-29.679226063184273698
-28.508353796083440557
-27.080900409145499452
-25.455552333974992507
-23.713044467649581293
-21.933037065096300466
-20.178763029436140641
-18.466690536271983092
-16.764615768004375695
-15.016830825962756535
-13.155265256254381256
-11.105692517733814384
-8.873842589554953975
-6.584091055055353081
-4.423132263535990205
