46.281236924126815779
47.233214176477574142
48.325912470907979923
49.307058276634528227
49.974098893136542188
50.493357432948627661
51.019860589225544345
51.603457071990547433
52.283497908481344041
52.792303484407057113
52.215051666228383453
50.985902345558407944
49.433076513601569957
47.780914075591432777
45.736510124267191202
43.082767134584571522
40.095308513010444074
37.508200440480891302
35.454787125051893781
33.419476067531306285
31.302012584181937882
29.479829620396785117
27.882002491663740784
26.293743691182484667
24.785400441224268775
23.370942729699194729
21.921802799262067651
20.886015636494533965
20.552273148211909870
21.041080379197367733
22.038194886934107330
23.342466582297234368
24.811019208438494843
26.270118705729927910
27.059122579285755705
27.089739694564272554
27.199190963020683398
28.325177293008479751
30.192751212675190686
31.992332621636805357
33.411142675025459425
34.795743091313966033
36.178837311432857859
37.501552405259701573
38.293010145884039730
38.086879878382717379
36.807171072222018893
34.720443471841178962
32.042966557031604680
28.961027134202197431
25.980031282716339547
24.027168737119069419
23.167199566601055949
23.511592436569401343
24.506519579151841981
25.538424180621490223
25.990846664343138173
25.662961967124118701
25.082371312667788743
25.208922155177020841
25.760882454061857061
25.697372591471093983
23.689447178804954319
19.577766671688635824
14.335560445764542692
9.397927060315936387
5.500284259062055980
2.829315264590889001
1.093399799276937756
-0.225494790451165272
-1.585984299147611409
-3.143451864500178772
-4.740752798842237326
-6.039992053131669536
-6.630600246183405488
-6.415117398284650108
-5.794597718887501969
-5.503317177916329683
-6.331103396685250573
-8.687568018368580169
-11.981879686617844527
-14.852445612949907172
-16.460931784860918015
-17.100221160084458916
-17.362302415163071601
-17.741144425683671670
-18.435277933608915646
-19.255719320108710235
-19.902065328367484653
-20.311381363659677390
-20.677333286744556062
-21.076259542005630010
-21.513230669284780561
-21.922678729862013824
-22.249990153370788448
-22.451806889227384545
-22.473197111424610739
-22.427288888834596037
-22.505405757247217480
-22.724315570231340189
-22.890238508362472203
-22.825643290938955943
-22.470187001134092952
-21.942866177257940308
-21.567133100089847630
-21.627121363155708877
-22.212799108043157048
-23.108795288753753994
-23.909329502565071834
-24.335804283505012791
-24.415031780369702119
-24.418026887448945672
-24.685795134030456666
-25.367447662013603349
-26.350256532667344800
-27.527094156704777106
-28.819796529972222743
-30.107932405321605529
-31.308364853291436702
-32.416559043997722256
-33.454995590235910186
-34.387094341909801187
-35.068285347118717254
-35.270269600982032898
-34.979817719797722475
-34.451271267129129683
-33.766860684329913056
-32.952663770687308897
-32.091734682072910800
-31.225690327965935467
-30.394163075992878476
-29.671302889563605731
-29.043921275993056952
-28.391402687758045431
-27.637939263952489455
-26.775295094098908066
-25.805522256056406150
-24.748418982366104046
-23.643759371103215017
-22.559094497938019686
-21.580237325350594801
-20.767654739584145318
-20.130123856080672340
-19.623281980795923118
-19.154380677792289589
-18.609520338830634500
-17.952481043640773350
-17.258629732130430057
-16.651690420687714322
