392.539343174491477839
10452.701323951381709776
10115.285029173737711972
9776.736290386630571447
9482.848533181488164701
9319.493389822515382548
9366.288952594977672561
9663.228304431442666100
10214.966379485887955525
10989.061224891522215330
11769.943123871205898467
12625.595294030943477992
13502.988721134728621109
14490.984376154570782091
15519.714806618847433128
16427.579282364054961363
17212.745676482449198375
17882.602233460798743181
18459.291329238512844313
18944.619644894395605661
19346.270773786713107256
19681.833907928648841335
19958.128417085943510756
20177.630053506985859713
20348.619823404358612606
20443.991306061372597469
20433.560742519461200573
20387.731535971528501250
20341.206812983793497551
20274.349661262178415200
20198.605869884275307413
20153.196002312892233022
20058.813116458193690050
19894.769078828434430761
19643.043215970901655965
19260.029967840288009029
18605.937763680525677046
17800.023226910332596162
17639.256133005394076463
16897.625594306504353881
16019.267084631048419396
14836.438679870359919732
13399.213719847093670978
11697.087242547180721886
9713.950877749572100583
7521.304186967937312147
5312.258001019951734634
3262.598407214827602729
1730.037322364281635600
809.087147185561207152
340.781662803707206422
131.507796500053615318
48.291559110104749664
17.579281042660348078
6.807076815244479384
2.950533750001253619
1.548688144936563038
1.042405786168757231
0.825265335678713963
0.798088110075150348
0.958423826142758450
1.448328086058894515
2.785752316606024070
6.645688415871779497
18.298056049830751846
52.943527637408458020
151.468243358719576008
410.479025043326430477
1051.378283401203589165
2292.187402811260199087
4076.242710597246968973
6082.545695034845266491
7934.613177213637754903
9561.123190099844578071
10977.911724216730362969
12100.723586102385525010
12839.655689413064465043
13366.348812389140221057
13672.377858437548638904
13733.768374434876022860
13577.678015078150565387
13327.659480544269172242
13087.319394568454299588
12801.154194570346589899
12443.019680682211401290
12009.802299491975645651
11519.564046361878354219
11034.025534309563226998
10621.575386441021692008
10325.677036835526450886
10146.818896569260687102
10102.194200628397084074
10180.078051316033452167
10353.100706441207876196
10564.609633062982538831
10815.231887858346453868
11135.186645228694032994
11445.766130199792314670
11693.389203965178239741
11885.894642198567453306
12009.851222614675862133
12061.833546961732281488
12038.368535537623756682
11893.500824242750240956
11628.938039075825145119
11224.268922427649158635
10671.304445614427095279
9994.538730500556994230
9244.067333215631151688
8467.716259374865330756
7711.854928733812812425
7038.746510458060583915
6522.939216573012345179
6237.927171410150549491
6236.034804705036549421
6533.780385391462914413
7116.234820060514721263
7910.939813391196366865
8809.701453360237792367
9695.159093119997123722
10445.211466164297235082
11040.554983914680633461
11459.059789293698486290
11760.027723098472051788
12013.270436570515812491
12104.169113384992670035
12111.551875927691071411
12197.202460222537411028
11725.592295527134410804
11216.306904106981164659
10781.575771580328364507
10215.031039260627949261
9098.828433407223201357
8046.703189696906520112
6891.846296855998843967
5437.939441117362548539
1528.535218817720533480
583.357087688288856953
237.338358293337478244
107.858118620206468563
54.070144941472456424
29.184527659820510337
16.612263436190868759
9.905369930060283323
6.425524947595958380
4.892377977324698257
5.287829732332048671
11.587526298097508004
7900.271501500220438174
1698.101633582854901761
2089.029920108455371519
2053.120830636849404982
2029.893456206544442466
2036.875740646559279412
2062.544746591280727444
2097.048384227678525349
2136.605544022349931765
2173.323157928858563537
2205.051733908303049247
2368.497031511357363343
2583.159755580473756709
2839.430136267611032963
3107.891375676454572385
3410.395159729978331598
3757.225133496319813275
4128.952709395220153965
4488.679606073987997661
4814.888368904075832688
5145.027476890777506924
5487.333735139299278671
5812.748819475360505749
6126.460366426641485305
6443.438540096122778777
6754.440650307946270914
7113.431051495665997209
7491.123021864437760087
7860.852768596915666421
8137.170514464640291408
8363.697624303893462638
8515.450967728309478844
8496.581684438757292810
8481.943566728665246046
8505.459255044044766692
8598.735540232321000076
8835.101567046234777081
9460.324101437223362154
10141.270199580036205589
9301.797637804631449399
9355.829802767993896850
9342.111921741952755838
9483.320863173095858656
9596.015983372710252297
9641.290722043662754004
9677.521145279180927901
9750.516382741883717244
9851.628580322518246248
10282.716115295483177761
10910.005154235483132652
11558.002619744194817031
12203.848724844938260503
12784.371402245702483924
13307.899574412162110093
13762.205770398251843289
14031.233528132190258475
14341.496757508391965530
14422.619191673349632765
13881.079289912455351441
14405.235007510629657190
14695.950239020765366149
14706.710007189562020358
14754.231371715221030172
14955.019375310244868160
15333.462862474065332208
15830.091720494638138916
16315.041683592449771822
16719.931071962790156249
16999.184920133433479350
16808.365229866412846604
16778.581884128125238931
17063.562204017056501471
17470.318948574866226409
17925.096058008268300910
18158.997678370818903204
18066.620502470126666594
17859.547786104285478359
17808.656709482496808050
17747.988270735109836096
17776.180795024654798908
17986.024308543579536490
18345.214437997750792420
18637.632959325808769790
18697.857588028466125252
18657.310237577945372323
18590.698053223266470013
18552.964568230498116463
18578.769773235359025421
18626.802749053291336168
18638.163252713224210311
18598.058516680357570294
18582.672111792293435428
18575.594156247108912794
18586.945459354708873434
18606.055319771618087543
18656.565965053654508665
18711.330204566635075025
18684.001560926124511752
18641.207826211339124711
18639.934183977671636967
18651.967031997828598833
18653.192929084474599222
18625.666417715834541013
18557.224258544563781470
18491.276257642231939826
18444.399930427051003790
18451.616210713742475491
18540.535210083649872104
18685.679626421468128683
18813.082361981134454254
18875.501241720514371991
18886.574056319655937841
18889.379637676614947850
18952.192363960857619531
19111.705780530133779394
19307.416424525436013937
19537.343499599694041535
19802.889511022927763406
20074.514553885663190158
20336.255320066760759801
20588.387068539370375220
20872.325692023634474026
21152.558760105417604791
21437.191579739635926671
21643.332158138753584353
21706.064749907465738943
21814.124718639843194978
21867.133647313366964227
21658.787261711724568158
21978.597958463415125152
22153.951887814408109989
22028.494096175694721751
21842.977597635166603141
22097.664110613066441147
22029.388265321271319408
21871.895981965888495324
21956.535466728393657831
21569.455692919393186457
21706.943342980630404782
21754.168575972555117914
21676.846201397012919188
21571.449097033520956757
21475.448701325462025125
21451.371435298478900222
21567.373518920805508969
21731.203532298768550390
21788.821636837114056107
21776.420508175069699064
21698.459987759433715837
22299.185509524810186122
3808.085919089273829741
