39.352827301492673939
27.086225560484493258
20.783263860146753643
16.977830840445090388
14.554509078870655259
12.887611386553313508
11.676544332524146697
10.772769530411125061
10.086568275066831291
9.525557737633938871
9.079374343140969472
8.712448814084547521
8.407958299354763909
8.142483680608394891
7.917728025892100341
7.721921853955229231
7.546143087612674272
7.395804442960258740
7.251768582572883481
7.128565166686199106
7.010913710087287143
6.886109821524189378
6.761292731598585348
6.630116028397928574
6.389453274759036461
6.281550636207487770
6.199378508579370006
6.132557732085317070
6.074630833348247272
6.025029624348904989
5.980406897843397296
5.957833142626352441
5.918202050755702714
5.876728711418916618
5.840518499100344485
5.808364517305753871
5.779143753308490616
5.752410363845549490
5.727349734343401444
5.704260734647657927
5.682357386649350417
5.661774440982885181
5.646240662903846186
5.626354084999238836
5.607850120681781014
5.591104925949550442
5.575191354266923582
5.560723620291072145
5.546421653300745547
5.532762478197791545
5.519799419997839962
