59.055672055317046443
13.291400425796670248
10.173971720169753041
9.351928243445824407
9.003138971312901973
8.799919983554888248
8.737062057630001988
7.951042412741978538
7.845469602884042715
7.782210396503229433
7.735203194879508359
7.583543719683293105
7.514374684060097564
7.444199322847836697
7.426530760113833729
7.419048845182384611
7.412134237351105881
7.404612880894964277
7.396945212978645934
7.372442847172717251
7.364180816603640878
7.360297971170443709
7.356310598854456373
7.351375496332096304
7.345543737416110552
7.315410590625889498
7.295272103125346241
7.286320637084333640
7.267301638601979974
7.217495309134347892
7.190671911263477156
7.188615265573190527
7.186661239319011685
7.184386734463465984
7.181825434539007347
7.180606592637186480
7.170830571085097915
7.168821657198443553
7.167653575765411844
7.166342742079221395
7.164696039367802527
7.162740728540785362
7.155373765804922570
7.134691534487649811
7.122846799469018109
7.106726669038475386
7.087502227086338813
7.066850763075038344
7.036034638312860245
6.891814704369816802
6.872966800530690534
