46.028662915953908907
47.073789386584380168
48.261871741825366655
49.321345418848345332
50.037711252722715471
50.601075530352574106
51.180456789617700508
51.828785357504258968
52.578825034411238448
53.134656363252858569
52.492769313177625179
51.118513242010450881
49.363685885389038788
47.484601131931519546
45.213804986878450620
42.345790438341609274
39.144049953658864638
36.311063021756638136
33.982873952163188846
31.670442848066926445
29.280820798840039743
27.179041928835701469
25.297689476090567950
23.429161224893505278
21.637350912977879602
19.936332195440101600
18.221619032156723961
16.951926543970941452
16.429946171434238522
16.786712543977671430
17.728879826907544270
19.052141355068513917
20.577504723444434376
22.089819340948821491
22.918086215137037698
22.967619005296313617
23.100231487670271235
24.344891288287158204
26.490328882391423804
28.664832781577786136
30.491795836146536658
32.290506468689869735
34.113042843241942137
35.927919815941237403
37.289812453224612909
37.739177423436842673
37.179122824606508857
35.855683013223398348
34.015702089035187328
31.902167497643262095
30.046509541595128212
29.353574188433725567
29.866049357665104935
31.637495907071212287
34.047704781784034367
36.395269471891822377
37.967510110580462879
38.456084013595187798
38.282288513941182373
38.336737877188426182
38.359631083277264452
37.386207247679521970
34.195371851968815236
28.714806472970252571
21.983976642346789276
15.498092229358491068
10.072634370834379069
5.968000280554406345
2.939328026330173316
0.479985232152017716
-1.872120977571114508
-4.270031188637346986
-6.549050338743938937
-8.374300077442626389
-9.365511106953078979
-9.468721751150894761
-9.111838226416864472
-9.025772227668994674
-9.979882981780008322
-12.371731729745533812
-15.634032307156644492
-18.456733852251545613
-20.032863147314344587
-20.644057470162351819
-20.860203919476475676
-21.157800519718648502
-21.730749788244679621
-22.401969651081515167
-22.888473141455392579
-23.136243789491345524
-23.338065122587750011
-23.573476833619224635
-23.852780342178618866
-24.116595174769940968
-24.312473692108198975
-24.394915275584708070
-24.306791104905812517
-24.155350058834926585
-24.125245157921085593
-24.234450526045691277
-24.300114836272257435
-24.156402443635670352
-23.750122480189304497
-23.198380842569918059
-22.811559299346527041
-22.860428501431101722
-23.429069001952427698
-24.308458018863291272
-25.107072428350875271
-25.556472071613313801
-25.682785480822303725
-25.747718464376873726
-26.080704190937808562
-26.826622778120452040
-27.878187565431971962
-29.133058520147699255
-30.516413232951720147
-31.912548121713086857
-33.240944609809048416
-34.494685381356305243
-35.688820743182077422
-36.776279665368747374
-37.601768563447137694
-37.927356053422840887
-37.723086058246224184
-37.222140730249350327
-36.503674314811064505
-35.606279296005993729
-34.621623587742305972
-33.584248354601811570
-32.529187142870739535
-31.544789983036991998
-30.636658288255262050
-29.691614595114685926
-28.640933140817026015
-27.482411551842858444
-26.198182654459799323
-24.758612252304033063
-23.149122664761932811
-21.402276904312373063
-19.597345718711096652
-17.813052989144694038
-16.089359478305937046
-14.407939964732349836
-12.685486157569812349
-10.810780603265072841
-8.760169980139039581
-6.642145975114317480
-4.637257215761337648
