102.824541139087074271
538.460574304511055743
948.239578691987730963
1337.063732844690093771
1543.382487236393444618
1747.132237346316287585
1952.687767835718204879
2158.725948332624739123
2359.268554714843048714
2545.584988891707325820
3889.132018522640919400
5200.065211415921112348
6472.481912351630853664
7701.761387109421775676
8880.850752444921454298
10003.256955989527341444
11064.487483943057668512
12061.410777498962488608
12991.268688486683458905
13849.625264906897427863
14634.004912070106001920
15344.240681005992883001
15979.459228818694100482
16538.975158274060959229
17023.614936803649470676
17431.786393842114193831
17766.289821424696128815
18030.172681374213425443
18229.250450806499429746
18363.148868629781645723
18434.521499674789083656
18448.735200216233351966
18397.937410448546870612
18280.753988076416135300
18096.528836327470344258
17843.183517958179436391
17511.669774676862289198
17121.340621104071033187
16748.598577647095225984
16283.525860142040983192
15773.554698993913916638
15213.520545172803394962
14618.790684377288926044
12969.092227175389780314
11300.995603029128687922
9625.720735531564059784
7963.003949382643440913
6326.139645425486378372
4756.007399039470328717
3304.440594455924383510
2027.709885952556533084
996.094939533262845544
289.592937115365657519
1.629026590359336835
0.011842458845357775
0.033155759049638918
0.006577948715932411
0.060416182199977769
0.145056512217560801
253.498830247730154497
0.303842107984580556
0.095810794792127535
0.136530311157419815
0.015283331724736813
0.055358147091790710
45.618879251771389249
386.659719799402637364
982.430417371541579996
1762.267651916059321593
2627.152598303521699563
3510.744874335648546548
4374.092850494254889782
5185.580016496312964591
5934.010633628153300378
6609.143664413893930032
7191.155691052985275746
7661.000795386778918328
8023.410188061335247767
8273.225550911038226332
8408.074469285133091034
8433.902206397970076068
8366.733208842500971514
8220.608269205320539186
7995.911288664946368954
7695.268903391642197676
7323.075821131194970803
7780.101294876941210532
8187.876726164883621095
8560.238337507587857544
8906.373954300588593469
9229.211674304440748529
9533.289697137393886806
9667.684341138867239351
9785.842814390738567454
9886.029158682420529658
9968.262041525787935825
10034.516099883290735306
10079.535347186701983446
10098.557329428829689277
10090.882818416053851251
10055.775045084747034707
9992.939191294959528022
9902.503051789126402582
9782.840746015748663922
9635.091335036626333022
9460.686068811746736174
9262.862569082024492673
9048.401539218773905304
8827.033117935019618017
8607.980709492967434926
8398.291420430972721078
8203.677728680402651662
8027.966244025606101786
7912.255056434396465193
7822.362452165617469291
7756.461144216464163037
7709.201835794019643799
7673.203628968497469032
7638.137587518521286256
7591.429583688538514252
7517.908540537373482948
7405.997777011633843358
7242.792340418708590732
7020.044858603825559840
6728.870067708715396293
6348.689729190884463605
5872.015419960930557863
5296.606977068452579260
4572.710784333162337134
3726.968895313966186222
2764.075665582708097645
1672.825862535507894790
438.452241809766348979
0.822335456592137581
54.062514458350506175
47.468280232937388519
19.455377456563521577
1.372510391716375899
0.087547933538010311
0.165825165380357881
0.032066757139062194
0.384520918993786764
0.184914750348481843
0.072844795475440330
0.032606048080917098
0.041759395957515572
0.015121551945776406
88.075365991439795721
727.121547874809721179
3922.570754828641838685
3930.321559616992090014
3930.443110166076621681
3942.300371263886972883
3974.481444534540059976
4019.763018872905831813
4065.670547490581611783
4106.924935560584344785
4135.485131720611207129
4150.203597620286927850
4357.399179144774279848
4616.555009837504258030
4919.102305440358577471
5227.876866186498773459
5565.977215996556878963
5949.306580176024908724
6359.004244672023560270
6761.665396156681708817
7133.574411035480807186
7509.982453338173399970
7898.392109862405050080
8270.125104159471447929
8629.853014239777621697
8991.834691880692844279
9346.868546175670417142
9755.571472252344392473
10184.491651666599864257
10604.167637542957891128
10920.756719409502693452
11183.248743454783834750
11360.053007731254183454
11343.551093251771817449
11330.274572459786213585
11360.288140990252941265
11464.912940092586723040
11726.337837736607980332
12424.370650413236944587
13190.034307517547858879
12257.546634439755507628
12321.170944401512315380
12312.497223125425080070
12488.008721487953152973
12644.427962599000238697
12696.875292769005682203
12747.712163785656230175
12841.544145962234324543
12963.336474587882548803
13441.738570299241473549
14116.404443982293742010
14790.284253722624271177
15449.167919066154354368
16044.411272738065235899
16592.444898327386908932
17087.416493995893688407
17390.483875168440135894
17732.122649540924612666
17810.328879412732931087
17193.824582849723810796
17740.399892845496651717
18050.093932065414264798
18017.496702979256951949
18029.683599945921741892
18188.537535726125497604
18517.554440211286419071
18959.535980448741611326
19391.535367791348107858
19755.925859168379247421
20000.194464807089389069
19731.766932565686147427
19625.078084308745019371
19844.961857004029297968
20189.880809811784274643
20593.086867353653360624
20762.402295496434817323
20588.829865991388942348
20313.693480670379358344
20234.141860341591382166
20150.203530875416618073
20156.853096604405436665
20344.146696444859117037
20680.173883554991334677
20952.888834586170560215
20999.675649438082473353
20949.997412310458457796
20877.011469816108728992
20832.521144262656889623
20900.077624380784982350
20987.337696201258950168
21035.460297849112976110
21028.808689274199423380
21040.663752193155232817
21054.678255033071764046
21074.854158164129330544
21099.761232417306018760
21158.169751111610821681
21218.321536734190885909
21188.306456580590747762
21141.058483430057094665
21134.914538760840514442
21137.451461752356408397
21129.756535501808684785
21095.753440435160882771
21024.329122781880869297
20965.661330136899778154
20928.408487080283521209
20947.063332470857858425
21048.586999894403561484
21207.755464168007165426
21351.835525522605166771
21433.870191644662554609
21465.431431489429087378
21485.743668254428484943
21557.715760639093787177
21715.443721605457540136
21897.337962482670263853
22100.820966771203529788
22326.503250627563829767
22549.241019320230407175
22758.081920480224653147
22957.883858129309373908
23196.714815539991832338
23436.407644225895637646
23685.221469401229114737
23860.896947941680991789
23895.907556528065470047
23974.861257199834653875
23993.853453157946205465
23724.046041695612075273
24055.390247855109919328
24223.222631977318087593
24046.594426469346217345
23797.229994635126786307
24046.211136625697690761
23972.052060175803489983
23843.869982172007439658
24003.109285164839093341
23839.330693780935689574
24091.751019910436298233
24187.162183264619670808
24119.185672258496197173
24005.706974714637908619
23895.049177218759723473
23862.203189780975662870
23986.528623703146877233
24164.886616220774158137
24229.838440822091797600
24220.338737823367409874
24146.927230228055123007
24131.435565295309061185
1511.633706567644821916
