46.367583861720383709
47.339189853585693868
48.464443221727805167
49.445316821985301203
50.044914510305787303
50.467212254917342307
50.894200436868572979
51.386173505196616418
51.991366499296262305
52.450898561234566841
51.839119839958179625
50.552587381926592514
48.898801173953401644
47.099173259511125877
44.862320818584855431
41.973704534489826301
38.712081631099032109
35.815387379480100094
33.421809041107394478
31.021692303584075034
28.521919863545718954
26.308407281753844131
24.320157331690126057
22.353714817404622295
20.491921747034950840
18.761907290817262606
17.048141996288563860
15.810557402792483117
15.347508126670263096
15.785982000418442794
16.814431427625294191
18.230473372086919426
19.886445556127767986
21.601098806468030489
22.704643337431988925
23.099147948722318802
23.612681739856199670
25.175001944650958308
27.504898831848308305
29.788516366861273355
31.710979029625164571
33.619018286510680582
35.547752452408076351
37.442855816092560417
38.839931045327233505
39.280719277046756588
38.698268250337889640
37.368093483169275260
35.513878921041509784
33.326122861457889712
31.309405666686927816
30.382488090718481999
30.590187234066689825
32.008560347202319463
34.033343327597862071
35.993281921820852176
37.218369005364451141
37.466252652097807641
37.232331109164960026
37.446674094823066525
37.805535384789180853
37.263428541863532928
34.504690376506715666
29.400278475421089297
22.971899236678467560
16.718851952274150108
11.448241961451344650
7.415281763181383212
4.385774304406709234
1.883425744205368346
-0.526687986133651975
-2.992905721815930065
-5.363071017276865859
-7.311491785858407866
-8.443505134060728778
-8.678792197671356234
-8.434696583005290904
-8.458967805956405073
-9.550556659281454586
-12.123290022880155448
-15.586357517193647482
-18.575755289540438753
-20.250456583670995769
-20.902155650216286631
-21.124151871263848079
-21.414483598430308575
-21.978280217630526749
-22.635071558902041033
-23.093959945202243489
-23.301549987454507118
-23.460359068522052439
-23.654448107534506107
-23.895228687033579718
-24.121959974658295778
-24.283294158646697269
-24.337574570833339749
-24.230010093026464801
-24.072331840400522651
-24.053061478570555209
-24.185132870786731019
-24.270578583054430055
-24.128213186003790724
-23.695412945779196434
-23.090770081881032638
-22.639216908912999315
-22.627826920101313135
-23.150354797398563278
-23.995544408892499177
-24.761810098912746980
-25.174849393998329106
-25.266034214356125176
-25.311383016798629342
-25.657484323293431316
-26.459681475139348095
-27.612064451858088887
-29.014601340462263579
-30.595837733060079699
-32.240502070816717151
-33.867196171274201788
-35.467000815042297290
-37.048661937103531727
-38.549833474722220217
-39.787732252026444257
-40.486717717250371606
-40.584124957767926389
-40.291590244323856496
-39.663104932257795099
-38.715176502075166809
-37.539709692447672751
-36.202166769589496198
-34.775752920003810686
-33.369435409216634980
-31.994529755567896245
-30.538058033578636241
-28.920405738008525987
-27.126738660594980956
-25.153526909548759249
-23.020967129527321049
-20.783651469156495750
-18.545382433664315158
-16.448931435942142798
-14.620829919647235329
-13.124641470246729114
-11.941513070961491394
-10.971675509472220256
-10.069402380450185319
-9.153951666710895552
-8.260073437022924736
-7.491342966451270513
