40627.280940202159399632
40580.036580866471922491
40532.792221530784445349
40485.547862195096968208
40438.303502859409491066
40391.059143523714737967
40343.814784188027260825
40296.570424852339783683
40249.326065516652306542
40202.081706180964829400
40154.837346845277352259
40107.592987509589875117
40060.348628173902397975
40013.104268838214920834
39965.859909502520167734
39918.615550166832690593
39871.371190831145213451
39824.126831495457736310
39776.882472159770259168
39729.638112824082782026
39682.393753488395304885
39635.149394152707827743
39587.905034817020350602
39540.660675481332873460
39493.416316145638120361
39446.171956809950643219
39398.927597474263166077
39351.683238138575688936
39304.438878802888211794
39257.194519467200734653
39209.950160131513257511
39162.705800795825780369
39115.461441460138303228
39068.217082124443550128
39020.972722788756072987
38973.728363453068595845
38508.639537496492266655
38208.639537496492266655
38008.639537496492266655
37989.617106933998002205
37149.942963413166580722
36310.268819892342435196
35470.594676371503737755
34630.920532850679592229
33791.246389329848170746
32951.572245809016749263
32111.898102288185327780
31272.223958767357544275
30432.549815246526122792
29592.875671725694701308
28753.201528204866917804
27913.527384684039134299
27073.853241163207712816
26234.179097642376291333
25394.504954121541231871
24554.830810600720724324
23715.156667079889302840
22875.482523559057881357
22035.808380038226459874
21504.048815619120432530
21511.118844493114011129
21518.188873367107589729
21525.258902241101168329
21532.328931115094746929
21539.398959989088325528
21546.468988863081904128
21553.539017737075482728
21560.609046611069061328
21567.679075485062639927
21574.749104359056218527
21581.819133233049797127
21588.889162107043375727
21595.959190981036954327
21603.029219855030532926
21610.099248729024111526
21617.169277603017690126
21624.239306477011268726
21631.309335351004847325
21638.379364224998425925
21645.449393098992004525
21652.519421972985583125
21659.589450846979161724
21666.659479720972740324
21673.729508594966318924
21680.799537468959897524
21687.869566342953476124
21645.863808591271663317
21577.956181256144191138
21510.048553921016718959
21442.140926585889246780
21374.233299250761774601
21306.325671915630664444
21238.418044580503192265
21170.510417245375720086
21102.602789910248247907
21034.695162575120775728
20966.787535239993303549
20898.879907904862193391
20830.972280569734721212
20763.064653234607249033
20695.157025899479776854
20627.249398564352304675
20559.341771229221194517
20491.434143894093722338
20423.526516558966250159
20355.618889223838777980
20287.711261888707667822
20219.803634553580195643
20151.896007218452723464
20083.988379883325251285
20016.080752548197779106
19948.173125213070306927
19880.265497877939196769
19812.357870542811724590
19744.450243207684252411
19676.542615872556780232
19608.634988537429308053
19540.727361202298197895
19472.819733867170725716
19404.912106532043253537
19337.004479196915781358
19269.096851861788309179
19201.189224526660837000
19133.281597191529726842
19065.373969856402254663
18997.466342521274782484
18929.558715186147310305
18861.651087851016200148
18793.743460515888727969
18725.835833180761255790
18657.928205845633783611
18590.020578510506311432
18522.112951175375201274
18193.061034311245748540
17441.142669354256213410
16689.224304397284868173
15937.305939440315341926
15452.997438353500911035
15437.080334054937338806
15421.163229756370128598
15405.246125457806556369
15389.329021159241165151
15373.411916860675773933
15357.494812562110382714
15341.577708263544991496
15325.660603964979600278
15309.743499666414209059
15293.826395367848817841
15277.909291069283426623
