25808.376698789292277070
25735.803331187878939090
25663.229963586465601111
25590.656595985052263131
25518.083228383638925152
25445.509860782225587172
25372.936493180812249193
25300.363125579398911214
25227.789757977985573234
25155.216390376572235255
25082.643022775158897275
25010.069655173745559296
24937.496287572332221316
24864.922919970918883337
24792.349552369505545357
24719.776184768092207378
24647.202817166678869398
24574.629449565265531419
24502.056081963848555461
24429.482714362435217481
24356.909346761021879502
24284.335979159608541522
24211.762611558195203543
24139.189243956781865563
24066.615876355368527584
23994.042508753955189604
23921.469141152541851625
23848.895773551128513645
23776.322405949715175666
23703.749038348301837686
23631.175670746888499707
23558.602303145475161728
23486.028935544061823748
23413.455567942648485769
23340.882200341235147789
23268.308832739821809810
23195.735465138408471830
23123.162097536995133851
23050.588729935581795871
22978.015362334168457892
22905.441994732755119912
22832.868627131341781933
22760.295259529928443953
22687.721891928515105974
22615.148524327101767994
22542.575156725688430015
22470.001789124275092036
22397.428421522861754056
22324.855053921448416077
22252.281686320035078097
22179.708318718621740118
22107.134951117208402138
22034.561583515795064159
21961.988215914381726179
21889.414848312968388200
21816.841480711555050220
21744.268113110141712241
21671.694745508728374261
21599.121377907315036282
21526.548010305901698302
21491.793908601815928705
21476.999218550681689521
21462.204528499547450338
21447.409838448413211154
21432.615148397278971970
21417.820458346144732786
21403.025768295010493603
21388.231078243876254419
21373.436388192742015235
21358.641698141607776051
21343.847008090473536868
21329.052318039339297684
21314.257627988205058500
21299.462937937070819316
21284.668247885936580133
21269.873557834798702970
21255.078867783664463786
21240.284177732530224603
21225.489487681395985419
21210.694797630261746235
21195.900107579127507051
21181.105417527993267868
21166.310727476859028684
21151.516037425724789500
21136.721347374590550316
21115.756075075423723320
21052.475816638470860198
20989.195558201517997077
20925.915299764565133955
20862.635041327612270834
20799.354782890659407713
20736.074524453706544591
20672.794266016753681470
20609.514007579804456327
20546.233749142851593206
20482.953490705898730084
20419.673232268945866963
20356.392973831993003841
20293.112715395040140720
20229.832456958087277599
20166.552198521134414477
20103.271940084181551356
20039.991681647228688234
19976.711423210275825113
19913.431164773322961992
19850.150906336370098870
19786.870647899417235749
19723.590389462464372627
19660.310131025511509506
19597.029872588558646385
19533.749614151609421242
19470.469355714656558121
19407.189097277703694999
19343.908838840750831878
19280.628580403797968756
19217.348321966845105635
19154.068063529892242514
19090.787805092939379392
19027.507546655986516271
18964.227288219033653149
18900.947029782080790028
18837.666771345127926907
18774.386512908175063785
18711.106254471222200664
18647.825996034272975521
18584.545737597320112400
18521.265479160367249278
18457.985220723414386157
18394.704962286461523036
18331.424703849508659914
18268.144445412555796793
18204.864186975602933671
18141.583928538650070550
18093.384245282333722571
18069.604277553153224289
18045.824309823969088029
18022.044342094784951769
17998.264374365604453487
17974.484406636420317227
17950.704438907236180967
17926.924471178055682685
17903.144503448871546425
17879.364535719691048143
17855.584567990506911883
17831.804600261322775623
17808.024632532142277341
17784.244664802958141081
17760.464697073774004821
17736.684729344593506539
