1951.871364234224074607
1824.797854047448481651
1664.068006981193548199
1481.897834968868210126
1415.937895609520410289
1375.624905234373954954
1388.837164954251193194
1479.483714441883648760
1664.775233887645072173
1952.877264520770950185
2339.682893571459317172
2812.340757168015898060
3352.394958356267579802
3940.842661493612467893
4558.446105377337516984
5189.606055529993682285
5823.559750734281806217
6453.197853402819418989
7072.567539807617322367
7674.999766573549095483
8256.647927597481611883
8816.571686898847474367
9353.452518576328657218
9866.761850677636175533
10358.758211016498535173
10832.202501770871094777
11291.059574904435066856
11728.805894732047818252
12133.078909177997047664
12495.493979939743439900
12813.883262378916697344
13090.137896777705464046
13328.939864128971748869
13539.020547891503156279
13728.345314265488923411
13899.454390539296582574
14046.841719145135357394
14181.997535357466404093
14358.802428366532694781
14497.743018260858661961
14633.275354025663546054
14762.202486344267526874
14895.285356927337488742
14559.361227568693720968
14235.912744106804893818
13927.911058213978321874
13639.886571788460059906
13364.970205350980904768
13109.038012615217667189
12876.784740614331894903
12665.592872059463843470
12472.059069076203741133
12287.544950098890694790
12105.310880010834807763
11924.914043739721819293
11744.949598072380467784
11561.428029326254545595
11369.027552081355679547
11163.785554488267734996
10943.648994561828658334
10708.632315869690501131
10461.080804793820789200
10205.957435230877308641
9950.968868420653961948
9706.111968351666291710
9481.652983618132566335
9276.700833906837942777
9065.403499717089289334
8875.009566733446263243
8708.153274356995098060
8564.929418003159298678
8450.905344643417265615
8364.620895255931827705
8309.689215926171527826
8284.176163337480829796
8275.444073854794623912
8268.773594423462782288
8264.870239436853808002
8256.650032040073710959
8238.371114572604710702
8210.805179047712954343
8184.827613225754248560
8171.165859655044187093
8168.696564104197932465
8179.172555237381857296
8205.088644608928007074
8362.955189154028630583
8543.699830803205259144
8750.895564967848258675
8984.457069070434954483
9238.674376070946891559
9510.275894584150591982
9595.078484660554750008
9686.823294615844133659
9778.732611218520105467
9865.475882552649636636
9944.399903449826524593
10007.396609828441796708
10047.014040798901987728
10059.855954433814986260
10043.789789305432350375
9997.105610675873322180
9918.762459265371944639
9806.797210973627443309
9660.840972712416260038
9481.935137952867080458
9273.279196446866990300
9042.069859521445323480
8798.851206163353708689
8553.738421662010296131
8314.662242507163682603
8088.483381597044171940
7880.634652600901972619
7440.481074824145252933
7033.309469223599080578
6663.305604499043511169
6331.349463095628379961
6036.253889565231474990
5772.898705979143414879
5532.651038614201752353
5303.334285104267110000
5074.840661202773844707
4837.179843258643813897
4589.717865497937964392
4322.150140653902781196
4002.768283516939391120
3616.155220550519970857
3158.331337330103906424
2630.667680490997099696
2052.347435113827486930
1452.424415007069001149
834.174116737406507127
198.908045206869530830
0.000000000000000000
0.098347747868402099
0.001465996292706005
0.019672960913697871
0.000006876125913233
0.000067472912268031
0.112443632911028130
129.423038711284817737
360.570847626040006162
649.196366163611742195
995.928018930713164991
1365.117172439789101190
1714.170655495845267069
2013.316051663183543496
2247.903835816579885432
2416.883981217821656173
5395.672770841145393206
5365.312788000867840310
5325.187765286756985006
5296.874897930551014724
5302.525768537454496254
5322.085010804342346091
5342.371271861056811758
5358.416145341199808172
5362.288458222761619254
5353.731852127956699405
5456.033531530760228634
5601.666843171465188789
5783.605500326374567521
5974.383001859767318820
6199.790633441964018857
6476.746578524211145123
6783.727418013302667532
7075.623769157722563250
7331.118371062405458360
7589.411461670327298634
7856.162584181996862753
8094.083620834733665106
8295.633535423799912678
8447.435172437104483834
8475.952916417525557335
8299.341063977091835113
7807.054335166009877867
7146.127513029642614129
6609.370124917361863481
6399.117947686649131356
6575.546256118579549366
7110.437206451101701532
7916.817107491872775427
8815.378907547994458582
9650.169931608239494381
10403.179376107407733798
11262.314254154343871051
12009.965810623989455053
11395.358712028992158594
11459.998680931141279871
11458.446917442211997695
11584.168888565889574238
11689.542354106131824665
11727.578924783272668719
11775.391833346056955634
11874.998983099631004734
12011.083100533067408833
12420.306339949172979686
12983.534394390988381929
13566.305306076208580635
14172.197838561929529533
14787.005071819168733782
15498.437432197370071663
16329.857962464262527646
17145.018069703266519355
17840.912622864518198185
18397.827430295790691162
18854.431609522474900587
19244.476663827856100397
19583.555043737371306634
19988.512818054445233429
20304.745168235698656645
20473.318165025608323049
20408.113560286656138487
20005.763155540968000423
19189.447066683696903056
18182.553164118889981182
17831.474491941095038783
17636.645576729239110136
17654.140674322814447805
17933.922136607048742007
18315.303168022179306718
18747.210092106110096211
19007.839629296624480048
18993.487258438137359917
18866.130770194318756694
18850.333100875286618248
18810.732377780521346722
18840.019846115908876527
19043.170798130842740647
19413.391861721916939132
19737.178881479070696514
19835.117424905685766134
19841.983845079059392447
19833.667612106703018071
19867.607597696420270950
19985.345799694805464242
20128.365429465069610160
20229.364788034919911297
20269.578888223357353127
20329.385755468891147757
20389.836238651587336790
20453.331582884813542478
20513.672453899751417339
20589.700026631435321178
20660.051119171679602005
20642.134913970930938376
20595.782047841676103417
20578.444021386538224760
20570.209715899876755429
20545.742985448727267794
20493.106695753325766418
20406.661548301133734640
20326.991721781178057427
20285.131953099640668370
20315.647472592023405014
20442.921507970168022439
20634.738361601681390312
20808.266822872570628533
20910.633549709102226188
20954.537875194728258066
20983.575167157123360084
21067.662206557186436839
21232.608593363336694892
21422.205732572081615217
21633.694746145742101362
21871.297812514338147594
22105.283850151565275155
22321.889197596938174684
22524.578326577389816521
22752.401185973838437349
22963.630247976871032733
23108.479378463049215497
22919.772114749695901992
22379.435247347068070667
22006.325814655356225558
21979.709120610557874897
22288.432319312574691139
22897.461332882419810630
23456.644484153435769258
23501.808467748662224039
23351.751473434207582613
23561.495080767857871251
23514.641015192322811345
23404.009766569830389926
23482.171657119142764714
23161.362227214722224744
23287.382116337321349420
23328.932996554158307845
23343.250593031127209542
23596.656806384988158243
24409.004966434389643837
25493.219636095989699243
26149.973532461644936120
26304.446546238705195719
26141.618336679639469367
25839.820456644207297359
25522.576777792615757789
25263.209157364533893997
0.000000000000000000
