56.957910910820856998
15.306922008460967177
14.730213381308482568
9.915022313726389314
9.761237153210480244
9.670258732223455667
9.614124737836345247
9.576258864792567493
9.548907534591180024
9.454243477936014273
9.396891835899296552
9.368395198457216466
9.328659202457753707
9.280495703072027425
9.231002949893005294
9.182263554158284435
9.135450504225980595
9.091013878879678600
9.049007796489082267
9.009690075689015032
8.882443886206807804
8.751171108211268646
8.706557465707994936
8.687241020167682848
8.672958495270430390
8.663740939434234178
8.656860789043051341
8.651223397016019945
8.646435295073747085
8.644072857144912803
8.630799964931249235
8.628687917419036069
