2730.149591322159722040
972.931653158074141174
600.751349900350419375
464.214029799508750784
387.040094210577990452
333.540069768417879459
311.310823682671639290
305.993472857398501219
159.306712579707749455
85.712052805520954735
79.802954357253526041
78.473511868430477989
77.557831321849491246
76.821589068555354629
76.207228936143494025
75.670206233705698651
75.606207581089236669
75.531036135304191248
75.438192856433374800
75.323864130994422794
75.191052446515797669
75.048489065419076383
74.905127424226563448
74.766938771666787034
74.313492561720124741
73.348500371929674202
72.957138359860209675
72.637127114876420819
72.604849872124304966
72.570768835550438780
72.532716969194382273
72.487210761034788220
72.429378270794856576
72.354533198837884811
72.261238685663187198
72.152508050169387843
72.033119048686273800
71.906933918906091208
71.776478073484852871
71.643371114497242047
71.406632379116075526
69.126367803294783698
67.851925685389971932
66.719075010059782471
65.768207051792558104
64.129583831599489940
61.147004578931237972
59.726902976521643041
59.141888489767495685
59.058137941928805503
59.057548154541741781
