77.788285993319320255
15.952331475785975101
11.934595532663340833
10.959597268326941588
10.537563593167909914
10.351881651059347433
9.360765818523621107
9.233005872211453635
9.144824630741798188
9.073160681966264463
9.010529385243755129
8.953870317625248987
8.902374938050826358
8.771091997372252536
8.513791937064480564
8.377200896575052624
8.285984770128653309
8.215036948843756903
8.156713667029249493
8.109383784784345295
8.072236186580667550
8.041493061950522048
8.019988569449008509
8.005033747668099053
7.994070238330407641
7.985131741554539531
7.978606185921595539
7.973044381204286601
7.970234619519571240
7.968035281554757709
7.966323211932394344
7.964951215267324969
7.962952443659903956
7.960973530712644575
