45.859017852953002148
46.879063111323951318
48.047952063776740772
49.071482850325523373
49.719470859655118034
50.186988658770609106
50.647476570451459565
51.155027784874882002
51.749678202933147020
52.163224430279406363
51.478428598172037312
50.126645546102302831
48.436258011010565383
46.633852776935277973
44.429205200173093715
41.608014459646092575
38.448769878045325754
35.688446674935647707
33.463293027673273627
31.260537092041573715
28.982556138538043911
27.009109252073940866
25.271193671301460881
23.555496485299940446
21.933424800206864802
20.419687099297163968
18.886241587446448875
17.781515753655227741
17.394493835257620162
17.845880249432227060
18.821559597216378279
20.120505970080841962
21.600094937119379779
23.087144409296854519
23.922034108649157247
24.018082732036418747
24.214743554155106153
25.452536281871289248
27.459863658359736860
29.431020824334666486
31.057721924409861458
32.691850375784667904
34.372585619191795558
36.049107752184369247
37.260642680184474784
37.553424591702622592
36.866599390644182677
35.483905010115449841
33.639336397844829207
31.534775939103468545
29.684919561575156877
29.013679331018721541
29.561549938602865950
31.386734787999301943
33.851826212390704995
36.239440950952285903
37.827395222356642535
38.325176683128916011
38.193921487111509805
38.349727681813135405
38.496928413529502677
37.618452886855607176
34.443334371320332821
28.896765757565646027
22.054556322746066144
15.459394309741185225
9.943343831443144154
5.766143837634530200
2.681557969252281737
0.192368400642067172
-2.157865335629736592
-4.533980225838718070
-6.793853627058950906
-8.616979237149138271
-9.611519216615477035
-9.699423094092622932
-9.300581516016649175
-9.165935310227780519
-10.098509674158606231
-12.517067915308615511
-15.836134368091535407
-18.696637098096857699
-20.261257945543604819
-20.823651912529157926
-20.977253940739615246
-21.218718728307294441
-21.750751845126558237
-22.389854307521034116
-22.841786185370153817
-23.049685047272362226
-23.212659954579748955
-23.411655674324492793
-23.655516710921460799
-23.881694730919605263
-24.037927037981660305
-24.082632213306681024
-23.962195615644930058
-23.790723149314089824
-23.760279645056868958
-23.888209685849858488
-23.981152798218886346
-23.861728431467611244
-23.469274165258298126
-22.921871004160720986
-22.541544315662179088
-22.610717352659605694
-23.217592747568062350
-24.145174409884020861
-24.986402292659818158
-25.461950137966539387
-25.598580750906648973
-25.667931144605972804
-26.012173238692184896
-26.781926277783554724
-27.866030565493929316
-29.158613173326614287
-30.582031717050654152
-32.015230588298663861
-33.372872963319423434
-34.646150834439765731
-35.850691323830460533
-36.940225618964348087
-37.758058921888391524
-38.062702436006247808
-37.828979903439858390
-37.303234722402578427
-36.565781256270383892
-35.647372231126041697
-34.640796127838882512
-33.599646295502054727
-32.574737863822974759
-31.647358096910124914
-30.803679081579900867
-29.912960653854383963
-28.884729698939906939
-27.697944035420334785
-26.341087843864784190
-24.815595751230262067
-23.140324740568985362
-21.364315394513710089
-19.560915386956708062
-17.786439763716714424
-16.055756444538701544
-14.342347163785461817
-12.581352148738062624
-10.687979986286450185
-8.649953414280503239
-6.571778020219767313
-4.623538566788454318
