45.750641793698491711
46.751549382988422110
47.900105114359277536
48.911423308738555704
49.566827424769435595
50.051703731875704761
50.533226512531697949
51.067538396836113179
51.702567307197050184
52.181144853462839706
51.584829677826881777
50.323017909001201531
48.710828417212745478
46.972490134289380137
44.817897842798807062
42.033082171375255598
38.896688176461800879
36.145673739208191932
33.916179480426450255
31.695328005511740344
29.385516496769668038
27.366812603990169350
25.570971836000339295
23.785993723356497753
22.085166545469533617
20.485576294966179489
18.861930942650957377
17.665650782074507674
17.188855466200351430
17.555465247569458143
18.454626117157289400
19.688592750434736445
21.118005100538255192
22.572870014089019719
23.396584144929775562
23.505167008155439134
23.740263325666987271
25.043844691447162631
27.144783124258069051
29.236626371796290869
31.008902046566390709
32.809639416406838563
34.672241746362431059
36.537906660466973108
37.935377881978268988
38.397660841436874080
37.847841512550672860
36.551053655868145142
34.721114933309905837
32.540171201078152308
30.506937599489873492
29.537659303939307165
29.678660836773104847
31.011923872357385790
32.943506922782574975
34.816275139016056528
35.976847627907687865
36.200141880197492128
35.997387228764353040
36.311064594908344816
36.844469186765508084
36.551528133278935684
34.105864934652345255
29.355862739749653656
23.289400772260677286
17.364712667938164259
12.347654363053209181
8.460237085909852794
5.449949504658405885
2.840418686138036719
0.214002216679318735
-2.547351246746217157
-5.254419595495960493
-7.544072858982929120
-8.989132836430997031
-9.485153800232637877
-9.435225393193036325
-9.582506508235923093
-10.729611553944948810
-13.300154955003705481
-16.716767567358886026
-19.630062698242454644
-21.212655725360662018
-21.767379663124529543
-21.895412833599550595
-22.099365457405383495
-22.586070435754606933
-23.174558255501722215
-23.571924331596392221
-23.721879021708048185
-23.823674755537012970
-23.958160749830653913
-24.133934257810778945
-24.288108173014677504
-24.368074617548472816
-24.332007417688714668
-24.126241999740557276
-23.865085926071969880
-23.741073927304569224
-23.772289545439321046
-23.766424788907784205
-23.547610126779716211
-23.057344504966238219
-22.416568185254845957
-21.950642816102003962
-21.945438050314805878
-22.492422007938273509
-23.377564164733939833
-24.196490074902442302
-24.672386596604042097
-24.834525935119927453
-24.957244679041252766
-25.385741833887323082
-26.273956912907749484
-27.514022180055292210
-29.002623770906780010
-30.662836534898701757
-32.371144420517566687
-34.035462402537518756
-35.635664248766374840
-37.172451810082804968
-38.583113502470837375
-39.695448858971587924
-40.255096062426503067
-40.226675726331279748
-39.847300885471781839
-39.186535823141696255
-38.261020485604490204
-37.146074847145314379
-35.877155146138761665
-34.491353050447742135
-33.065681560517930393
-31.594403963111801659
-29.969639443389780809
-28.141127135702390660
-26.144278285782377225
-24.035011412837832268
-21.885393951711137106
-19.778234521765057252
-17.810310209016392946
-16.081132479082612008
-14.650661429319029594
-13.516390406485925268
-12.615904995669097843
-11.834766162451671789
-11.035529069110225464
-10.158765835123290344
-9.263845103690357519
-8.475402678996545092
