84.357251987905158330
29.554103498475399192
25.025370303633735602
23.938289877727967792
23.483309973366115031
23.192466450164353375
22.969851647201259937
22.787977836518720665
22.636281103217751109
22.625730398762435414
21.833538806646242136
21.642581878695690278
21.603395933542792307
21.579561847226361948
21.564869162717602791
21.554573524944903085
21.546948201911728660
21.541029282918330523
21.536109792509588345
21.531747141001197576
21.515505351739243167
21.499974334444701185
21.428148278167622465
21.425610734189980633
21.424044818773886334
21.422613024785487568
21.416425610982855687
21.415363100975287836
