1145.680310590142426008
1230.609859599385345064
1316.593849253593134563
1409.661733181621684707
1490.517736257612568807
1593.974826011945879145
1724.902860445214628271
1882.573982625493727028
2061.189501530270717922
2251.700215581280644983
3038.343463706562943116
3818.002642371677666233
4585.607101302177397883
5338.055694117949315114
6070.101332837962218036
6776.940143693112077017
7455.436696444680819695
8103.467018348336750933
8719.010973439948429586
9298.170350142447205144
9838.745338990362142795
10340.609032976219168631
10802.857851408354690648
11224.774997900183734600
11607.177235210720027681
11948.590683007543702843
12251.876650405376494746
12520.170462227280950174
12759.541074954009673093
12970.473479727590529365
13156.946366396190569503
13326.287091930464157485
13473.858790372973089688
13601.935372035039108596
13713.698970922068838263
13810.705235278575855773
13886.746491473790229065
13961.834383097850150079
14112.289787148280083784
14234.150519312997857924
14375.269219479347157176
14529.396729963493271498
14708.172017148655868368
14063.520181358231639024
13450.464196671640820568
12871.820073189026516047
12332.005424191404017620
11820.378847057567327283
11344.208841345678592916
10910.133899971666323836
10514.873015695415233495
10152.085729235774124390
9800.866303262144356268
9424.820872038868401432
9046.368470296796658658
8696.033564696934263338
8368.928293042394216172
8054.842841477361616853
7746.576444322591669334
7441.808119669856750988
7143.795313717113458551
6861.508352292193194444
6608.993333609447290655
6402.984027547548066650
6249.245702983088449400
6094.859383892611731426
5943.363910019435024878
5843.829184573835846095
5825.598757585942621517
5864.516557475593799609
5950.532908237757510506
6083.761999501404716284
6256.298572695588518400
6467.931021590725322312
6711.526493235473026289
6967.216147719543187122
7214.381372255498718005
7454.082851375093923707
7677.704599184688049718
7879.092041820371377980
8059.314108845427654160
8228.716111336083486094
8397.212091979992692359
8564.271356120389100397
8732.681453953966411063
8906.435338734601828037
8962.085737239402078558
9033.561377468551654601
9126.468291005074206623
9242.962006472882421804
9379.865886593444884056
9535.841708146104792831
9559.435462045179519919
9594.454779688810958760
9634.879872973109740997
9676.552349274546941160
9717.551157909876565100
9749.308172511391603621
9764.146655242622728110
9758.746924581362691242
9730.143845453061658191
9676.257119691321349819
9595.902181549079614342
9486.647414863604353741
9349.285169300133929937
9185.350162695667677326
8998.571128097268228885
8796.547308611974585801
8590.137113553062590654
8390.006264733932766831
8204.924788171716500074
8042.524302947980686440
7908.636218929189453775
7608.033332879291265272
7348.185570461729184899
7130.568725225390153355
6952.613984522405189637
6808.804774215520410507
6689.599095197419046599
6582.166379918809980154
6470.232358170345833059
6340.444769765821547480
6177.983397978760876867
5972.631192748874127574
5713.263763123029093549
5376.678195836629129190
4952.198730747212721326
4439.946968873575315229
3803.660314733785980934
3077.991769918052796129
2276.046918627142986224
1395.831482523853310340
431.356691264113180750
306.917609093005921750
152.845004940255421388
28.618282336211567696
0.000061588271593372
0.000000000000000000
0.000000000000000000
0.000000000000000001
0.000000000000000015
0.000000000000421168
0.019797049961158157
149.087896445107986665
444.938805469801138770
817.645381273039220105
1191.755300571261386722
1511.774254081456547283
1744.795839931463888206
2960.333204833803392830
2944.308352351401936176
2921.062269293939152703
2909.949165243992865726
2925.292485777636102284
2953.962241285751588293
2983.480963084195991541
3008.579494814972804306
3021.225956531906831515
3020.266273738599011267
3188.175470240496451879
3408.152314848815422010
3671.633697037357705995
3941.515595761081840465
4241.000311699724079517
4586.151070571225318417
4958.325821790936061007
5324.359628416475970880
5660.779216369448477053
6003.145146646841567417
6359.440135081800690386
6701.583766577139613219
7034.840395371165868710
7374.073988725996969151
7710.563188204120706359
8104.828785280164993310
8523.201369701198927942
8935.931681935579035780
9248.960164942469418747
9510.738519656561038573
9689.636543508704562555
9678.392661362540820846
9671.974783250909240451
9707.300607144015884842
9811.857655189847719157
10065.156660286354963318
10746.440913370930502424
11489.377240622336103115
10532.005075533970739343
10568.728771777708971058
10532.740228085725902929
10681.105659962286154041
10811.324513196792395320
10846.506860572677396704
10882.682341333866133937
10965.139482221904472681
11079.373305182425610838
11554.629886020911726519
12232.180131659977632808
12920.387614989773283014
13623.831788930681796046
14370.920296771224457189
15500.412977907959430013
17684.482764232623594580
20098.361413498365436681
21722.474789185373083455
22453.194450797309400514
22359.036355022919451585
21477.547077723895199597
19789.334674473448103527
21476.516132948872837005
22267.217860032604221487
22081.263787431242235471
20831.945558199644437991
18758.852961248838255415
17608.144587511596910190
17645.267581675412657205
17862.062150469148036791
17627.779550878705776995
17571.768643620907823788
17850.923209086129645584
18261.449826493219006807
18735.001811202793760458
18977.285377499832975445
18876.274407618679106236
18669.176613515985081904
18648.433098001187318005
18611.139261196025472600
18650.803036368532048073
18857.731897785888577346
19203.821027973823220236
19487.207728048237186158
19557.815841659357829485
19551.098740736058971379
19539.030372024244570639
19568.800363478309009224
19659.120832751774287317
19775.051312703511939617
19854.964374381714151241
19881.373910601440002210
19926.276582697457342874
19972.375385786119295517
20023.092119422275573015
20076.097582680442428682
20159.463594531913258834
20240.733602898646495305
20227.361905050922359806
20191.688808240993239451
20191.589072075079457136
20194.559839530436875066
20182.322559182041004533
20140.434464357243996346
20060.173823249071574537
19994.000555193604668602
19951.993279391597752692
19968.873757071807631291
20071.043085149154649116
20232.418396136876253877
20379.380912247088417644
20464.160575313617300708
20497.643242749654746149
20518.532439045840874314
20589.427751228096894920
20734.737550883259245893
20902.837527311745361658
21091.581601563812000677
21301.804074433046480408
21508.072875876539910678
21698.470770670450292528
21875.990874845225334866
22085.189765827846713364
22281.117178788750607055
22459.740797516922611976
22525.157987415612296900
22419.476106034329859540
22385.491718136407143902
22415.825991770198015729
22305.609968194581597345
22800.366609843953483505
23081.497320950144057861
22954.054524975541426102
22710.404660894033440854
22943.097060011023131665
22843.343100842368585290
22648.375354228694050107
22743.051515252052922733
22464.537585999045404606
22662.912967653170198901
22713.633353329623787431
22620.342193037871766137
22512.758200467695132829
22453.033830015032435767
22529.355501765723602148
22843.381320289096038323
23299.464049969174084254
23739.246070748205966083
24186.882181436405517161
24628.264877302928653080
25092.123671342313173227
2550.093844782998530718
