59.046209012727864263
15.262606727096166281
11.913734922458413479
11.016409823521485123
10.646282777789901175
10.436026766652855002
10.288241336249544844
10.146707110703243160
9.752203399507298087
9.242096448769066441
9.107405597566785360
9.034537481160004546
9.000307621402322766
8.990124645593866148
8.984137092329650187
8.957715405817129550
8.938840602679038128
8.931467072966640330
8.920954412416776336
8.865357101388140038
8.857772395972665080
8.841194173278891455
8.817690473321619038
8.813743727760488866
8.802981262287126185
8.798592930257008504
8.793433790036353059
8.788060431071832213
8.785681549635487642
8.783730934598850126
8.782506096035080034
8.779683240322032844
8.774569935505878604
8.767988502896518099
8.760196813108979796
8.751699323528423946
8.715460052007450997
8.684201497714685303
8.678243188755185855
8.672270143609207338
8.666622670122501759
8.661423293154184577
8.642360994778030658
8.638746716972498518
8.636158478656909665
8.628021834861693051
8.626304658987907104
8.625117496620802626
8.621502176321195421
