1412.304235447071505405
1354.367876549853463075
1328.522204206046808395
1346.170672729833086123
1265.822533090811248258
1254.762367517313805365
1324.575912353207741035
1481.488616755447310425
1725.787379110991651032
2052.315211968164931022
2648.005509413214895176
3302.354600565325199568
4002.465414231321119587
4736.586471979528141674
5491.339576016479441023
6254.603624766347820696
7016.743903305929961789
7769.899518905695003923
8506.641661633646435803
9218.106777844546741107
9897.615752670164511073
10541.003789776346820872
11143.625519390592671698
11701.322017481512375525
12211.796896123207261553
12670.966138107989536365
13078.952088155096134869
13436.762545393630716717
13748.470122358734442969
14013.544321757739453460
14234.998279190280300099
14419.452117893577451468
14563.061000737814538297
14668.376013970078929560
14738.629131292682359344
14775.887391966725772363
14775.647594478390601580
14757.735485969475121237
14793.477687134150983184
14789.439149548408749979
14791.729559658215293894
14797.540145178099919576
14820.454425566273130244
14239.186893663432783796
13686.552658245289421757
13167.352049067752886913
12687.788924724552998669
12239.979481517408203217
11831.595872128746123053
11468.864411864566136501
11148.330328521871706471
10863.420684283619266353
10595.149139802711943048
10316.481255657954534399
10039.721960578235666617
9785.030492849400616251
9548.363950894547087955
9320.405339967850522953
9094.052823824720690027
8865.836703889515774790
8636.315760114885051735
8410.337687771481796517
8197.043010047984353150
8009.058677422488472075
7856.943115865175059298
7718.052854366148494591
7563.042559162538964301
7430.992016991960554151
7361.894602836382546229
7333.542546311517980939
7341.218754030282980239
7389.100134323586644314
7475.188953000889341638
7601.775309184394245676
7762.971375035052915337
7940.725273270590150787
8116.142484595035057282
8290.098666435398627073
8454.411978245605496340
8603.008771184069701121
8736.813448879502175259
8866.043923717570578447
9000.289050313225743594
9138.057751964277485968
9280.943324559191751177
9431.543271726537568611
9410.534945380470162490
9405.512014930223813280
9421.406203348549752263
9459.854819526166465948
9517.188648491128333262
9591.821360695403200225
9643.828308951555300155
9704.749766185790576856
9768.215186317453117226
9829.578533697853345075
9886.592276495472106035
9930.781584196782205254
9954.500706487311617821
9954.415121692116372287
9927.933289542932470795
9873.209970090189017355
9789.200693079692428000
9673.696022148531483253
9527.109442571920226328
9350.832653090013991459
9148.481706578100784100
8927.675777692023984855
8699.415389013853200595
8474.495406988266040571
8261.765090807031810982
8068.995468098277342506
7902.302075065605095006
7554.391372637100175780
7246.405853553244924115
6981.022068524792302924
6756.987245864311262267
6570.243860906800364319
6412.571324785957585846
6272.229627835370592948
6133.881758916807484638
5984.698195341350583476
5810.560525822474119195
5602.484526238205035042
5350.243047770719385881
5028.715291042507487873
4621.874336161408791668
4126.839134632725290430
3518.259322453478944226
2830.727945009979066526
2077.650736645152846904
1257.743881868562766613
367.391060293104089851
200.246054430450016071
82.133962848332643603
10.145715898266230326
0.000000065146551118
0.000000000000000003
0.000000000000000000
0.000000000000000041
0.000000000000005321
0.180800190283999740
84.148317123754054592
303.722103919653875437
620.508448692850947737
980.231779976987695591
1330.963420355805055806
1634.000685943771259190
1864.968867658097451567
3478.547377825601870427
3451.632335186130603688
3418.274754242466769938
3398.763577682391769486
3403.020093778402952012
3422.667144980866851256
3444.977213259769996512
3464.753648165306913143
3473.886011252202933974
3471.304737350246796268
3610.450124978887743055
3799.134695500641100807
4029.228799374252048437
4267.056526107495301403
4536.677525753435475053
4854.286724787019011274
5199.956355384340895398
5536.005735725414524495
5839.603617072854831349
6147.679018073208681017
6467.848869003942127165
6770.321628711017183377
7060.230001862919380073
7353.108960602155093511
7640.866872846757360094
7980.531948575634487497
8347.416345424837345490
8716.088173824897239683
9004.244632566096697701
9257.423075994118335075
9448.904515496538806474
9477.404968748203828000
9510.482488905319769401
9574.661202102832248784
9696.469294497406735900
9948.339768700765489484
10581.360326475107285660
11262.677084916424064431
10392.874999157640559133
10429.353796115214208839
10399.104030572118062992
10533.288322049902490107
10648.647984457320490037
10682.760596562391583575
10721.343261486690607853
10808.592805799542475143
10929.650846064609140740
11380.562177605072065489
12016.732644334562792210
12667.435553170849743765
13339.576634631475826609
14057.246576615472804406
15099.536814621971643646
16898.415530512258555973
18882.676616378292237641
20299.221598789736162871
21036.209661597244121367
21157.769853904264891753
20715.803936077489197487
19717.485812738705135416
20930.203547210974647896
21533.534840960561268730
21463.574913885131536517
20628.814575944274110952
19046.174334526844177162
17602.350558873218687950
17393.651045328770123888
17574.853715795285097556
17386.053641669517674018
17362.163986134462902555
17642.810332666937028989
18043.378700611665408360
18502.454737163418030832
18751.806239404824736994
18682.468643693955527851
18504.891125752808875404
18487.607024847002321621
18453.129313740373618202
18497.132943520762637490
18714.849810248844732996
19081.036014991357660620
19387.168072332387964707
19473.388727747322263895
19475.687259008900582558
19467.922755459501786390
19501.357849252501182491
19592.980453326756105525
19710.695129652191099012
19790.560803183769166935
19814.458256466212333180
19857.292614200297975913
19901.145950182490196312
19954.338285752968658926
20007.904583560783066787
20086.707952844782994362
20162.492400257153349230
20146.724839690559747396
20107.980705837460845942
20104.542750593354867306
20108.017567009301274084
20096.108860153712157626
20053.472814086486323504
19971.250322790700010955
19897.444489738118136302
19850.318023964853637153
19865.988833791052456945
19971.598680351009534206
20139.544265184511459665
20292.834918790555093437
20381.520294551039114594
20416.810955135475524003
20438.947055152639222797
20513.021184621513384627
20664.182603760280471761
20838.883633454115624772
21034.819532540142972721
21254.076305461967422161
21469.636779973963712109
21668.734502489234728273
21854.114072253647464095
22067.538889598527021008
22264.359520743088069139
22430.815461986585432896
22443.424396824440918863
22221.955074711833731271
22053.627022602602664847
22055.038514812691573752
22100.447949110319314059
22701.568116795722744428
23056.754883584238996264
22982.778607813736016396
22780.495306264401733642
23007.678518062242801534
22927.660185207791073481
22760.725518583982193377
22848.539810484402551083
22547.574980723911721725
22717.672490500724961748
22758.545447695800248766
22680.961416939982882468
22615.158777611180994427
22636.744363848589273402
22852.977939525153487921
23341.832558677964698290
23961.120605282645556144
24486.592856306084286189
24837.742211696644517360
24978.361623776709166123
24966.602069429995026439
1907.550981730640614842
