1365.822462413031644246
1323.901895869908230452
1312.823475656422715474
1343.866183451092638279
1270.897038308563651299
1265.746360579687916470
1339.898445140481044291
1499.457616278191608217
1744.614288258916985797
2070.178207251457479288
2698.788967311167652952
3384.185880885176175070
4113.418620063661364838
4874.667864278608249151
5654.451224952304983162
6440.513827329652485787
7223.075384059118732694
7994.134074570109987690
8746.135004475030655158
9470.109856941402540542
10159.306174661096520140
10809.521791890560052707
11416.105931184061773820
11974.926911565638874890
12483.752956648055260302
12938.597349487634346588
13339.728059961958933854
13688.337468749732579454
13988.709324672729053418
14240.476270709286836791
14446.771828746750543360
14614.282292569041601382
14739.109498811889352510
14823.792899100977592752
14871.612729412318003597
14884.766650706800646731
14858.962726089268471696
14814.342176473170184181
14822.579143100259898347
14790.512773588159689098
14764.664921592175232945
14742.669102967231083312
14738.588883502088719979
13968.163701864332324476
13229.088360318313789321
12527.937208761761212372
11872.933664152995334007
11258.331275297803586000
10693.826857753936565132
10187.353524391948667471
9736.748448393866055994
9336.824152025908915675
8972.399918522425650735
8616.678107345242096926
8249.948110770235871314
7890.905707723556588462
7552.355173718200603616
7225.696031905930794892
6901.437929614380664134
6575.277778681817835604
6248.921459757964839810
5929.994205260190028639
5631.229146789250080474
5365.405886891483532963
5124.596873901396975270
4856.227138274868593726
4571.348810441849309427
4344.254043393741994805
4257.049210570598916092
4295.352434634494784405
4438.352880421180088888
4646.228987778712507861
4877.048475924195372500
5131.702901907939121884
5416.837634617523690395
5722.949362107336128247
6032.859244110167310282
6345.057191966729988053
6648.728248043486019014
6935.845161776611348614
7206.417584971765791124
7470.716219534834635851
7739.049259714392064780
8010.922752634003700223
8288.884812297605094500
8576.304826447403684142
8682.679658978819134063
8807.169495963938970817
8954.595282535416117753
9126.171028557717363583
9317.601265942457757774
9526.623287082580645801
9582.515698743885877775
9646.902994089517960674
9713.462400801809053519
9777.586454851565576973
9837.058981526273782947
9883.431434495620123926
9909.089624291000291123
9910.745624791554291733
9885.876258720460100449
9832.730425588419166161
9750.380521115126612131
9636.746678897387027973
9492.376181483206892153
9318.793837454477397841
9119.748431488265850930
8902.988812497838807758
8679.635923970021394780
8460.588363704515359132
8254.768031399951723870
8069.962422518119637971
7912.218163563978123420
7593.861540844311093679
7315.810150280053676397
7080.168445460112707224
6885.010833226905560878
6725.565980905043943494
6592.911933781326297321
6474.652050385401707899
6354.836958662158394873
6220.023581940686199232
6055.272786195479966409
5850.354035648179888085
5594.031787960871042742
5262.413065899966568395
4843.931868057771680469
4337.586000863665503857
3711.096696441891253926
2996.606320660413985024
2206.896122495250438078
1341.790320999113646394
399.071858189281499563
237.675274173281678713
100.676946894943057487
30.617350081289380626
0.000000085904277564
0.000000000000000003
0.000000000000000001
0.000000000000000007
0.000000000000000179
0.000000000017430577
1.073561605504869343
190.383704813399191380
508.899406011517100978
892.217889556159775566
1270.090333531260739619
1592.124323811952535834
1829.685692206105613877
3465.166316474815175752
3439.300729269048588321
3406.959767825638664362
3388.434627477629419445
3393.467185869757486216
3413.872267473800093285
3436.919712636077747447
3457.400788653687868646
3467.194012415191991749
3465.228117258243401011
3606.393345070078794379
3797.061700204209500953
4029.116009525090248644
4268.900818541630542313
4540.502760848920843273
4860.153839527964009903
5207.977647927964426344
5546.363563737771073647
5852.575015610004811606
6163.672125333970143402
6487.437418633654488076
6794.260800839559124142
7089.454508240897666838
7388.665844061319148750
7683.703439438019813679
8031.248865719173409161
8405.680785073293009191
8780.095287648407975212
9070.205684514576205402
9320.435221107609322644
9503.743137849678532802
9519.565846474097270402
9538.690531062147783814
9590.187724591274673003
9702.292111677927096025
9948.029230450649265549
10578.229601545992409228
11258.618386827154608909
10388.349021410465866211
10425.331810310450237012
10395.789227376566486782
10530.706243412507319590
10646.749099985641805688
10674.885867319879253046
10707.535030721342991455
10788.990927820654178504
10904.477882856543146772
11350.065703209460480139
11980.852155207467149012
12624.426918411021688371
13280.558456512553675566
13941.693321963599373703
14770.452269470437386190
16146.255811487739265431
18215.353643918635498267
20146.137630790854018414
21286.231589561226428486
21581.316388823808665620
21072.805493356525403215
19756.881965657383261714
21177.305029491883033188
21718.750759563936298946
21310.776095871100551449
19922.921638239957246697
18048.755995829447783763
17169.683371166098368121
17215.230608831516292412
17432.557850602628604975
17246.405628378353867447
17222.726830298393906560
17504.434084491207613610
17907.203941538304206915
18369.426273938574013300
18622.566977839360333746
18557.437281855942273978
18384.602251431355398381
18373.348493989051348763
18347.316301577320700744
18403.281021970280562527
18636.497411666510743089
19019.857670424233219819
19341.717197367503104033
19440.059623172484862152
19450.822207605480798520
19448.851408962313144002
19486.568231732780986931
19581.545380449842923554
19702.165388373083260376
19784.782975948433886515
19811.397925618242879864
19856.954839052508759778
19903.544778807354305172
19954.226322246886411449
20005.352081004868523451
20081.854646816045715241
20155.580577085191180231
20138.129991508663806599
20098.249946595264191274
20094.381950645736651495
20098.167880049571976997
20087.130684269242919981
20045.496964722755365074
19963.849430713926267345
19889.770929443562636152
19841.401877808832068695
19855.066089163483411539
19958.263573609965533251
20123.708768371117912466
20274.600883315353712533
20361.057603439661761513
20394.280846902023768052
20414.475709306072531035
20486.709049284974753391
20636.930031252904882422
20810.797428196223336272
21006.011899033666850301
21224.649288143973535625
21439.666498972444969695
21638.279925820250355173
21823.339904324409872061
22037.286053278137842426
22238.272506789504404878
22422.030993009346275358
22487.006276649892242858
22371.056351508832449326
22327.067604406020109309
22362.409083781665685819
22296.258350879954377888
22782.199045989964361070
23062.743971055529982550
22960.998801720434130402
22752.114835323427541880
22978.202955388274858706
22900.270153952296823263
22734.078845631556760054
22822.702469968524383148
22522.280314102514239494
22693.844570272878627293
22734.909334154890530044
22652.895009495830890955
22570.243651162360038143
22548.192496458603272913
22671.840877172500768211
23034.906805747516045813
23536.958702331179665634
24012.584000549646589207
24454.175610431051609339
24828.024644226930831792
25151.391406114424171392
10697.780522078781359596
