59.057548154541741781
14.043901692170681628
9.796230639961583719
9.151394712570809276
8.981220944834554132
8.899097258439452318
8.845992431644221554
8.791642481053351332
8.640132649443790669
8.609525091242311134
8.592344940092443650
8.543838123329315692
8.523661938718644748
8.517077477766624938
8.512319002765465825
8.507324418888003947
8.501420012870280374
8.494788950133328242
8.478597892275930192
8.462942279436198589
8.458953125134417661
8.456466191731852433
8.454067294998338866
8.451194807083020066
8.447430639512983674
8.442758615439045045
8.440032730585681264
8.408308754865016610
8.399816847765016803
8.393902445455543315
8.385293377339989362
8.325812585372878161
8.319950248002141890
8.311899521980215866
8.294521162276570436
8.288371365351867581
8.277474360307312651
8.270218728731869362
8.264037912214574177
8.258751970682776999
8.254675529303247217
8.251137126996635374
8.247282175058844089
8.241794757967838336
8.233734467276141444
8.224040316864831723
8.213245584218135775
8.184442053445014409
8.095104578568577125
8.066540125209190393
8.057648174494538296
