275.003570273557727432
596.073954674437800350
915.594650871180874674
1253.643269566339085941
1289.096148063536702466
1373.582120756098674974
1517.568076259627332547
1726.181869630086112011
1999.148739172000432518
2331.400224817922662623
3467.593660097694282740
4637.026452946754943696
5824.073720507240068400
7014.260640709480867372
8191.487944388214600622
9341.141458747481010505
10451.577192053093313007
11513.553251407096468029
12518.885705945016525220
13458.522648050780844642
14326.205945868226990569
15118.751053690262779128
15832.849488223260777886
16465.926042592880548909
17017.453756294213235378
17485.130790585681097582
17870.965805933548836038
18177.767577243379491847
18411.075807806122611510
18570.883027462110476336
18659.872631574347906280
18683.345532864932465600
18634.587367389369319426
18512.844301252618606668
18317.842881965545529965
18048.289670329053478781
17696.904994101656484418
17282.477661471930332482
16875.728756459888245445
16377.385927682269539218
15832.541505530491122045
15238.728628767221380258
14612.309559086241279147
12921.670284163343239925
11219.266400402222643606
9519.603432024081484997
7845.556294408418580133
6214.052676188401164836
4666.025153173352919111
3250.125863654125168978
2015.792360936727845910
1021.480552978827631705
330.235927935107554276
13.572528982373063045
0.521927119927637628
0.021148807097126916
0.006698382479092177
0.072125535194950130
1.764265361630178219
461.956009065038813333
2.510283948733905479
0.097662757122290916
0.044992093031409996
0.167903237931671889
0.146768988088514185
22.923917007967062887
261.455815902457800348
753.171009096674993089
1439.170455455543560674
2227.865366022811940638
3054.465324041382700671
3877.837819878269783658
4663.447379178875962680
5395.961328572311686003
6062.232465889369450451
6641.508032586127228569
7114.268705595097344485
7482.922413135478564072
7741.440838730494760966
7886.994714369243411056
7925.540893415714890580
7873.602983888238668442
7745.902621596073004184
7543.371937181658722693
7269.333547088574050576
6928.803126238419281435
7434.480952124915347667
7896.211121849160008423
8327.406737380533741089
8736.685099309188444749
9126.216861119524764945
9499.890186103300948162
9639.437390250273892889
9764.436628370416656253
9872.689181385567280813
9963.503535513864335371
10038.235816609238099772
10091.432357476203833357
10118.059889093767196755
10117.102864825597862364
10087.937105090655677486
10030.291655519828054821
9944.271117158254128299
9828.347049546762718819
9683.171281643784823245
9509.929804288838568027
9311.633237511703555356
9094.946535416780534433
8869.580750343138788594
8644.693175355716448394
8427.160387444686421077
8222.501599947478098329
8034.387739222855088883
7916.766920014591050858
7822.945865124250303779
7751.454502282601424668
7697.359033147135960462
7653.874446533272021043
7611.241787707616822445
7557.381290913874181570
7477.616381034802543581
7360.540095573880535085
7193.431895458225881157
6968.294796023775234062
6676.296612193885266606
6296.487069645525480155
5821.345990273624920519
5248.020966683837286837
4530.180861554133116442
3691.330469552567137725
2735.549415076967306959
1653.500054198679436013
433.858533697233895055
0.003723201113610137
42.393552094473562875
36.569038739816036809
14.251783421598883450
1.074185327057928463
0.091718760171062036
0.212641613117545786
0.043956019553637510
0.548979131333125259
0.264722671195666281
0.110559859115532969
0.054529745287774836
0.080833125627604391
0.052605765835544264
116.894593343896318061
775.866585875489022328
4603.482277647753107885
4601.263346742812245793
4591.819136346665800374
4595.856474453662485757
4616.083122894417101634
4651.651525197775299603
4689.829521931458657491
4725.390446522960701259
4750.217623527063551592
4763.284931536602016422
4940.684836060561792692
5167.600071756879515306
5435.878946765815271647
5711.844931768824608298
6019.572218309697746008
6375.294790246772208775
6759.153287763611842820
7133.558550818359435652
7475.781540854813101760
7822.869936236917965289
8182.509735907673530164
8524.810408085826566094
8854.569890383721940452
9186.572866257938585477
9511.238884960588620743
9883.547780262304513599
10275.533340607089485275
10657.827797572243071045
10943.846938018223227118
11178.022573459509658278
11335.047405150500708260
11317.747819627973512979
11303.881401240929335472
11328.180031717924066470
11422.970819328806101112
11663.280807709954387974
12300.160615173019323265
12996.515354287308582570
12147.383015740948394523
12211.443936970412323717
12211.621410301017021993
12377.199085875712626148
12523.425539954461783054
12570.028379030432915897
12618.647231456481677014
12712.780474043154754327
12836.927581937918148469
13286.364734295419111731
13914.415933536734883091
14543.693215692705052788
15159.790296231634783908
15709.857166837120530545
16210.233972860387439141
16654.595240499609644758
16925.390663866175600560
17237.730991870670550270
17321.061044659181789029
16782.101515592410578392
17308.494672962100594305
17620.267542128080094699
17589.402057626244641142
17613.993676389312895481
17792.098745277959096711
18148.000942251361266244
18622.106377523123228457
19085.002792352264805231
19474.593914143260917626
19742.934728629628807539
19534.389033906256372575
19467.170112451152817812
19694.834201878591557033
20036.067565332152298652
20431.000487107943627052
20613.075512383074965328
20475.745598028162930859
20233.072918065092380857
20158.652499415951751871
20079.712714435856469208
20094.904505594269721769
20297.784594426877447404
20655.150782900651392993
20946.581301780854118988
21003.048113931723491987
20958.119119909915752942
20887.574135213060799288
20846.570773337400169112
20920.618644109181332169
21015.065661160617310088
21068.729486343763710465
21065.337233191898121731
21081.038839939526951639
21098.830104056338313967
21120.403620110540941823
21145.048575181172054727
21198.560302534064248903
21253.712339749137754552
21222.992819121824140893
21175.942120694791810820
21171.464063394105323823
21180.974525301313406089
21180.865862919275969034
21153.303329947666497901
21086.247607744153356180
21024.862684543710201979
20985.645323143711721059
21004.443950827808293980
21109.275991582406277303
21273.917251885824953206
21422.762048821976350155
21506.992987221667135600
21538.623070180990907829
21558.405325357591209468
21631.711773842915135901
21794.432237795415858272
21982.093814522191678407
22192.025954271208320279
22426.096867514625046169
22657.511494191923702601
22874.373854367084277328
23081.304356937129341532
23324.153542672338517150
23567.850728796973271528
23820.993297912988055032
23998.093586460086953593
24031.157912112867052201
24112.743353007663245080
24139.055709465428662952
23897.201623355194897158
24200.389918314922397258
24356.062037896459514741
24203.468843726357590640
23991.243368907951662550
24235.930677052601822652
24186.984863420348119689
24089.325376671957201324
24243.772925043642317178
24065.686326833532802993
24293.090706651200889610
24379.800352774134807987
24323.122259682884759968
24231.254555846284347354
24145.604977093978959601
24129.880819656482344726
24252.786009442410431802
24422.291010286793607520
24484.500938792083616136
24475.625302498967357678
24409.776666719062632183
24401.602671382366679609
689.069181781350152960
