43.933924964054540396
35.502887037971142092
31.484302053628006490
29.234157029399653993
27.908163582905189060
27.050710398231533560
26.475489755574841411
26.071832013361646574
25.780565579988852676
25.566317037128303724
25.405574305619389008
25.282875909535427184
25.187788932147917365
25.113062750823274882
25.053573826075759001
25.005564929443941935
24.964181763296153349
24.931716498733401011
24.905946839264597514
24.884323298816905634
24.866318715069521517
24.851352733217105140
24.838683624177061660
24.827917980427084643
24.818732215218396675
24.817173024169932205
24.807192677705938166
24.803433115926502239
24.795269478662490314
24.789861405050519494
24.785595585368678684
24.782053625496999416
24.779035446378614438
24.776431168242247338
24.774161614152134803
24.772190220269965977
24.770449917247166383
24.768927221089914070
24.767580067108930564
24.766384375867708911
24.765328506024392397
