1541.854867401421643081
1465.887083313308494326
1409.444648942025878569
1383.318240821229437643
1320.518358935379183094
1314.775062453746613755
1378.589175678755282206
1519.220203808561336700
1737.963203202970362327
2030.553534778791572535
2541.265738380056973256
3104.176152644895864796
3707.596598197792900464
4341.164261270999304543
4993.114647719597087416
5653.146073943570627307
6313.583834599356123363
6968.585352810119729838
7612.724157958824434900
8239.067878926623961888
8842.734717248154993285
9421.174657602046863758
9971.164755569458066020
10489.752217290344560752
10975.558612630948118749
11425.097691045455576386
11838.456176758030778728
12215.806875870768635650
12559.407711252031731419
12867.025344252801005496
13140.109600816915190080
13384.284003798382400419
13596.897916415102372412
13781.111015984764890163
13940.073564269587222952
14074.794058651241357438
14178.931646923372682068
14269.724847097024394316
14416.068108846897303010
14522.836746661010693060
14633.818988943747172016
14744.037248758415444172
14864.976877711193083087
14462.302169830622005975
14077.373746394745467114
13712.355499764806154417
13371.002826075467964984
13043.414447046234272420
12736.000783731280534994
12454.118353244088211795
12190.748825953935011057
11925.400377257095897221
11665.267238377489775303
11431.264872679088512086
11220.629753242888909881
11027.631266691563723725
10846.932816031374386512
10674.234723150817444548
10506.708323288825340569
10343.244412847889179830
10184.520340410726930713
10033.004054521104990272
9892.832756081044863095
9769.485951644452143228
9669.183808247316846973
9598.052043907806364587
9557.336269338533384143
9505.306040205246972619
9472.011099086237663869
9455.821578179531570640
9450.890504118613534956
9461.644509658810420660
9486.212738160909793805
9530.460327754086392815
9593.803866271002334543
9663.129387438761114026
9723.732070279900653986
9780.074215656624801341
9826.863297566884284606
9860.057540266634532600
9881.439796918319188990
9901.107684092203271575
9928.561490040048738592
9962.673786763014504686
10005.357177072961349040
10059.353452848561573774
9930.490088449789254810
9821.280756978392673773
9736.821391724246495869
9678.927223879210941959
9644.097629958574543707
9630.790647455349244410
9676.770188709528156323
9735.482016888194266357
9800.112291409437602852
9865.524991423304527416
9928.971150811019469984
9981.500240020583078149
10014.985968553701241035
10025.566266109155549202
10010.045350960988798761
9965.883088561031399877
9891.287113046068043332
9783.318869612077833153
9641.688103018426772906
9467.061886175257313880
9262.251387836206049542
9034.006288762102485634
8792.449695472891107784
8547.533007997433742275
8307.362369697822941816
8079.200943044877021748
7869.065915022972149018
7403.791030586488886911
6972.200609770172377466
6579.089389426681918849
6225.995699107022119279
5912.121670323810576519
5632.746221066960970347
5379.690737261771573685
5141.157811611045872269
4908.018797901756443025
4672.043120691944750433
4435.997929297105656588
4187.737001990645694605
3892.039206680580718967
3531.309472728433775046
3098.889584763287984970
2592.578312705742064281
2033.924796935817994381
1457.070677127115231997
855.111837205125425498
212.805154605403032519
4.880187862140765276
0.694205348609618689
0.002303602775193621
0.046197326098283600
0.000001857772197109
0.000001435860815131
0.000093009327248553
0.010909077282709472
0.001481238948461898
0.000003522304830321
0.000002267976492802
0.153690184772577787
263.672710000450081225
489.722123752250354300
665.046021240051231871
788.741733881052709876
3582.879023620916541404
3555.247342736697191867
3520.678665130904846592
3499.423199193472100887
3504.402002967437056213
3524.237554025285135140
3546.232779980456598423
3565.248674974859113718
3573.231301507038551790
3569.144383384371849388
3704.684698588469473179
3889.449010253114465741
4115.315635390055831522
4348.598084856178502378
4613.322342849932283571
4925.606263590846538136
5265.369564799030740687
5594.653087176239750988
5890.132849087957765732
6187.848190506795617694
6493.930039362668139802
6776.291390629092347808
7036.575776258755468007
7285.542994486440875335
7510.131100053025875241
7762.913301252592646051
8022.290116577978551504
8277.955847461571465828
8480.584418734862993006
8702.379889115758487605
8937.079803748090853333
9088.250452873478934634
9274.112755359083166695
9482.636612667187364423
9714.064991375482350122
10033.121064897342876066
10696.884498804374743486
11391.790517564983019838
10532.396876820974284783
10571.223252103280174197
10541.655070180746406550
10676.033234409502256312
10791.547411797582753934
10829.343914784054504707
10871.358000984610043815
10961.605806517953169532
11085.223527399688464357
11538.742988437334133778
12180.936476185028368491
12861.098030085051505012
13701.445057522094430169
15125.874802259631906054
16845.287623172393068671
18218.955754471222462598
19198.838532272493466735
19825.178833016285352642
20146.511691700830851914
20206.109107262127508875
20033.644780377399001736
19641.067795948321872856
20297.233454933517350582
20718.129113195951504167
20876.737642783966293791
20732.591134394275286468
20240.377244118029921083
19363.187577825578046031
18182.992605672930949368
17829.506475656718976097
17616.105069633253151551
17595.873925332783983322
17880.107770580652868375
18282.947911596529593226
18743.580528739032160956
18994.480201415270130383
18927.166380275662959320
18751.345912040927942144
18731.158929559689568123
18682.029675561956537422
18690.499761804712761659
18848.876710435073619010
19145.204497425758745521
19396.006056689639081014
19453.933270174733479507
19448.165683120525500271
19443.022099471862020437
19482.970724033846636303
19576.340562484048859915
19697.876048370009812061
19782.273749003532429924
19810.982940843256074004
19858.795047289069771068
19907.777169594748556847
19969.378244752337195678
20031.408158218229800696
20118.547070303262444213
20202.193675564594741445
20193.298092370354424929
20159.655843437303701648
20158.771831081561686005
20162.230241475816001184
20149.141668363317876356
20107.070252129375148797
20030.223012415208359016
19967.546699010774318594
19935.704199897980288370
19967.769968140590208350
20088.408477534412668319
20268.979425598736270331
20432.550974813653738238
20529.713723694047075696
20572.310109546378953382
20601.115508818165835692
20681.567491233090549940
20836.218271773825108539
21014.060430958241340704
21212.555664325343968812
21433.736137241678079590
21650.888425167333480204
21851.928882512489508372
22040.593173021297843661
22259.108950239926343784
22455.383781266504229279
22551.203879845274059335
22209.989075209799921140
21471.464846361071977299
20949.046300649028125918
20868.291096756536717294
21256.738016749801317928
22118.438858082234219182
22971.996564118857349968
23116.357735617450089194
22942.519975271734438138
23171.092455738726130221
23082.061684590229560854
22916.178526869258348597
23003.448041966141317971
22705.200437436036736472
22872.226863333602523198
22919.248080012119316962
22895.437056815229880158
23052.971882803798507666
23620.254393057857669191
24392.621905057694675634
24921.219618360428285087
25105.671799393956462154
25039.528242433705599979
24833.449154177600576077
24571.685051565131288953
24309.072425361893692752
1848.150384460764598771
