1553.741704248402129451
1497.082959942109027907
1449.410492499840756864
1420.243770798550031031
1416.091233153540770218
1457.332205425419942912
1557.340750384199736800
1724.802695267056151351
1963.312486761381023825
2272.126116799717692629
3282.563634625365921238
4349.164182592301585828
5462.904095945780682086
6615.370088064587434928
7795.832168355178509955
8994.183835845256908215
10202.326298602552924422
11413.646437986570163048
12621.864284644922008738
13819.306801159325914341
15000.608569496609561611
16163.099003237974102376
17303.843450541629863437
17444.017241956815269077
17557.594269399447512114
17639.755444220223580487
17689.546533186443411978
17706.614368491340428591
17693.446769164562283549
17647.709495724204316502
17570.452102070317778271
17466.211347505315643502
17328.943454108935839031
17159.053479433070606319
16957.741669271723367274
16725.219876882187236333
16455.367711792117916048
16166.730794976348988712
15929.661596075166016817
15649.869911240219153115
15373.216753183409309713
15097.118810888616280863
14835.894584106546972180
14000.334349664699402638
13193.659151127936638659
12422.311293348044273444
11694.480984899562827195
11004.460018039071655949
10362.079194846841346589
9775.479686533577478258
9242.729299698905379046
8758.800384199808831909
8308.086482944921954186
7861.882073740614032431
7403.954627811277532601
6956.936072893447089882
6525.651566092396933527
6097.386670413910906063
5660.180054020887837396
5207.003712408170031267
5021.489291264780149504
4827.100213512857408205
4638.438289512111623480
4474.367041215820790967
4343.316766674977770890
4208.340697604630804562
4080.097638799254582409
4007.378834232684766903
4023.376727079830288858
4108.252593223282019608
4252.823720066011446761
4455.548564735025138361
4706.233247339471745363
5001.408978168185058166
5331.559973553536110558
5675.905039098321140045
6013.402592966109295958
6343.440535758167243330
6657.074601940376851417
6948.247699940322490875
7218.625130095958411403
7479.706181248837310704
7742.601192789818924211
8007.350920010024310614
8277.006428953511203872
8555.434093580131957424
8642.110249952109370497
8747.648509042644946021
8877.387859209095040569
9033.045076726131810574
9210.746630670308150002
9408.464020790172071429
9219.605743846075711190
9041.889296220482719946
8868.250573342505958863
8692.636027059605112299
8510.698050480179517763
8311.238131412494112737
8083.384426283639186295
7820.255353977161576040
7515.597560439729932114
7164.000431200975981483
7364.863725802661974740
7514.518570844184068847
7616.278267549396332470
7674.960876163534521766
7697.933128198867052561
7696.651498032910239999
7685.759143118420070095
7679.223837651081339573
7688.370287203713814961
7722.558346072096355783
7788.467544410384107323
7451.004041539997160726
7159.175866661953477887
6915.734303135322079470
6718.949098036871873774
6563.757115392103514750
6440.523437449020093482
6335.839649134345563652
6232.596346246859866369
6116.198433040219242685
5970.755799813078738225
5785.451245641706009337
5548.623237620305189921
5235.176476092832672293
4830.924539574348273163
4333.067792630504300178
3711.293925890180616989
2998.951693379362495762
2209.234940101918255095
1341.619495289717633568
393.812650571927235887
214.658951703494579988
82.301395026104671615
0.020875488747926732
0.000000000000000000
0.000000000000000000
0.000000000000000000
0.000000000000000000
0.000000000000000000
0.000000000000000000
17.480048103123767333
228.143836252211457349
566.214531082622102076
965.742938665796941677
1356.965067064279537590
1690.678015464090549358
1939.293993379035100588
3501.610959920127243095
3475.563721204347984894
3442.168797164946681733
3421.644560240844384680
3429.914792173383830232
3452.654437968207730592
3477.203059579522232525
3498.447549972314845945
3508.396186895121900307
3506.151916512587376928
3663.159125132970984851
3869.614316501085795608
4117.559393804809587891
4373.474302319998969324
4661.551473754227117752
4998.099304190178372664
5363.290479591900293599
5719.539446998785024334
6044.113970456173774437
6374.059503351456442033
6717.115643874059969676
7043.595538430135093222
7358.707851439264231885
7638.505909787128985045
7914.133666212284879293
8242.193413378579862183
8597.215073752828175202
8952.789559326723974664
9225.540966914706586977
9460.816939090260348166
9632.333704107979428954
9639.820434302830108209
9653.064556410583463730
9699.919645731017226353
9807.387427117193510639
10047.575465082787559368
10670.802956383120545070
11343.117346829532834818
10464.326427593805419747
10491.719659217365915538
10452.019938914971135091
10576.354481570186180761
10681.517886351601191564
10706.424548800845514052
10735.624533645586780040
10813.385411643732368248
10924.865191879063786473
11366.019083384655459668
11991.707438413557611057
12629.080591679015924456
13277.306030793963145697
13929.466168546954577323
14760.294151003907245467
16191.274980147472888348
18269.949296569073339924
20054.992924889731511939
21071.484015018471836811
21329.559361439212807454
20881.913955206808168441
19735.633464928912871983
21017.795531739535363158
21541.638670136446307879
21237.464488665180397220
20033.849833841279178159
18205.388872699233616004
17194.410172763233276783
17221.846072767144505633
17446.168241112558462191
17266.498202695413056063
17247.695238019554381026
17533.219147587496991036
17938.946378583055775380
18403.336249598145514028
18657.855919367073511239
18593.212020775532437256
18419.630777979946287815
18405.752510230424377369
18374.656282110838219523
18422.970530106900696410
18646.750747791578760371
19020.704964509550336516
19335.201107974040496629
19429.144483723237499362
19438.049012802250217646
19435.854394650210451800
19474.166484731922537321
19569.265983090517693199
19690.241074434045003727
19773.298246426209516358
19800.399364503460674314
19846.501397543706843862
19893.721216785252181580
19935.577759134623192949
19977.987851787464023801
20045.839845201222487958
20110.871697696722549153
20084.506133734179456951
20035.251009037656331202
20021.274353756783966674
20013.986415823568677297
19990.821454364166129380
19936.124369792269135360
19865.165556297095463378
19801.536971621728298487
19763.610370799324300606
19787.708895150317403022
19901.221662680007284507
20076.777042407262342749
20237.568517155956214992
20333.772509957696456695
20376.668995384898153134
20406.519738223152671708
20488.410203474028094206
20638.272764367411582498
20811.865009967546939151
21007.001562468685733620
21225.854661034289165400
21441.417981881055311533
21640.883489198771712836
21827.017905272197822342
22042.002685896459297510
22243.006954104166652542
22422.324349196394905448
22469.744865546304936288
22313.468882054377900204
22215.990884798819024581
22229.640807994634087663
22205.030182091835740721
22745.550331570419075433
23066.625103513953945367
22983.193257208640716271
22780.183768276197952218
23007.565811567099444801
22929.146769661809230456
22763.360095271986210719
22852.164438473115296802
22553.450662841562007088
22724.963386655919748591
22766.299512328088894719
22685.551827189985488076
22606.512884923584351782
22592.538326590602082433
22731.978910789755900623
23116.355929698303953046
23638.441393061657436192
24123.159842637880501570
24548.781678505933086853
24873.704636814974946901
25116.396369588903326076
1910.077707496916445962
