46.281484555311791951
47.237967853942038232
48.339000091672232884
49.326970839036299310
49.993648407348388218
50.510062836776519646
51.034008052154064217
51.615459022107522458
52.292862761340039413
52.797302968155854330
52.213960185344930665
50.978789961259430186
49.421129395843173882
47.765414668371306561
45.718582104707238045
43.063342613365328759
40.075141496236277305
37.487887368608497241
35.434786710882718808
33.400127652283018165
31.283552829397365258
29.462406932139955984
27.865688842581334939
26.278544082189597475
24.771260710455592857
23.357756764506561353
21.909420392198867944
20.874252091660068231
20.540921191211609198
21.029924082060659885
22.027024503772693720
23.331092714556561418
24.799284866848040565
26.257908731408292624
27.046371382560579377
27.076439842705894989
27.185406035984513551
28.311061964194408347
30.178579631427908225
31.978533513935445853
33.398336898988759458
34.784776646051795979
36.170799163432150181
37.497761126601176329
38.294946095382385920
38.096032107567310732
36.824765838307229160
34.747029839789291827
32.077849370422313768
29.001571048236655770
26.021028217227410551
24.060936284390209039
23.185571810311955687
23.509819529812716610
24.485406766793033739
25.501947370517967784
25.943028888355797790
25.606794994352014783
25.020015422516422632
25.142262402003694888
25.692006608073342022
25.628953418072683235
23.625442137851109692
19.524379536833720294
14.301944620440451672
9.395489865814141694
5.539092768551057588
2.912445675690747748
1.213691007367685870
-0.082846985471377366
-1.437009829562072127
-3.000273620584692935
-4.610161039978635245
-5.924554012983264784
-6.530434841277696023
-6.329258593926027743
-5.721669503784113431
-5.441756198979419423
-6.279259919629254227
-8.643834529361072327
-11.944844225809674754
-14.821041127008982130
-16.434567611103432228
-17.078873793372508771
-17.346505592956589226
-17.731793794632551453
-18.433237650790147200
-19.261393944777353227
-19.915170638040024187
-20.330984938571475595
-20.702061336093152022
-21.104548803073100771
-21.543556730038972091
-21.953724496306506353
-22.280735013277990220
-22.481539697030086700
-22.501477257826763889
-22.453885427142665776
-22.530236417146852546
-22.747395746768063418
-22.911641898427149044
-22.845472267873276451
-22.488550719481679607
-21.959865594215671081
-21.582852785362376835
-21.641627371897357079
-22.226140659232839880
-23.121006634529578605
-23.920428494358816351
-24.345786486764609435
-24.423863044335405448
-24.425641024137007662
-24.692103705211877696
-25.372363477990859337
-26.353723468902671812
-27.529110793558174919
-28.820424888407103481
-30.107291426185724958
-31.306614168768817308
-32.413879937803130815
-33.451574536072598676
-34.383111913822347105
-35.063910640973062982
-35.265658897894184065
-34.975117191666981853
-34.446625970824641172
-33.762431526907505486
-32.948646186235123423
-32.088363159889865983
-31.223217428290809039
-30.392807007076612535
-29.671133568269226544
-29.044675198241577618
-28.392446989558266068
-27.638749698664810239
-26.776175142360784776
-25.807654864605694911
-24.753016590820038800
-23.651259123798638484
-22.569309797653033911
-21.592810646912994343
-20.782160842755615704
-20.145889291839523594
-19.639053514635747888
-19.167834669043998019
-18.616727005364396064
-17.948229712583497530
-17.239205480607608933
-16.617994156860106614
