45.834560352069637190
46.856327330503468431
48.028075390635699193
49.054405460093590818
49.704508543558233669
50.172718578962403058
50.631976262105744979
51.136370630489494715
51.726586120737401586
52.135653791853727057
51.446902906362510066
50.090605506277491088
48.394502895087079253
46.585321066267532331
44.373137449163174040
41.543946454916778066
38.376499965688196880
35.608006881477820116
33.374928770098662767
31.164694697705328963
28.879876318502780919
26.900424454893979487
25.157527008790765422
23.438059683957234824
21.813612339435906051
20.299063335181472212
18.766517582549752774
17.664513292189866434
17.282095940282289348
17.739970152756924904
18.723952832097566557
20.032882312876509445
21.523937759256980939
23.023694409049710430
23.872262542971910193
23.982686591715648206
24.194162152258030574
25.446985921932096630
27.469384821066356039
29.455530986456778919
31.097066803716415961
32.745846713127605199
34.441048708609571349
36.131855963102907481
37.357468933158429536
37.664021824665326221
36.990425255211704325
35.619973587421611683
33.785936886250908628
31.689146985199613482
29.842958955578239966
29.169839093677808251
29.709130089439952371
31.518782659469906093
33.962688446026817246
36.326673664857054291
37.893351120170336799
38.377462316321583558
38.244288561976361507
38.411665089015741614
38.582742820512294202
37.736662937931498618
34.596990396979975912
29.083110829072467141
22.266134045445710399
15.686188760015113530
10.175136178207196735
5.994342248455922118
2.900166466573324442
0.398069643914993776
-1.966371009157910521
-4.356985386183708897
-6.631491431351435040
-8.469626846508504059
-9.479811923821273467
-9.584109474644094462
-9.202398437468076509
-9.085521122014654338
-10.036298565238809033
-12.473156319805468684
-15.810164070298924344
-18.687738506741027322
-20.268069879650852272
-20.844409288304461825
-21.009919076636606405
-21.261126778747893695
-21.800745711965873852
-22.445395006175203889
-22.901033708079182816
-23.111048512780598685
-23.274817222910201053
-23.473545347261165261
-23.716309692468826142
-23.940755886181420919
-24.094777014554381367
-24.136914847359832947
-24.013651181620389252
-23.839165572638023605
-23.805576660330700633
-23.930266467853527956
-24.019900059383360258
-23.897115739648882027
-23.501270348759931039
-22.950476144628737529
-22.566817707664995396
-22.632820241190302113
-23.236838154484985353
-24.162074353003845317
-25.001705435681458312
-25.476668097443109673
-25.614007349831410920
-25.685664489688974754
-26.034152609765840225
-26.810490132757479387
-27.903988171360765591
-29.209308283170912546
-30.649369219510731455
-32.103631397346362064
-33.487109865010211252
-34.791000002953126113
-36.030326675157709815
-37.157314507414639593
-38.012618676178135502
-38.350952152516015303
-38.142606547383820725
-37.629545044394546949
-36.888994921400126259
-35.950848635693091637
-34.909526917060418327
-33.822204979777779954
-32.744157983492016228
-31.760912972975461344
-30.861963331025947355
-29.918792335255488979
-28.842064700200353400
-27.610784441260420863
-26.212855018635082160
-24.649386139574062327
-22.939755369331351176
-21.134828127485320692
-19.311710463858389630
-17.532685105091502464
-15.818733067916753043
-14.143223924009362236
-12.431157345844098927
-10.587500235708603213
-8.600195192081002915
-6.578623315597326382
-4.694246728360724319
