1356.299154123844800779
1312.029028223791783603
1299.251960883763331367
1331.009049263483120740
1237.620090649951407613
1218.678926203694800279
1287.616293945324741799
1451.845771845168883374
1712.045971956712492101
2062.801109704116242938
2711.266385124997668754
3424.315029107393911545
4187.257117304683561088
4986.525725843238433299
5806.960176159912407456
6634.728388691117288545
7458.594867100409828709
8269.242800682666711509
9057.952826947612265940
9814.744056842811914976
10532.009065184338396648
11204.848927925990210497
11828.060388837793652783
12397.093317658280284377
12909.424631501349722384
13360.885174993696637102
13751.673977398793795146
14083.012714891032373998
14359.294754665659638704
14580.299070010460127378
14749.365912840534292627
14873.459061053508776240
14949.009699582346001989
14979.032556270172790391
14967.441371066959618474
14917.238789168672155938
14825.110037359399939305
14712.340559867458068766
14651.841542435719020432
14551.804473813923323178
14460.204763313384319190
14376.162515902195082163
14315.162914604106845218
12648.828546365752117708
11025.182806517253993661
9457.160933228322392097
7960.532135948094037303
6537.638213379635999445
5205.897676816715829773
3979.433938413937994483
2859.311665053980959783
1839.350786068182742383
898.796847266000781929
0.013884956074851670
0.000000000000000000
0.000000000000000000
0.000000000000000000
0.000000000000000000
0.000000000000000000
0.000000000000000000
0.000000000000000000
0.000000000000000000
0.000000000000000000
0.000000000000000000
0.000000000000000000
0.000000000000000000
0.000000000000000000
0.000000000246871730
80.716880780146240681
288.414570234647840152
602.611222909355547017
1009.190072259716998815
1485.232790417599744615
2015.836454409070938709
2582.226527282712595479
3156.809519314048884553
3714.027788085872089141
4250.762127597287872049
4757.267460246829614334
5228.118109945840842556
5666.764559108695721079
6087.253140164611068030
6503.510945110250759171
6918.308063014976141858
7337.174720149731911079
7766.030205062344066391
7983.804031696464335255
8224.120033993767719949
8492.716091378006240120
8791.190411693252826808
9115.166174619747835095
9461.879174963471086812
9530.623000862078697537
9611.604573820777659421
9697.370977386866798042
9782.099506640004619840
9862.371082831843523309
9928.609886775431732531
9972.184809571936057182
9988.952836081021814607
9975.724688230709944037
9930.268185685088610626
9851.348271609891526168
9736.746061409512549290
9587.076035541105738957
9404.191168770918011433
9192.481139782859827392
8960.670488113870305824
8721.157372214522183640
8486.362939543043466983
8266.925584973378136056
8072.451156705897119537
7910.729591080077625520
7592.517027892725309357
7322.786480826942351996
7104.030013481918103935
6933.891688627117218857
6806.355764524666483339
6710.605156614711631846
6631.927563821016519796
6551.878085036069023772
6454.554710898851226375
6322.727796380648214836
6144.129901863660052186
5905.785380921406613197
5582.212289807244815165
5160.461451495312758198
4637.552546496617651428
3978.236448590633699496
3213.829065016227559681
2356.387632403963380057
1405.256706098297627250
359.033748976311983370
0.000000000000000000
0.000000044138296536
0.000000008034399377
0.000000000000000000
0.000000000000000000
0.000000000000000000
0.000000000000000000
0.000000000000000000
0.000000000000000029
0.000000000000001942
0.000000000000000000
0.000000000000042895
0.000000000000358535
0.000000000000000000
0.000000000000000000
0.000000000000000000
3453.911557282778630906
3427.912904079195868690
3395.446025272720817156
3376.869639372866004123
3380.971442044361083390
3400.695323297611139424
3423.397713421632033715
3443.933325574540958769
3454.210950528461580689
3453.159061995981119253
3595.048549387470302463
3786.794110215146702103
4020.219367277863511845
4261.607297812922297453
4534.986906108596485865
4856.538861550829096814
5206.341555119589429523
5546.745512980542116566
5854.983124090967976372
6168.097512174367693660
6493.858269619284328655
6802.633374201544938842
7099.707544669117851299
7400.681648043839231832
7697.270141424543908215
8046.072782286193614709
8421.314867285096624983
8795.963599214497662615
9085.633120357591906213
9335.041770067346078577
9517.562702630046260310
9533.046826948624584475
9552.958402768959786044
9606.468483428850959172
9721.519867110609993688
9970.614625611931842286
10604.045142519504224765
11287.052014032409715583
10418.612083207357500214
10456.694141430574745755
10427.635631571447447641
10562.586689084100726177
10678.391510889880009927
10671.910821793144350522
10670.069254398211342050
10717.422995608851124416
10799.400889890861435561
11212.136998201813185005
11810.259388389038576861
12419.360528075958427507
13032.873193723311487702
13622.525392231365913176
14286.541739462651094072
15282.506503698425149196
17030.138012457406148314
19224.446911603852640837
20775.119175123476452427
21381.917994229701434961
21052.342898485123441787
19762.616620932752994122
21153.820378582830016967
21494.135015218751505017
20716.825394238760054577
18940.904600433685118333
17248.210028527581016533
16846.005951085953711299
17054.006970864433242241
17314.138603489773231559
17142.597384844288171735
17129.316937301038706210
17420.829980952770711156
17833.183491026593401330
18304.356526670973835280
18565.170172528949478874
18505.743238887895131484
18335.993169173059868626
18324.856767149260122096
18296.403471477631683229
18348.637219247535540489
18578.582543320986587787
18960.680964867489819881
19283.837275432302703848
19385.542460227250558091
19400.885703561230911873
19404.009764292841282440
19446.961207878695859108
19545.523947390822286252
19669.742388527760340367
19755.980126294598449022
19786.275689220732601825
19835.635610451699903933
19886.221580970486684237
19935.932400752382818609
19986.438372280143084936
20062.748900153699651128
20136.783522492332849652
20120.208994898737728363
20081.854800709170376649
20080.216868622937909095
20086.887098057486582547
20079.190697392703441437
20040.992022702459507855
19962.413207621117180679
19890.636530485222465359
19843.559849006378499325
19857.491112719031661982
19960.080128892877837643
20124.251267318315512966
20273.397666140954243019
20357.781518195530225057
20388.694418397659319453
20406.396129533830389846
20476.014272926608100533
20623.497766970438533463
20794.852762911050376715
20988.057562508889532182
21205.394690837045345688
21419.862569825614627916
21618.580569044814183144
21804.289961633669008734
22019.509015978790557710
22222.983678165990568232
22412.129197199396003271
22487.735750130450469442
22386.282910502784943674
22353.030371360964636551
22385.312492245353496401
22306.645052492302056635
22794.028434038082195912
23082.767933130849996815
22989.189228417453705333
22784.896465251928020734
23012.080664001092372928
22929.708215822534839390
22772.167712858714367030
22867.434398927838628879
22571.810545258995261975
22746.387824765875848243
22790.507483471566956723
22710.546203358477214351
22626.302587573034543311
22593.950968691977323033
22692.192619864305015653
22997.811975760956556769
23420.783699764018820133
23808.917695250078395475
24185.750478037240100093
24546.002909889844886493
24945.078496486657968489
1935.029370865244118249
