47.353891962936266680
47.584153950443457859
48.213828882148902721
48.961055546426813123
49.485338935417097161
49.923202498796293014
50.419030569811809528
51.016698622756194936
51.762286589808532256
52.407443016396264568
52.035135632876183820
51.023904221225066635
49.665661775919716092
48.175605858818293825
46.260543328906265970
43.705857513474754228
40.790347473798348688
38.251213674881896054
36.224688059602456747
34.197828175805696560
32.072867230563986141
30.229638438917405097
28.599580300359079388
26.970253627229993754
25.414332689977470636
23.948058618561162803
22.445019068511101068
21.355212159143562189
20.969022891007341514
21.408321887614604861
22.359889521145248636
23.623295397624062275
25.056167721700759898
26.485167838931403139
27.250018322436645235
27.262771561968307310
27.360893142685327462
28.482090045035775461
30.351037187126422623
32.157308740112341638
33.586832995538856039
34.984556794091844267
36.381407149492730468
37.716608388442921296
38.516895355782253318
38.311992217829129004
37.018525358852429008
34.890503687195518978
32.127821993415921042
28.904211281281845913
25.727567702358811630
23.546944337504442046
22.459530225041930862
22.604789594951824938
23.442936051464101865
24.361520523999502075
24.738796920028960358
24.366834734115286665
23.765122965254448673
23.884211955408687800
24.434962846977356321
24.374342242330300223
22.373802428295050504
18.274301699885398875
13.049512839052113122
8.134558942110061253
4.262319151760408431
1.613756314547515558
-0.107573718725575418
-1.417739503524160227
-2.765922549079732562
-4.296302605948397968
-5.844317565530218417
-7.070089654628503695
-7.565744705733379760
-7.239865085130674061
-6.501381209418667595
-6.092504273696192740
-6.809291326082785645
-9.064684750329490726
-12.268076156964582424
-15.055742640891708106
-16.586154844831071387
-17.149175607779397978
-17.334765925902729578
-17.636238750582663215
-18.252905752325432331
-18.997742784876322730
-19.572896912365422395
-19.917875559615708880
-20.228123591573478279
-20.580763005188998704
-20.980527311181958794
-21.360480788478866998
-21.663915461532724294
-21.845094831773906208
-21.846861586159491253
-21.780567865605007682
-21.836326361793624073
-22.030264220954165921
-22.168525978513400787
-22.074076912485793400
-21.687584013985542697
-21.129348953973646985
-20.724051442811912693
-20.756595348689529601
-21.317110208443182273
-22.190038189629319731
-22.969728971408699181
-23.378840815377770923
-23.447095319636218846
-23.449942584163864012
-23.733455776012476690
-24.451035053156090271
-25.492053676884665947
-26.748456459100566462
-28.138183946305161953
-29.534814430078483838
-30.848350307261796388
-32.067577687425568911
-33.209108126812509454
-34.231641569390262703
-34.987404149971268907
-35.246950722256315203
-34.998457573601740478
-34.500240660662882419
-33.840361300955237311
-33.051302907656406660
-32.221679030675204558
-31.396388874590911655
-30.614011327991306644
-29.940205699686714524
-29.343938732212336618
-28.681987468357192483
-27.863003841526619908
-26.878446599221888391
-25.742256838456285095
-24.497151648613794350
-23.216420648634141344
-21.994064573539446883
-20.924634209749171987
-20.067012836530977893
-19.427348669897128275
-18.962158422765071464
-18.584987114714067502
-18.193847909964290466
-17.765145912171817599
-17.371253116170294106
-17.094670373852636658
