45.501272034539930189
46.515665745681246790
47.678131796062210412
48.701722512730761139
49.368555018877472662
49.862688768588284915
50.350564574933336814
50.888853238567755000
51.527038704794094315
52.010488644366581923
51.421842602462312755
50.167490854414921841
48.560846575578857198
46.826337267925751462
44.674604980987922431
41.892573081077564723
38.759827824435610921
36.014281963820707233
33.793018946773543121
31.584060815983391990
29.290624234503027878
27.293474687755676200
25.524893726254731519
23.773174832366294140
22.111599046079732034
20.556870179579078695
18.982867825961463382
17.839679022790434715
17.417551164717053780
17.837995476655279958
18.787259734363615848
20.064307933630132652
21.526240127398637014
22.999455437173295991
23.823882714662985904
23.912435526931204777
24.104240834914307356
25.339565660556402804
27.346613047582408740
29.319520060785080773
30.949891140113422239
32.589563766514572762
34.277746690476931235
35.963728699729443861
37.186920948329856174
37.493799941384878593
36.823751896930218663
35.460634046873167335
33.638265438204342672
31.557866670564806100
29.732843110484168392
29.085174246955887156
29.652989334600135862
31.492193489536788320
33.963902590715861152
36.350862297277814150
37.933014719709348128
38.423524520043287112
38.287391214403243112
38.443071501796083567
38.594670953905762190
37.722384996123537348
34.551147854102538304
29.002327468297067981
22.149587636478884178
15.535779724735760965
9.995224343653575261
5.791314562007158884
2.682032174981713979
0.173891450801193059
-2.187510118397341330
-4.567237129185542699
-6.825046787698738626
-8.642709668191258743
-9.630103200589729795
-9.710132129000811574
-9.303216638024963459
-9.160729722012291631
-10.086087595395952121
-12.498316270923339744
-15.812027625959956367
-18.668093365870191747
-20.229063289888983945
-20.788451865571516919
-20.939593262355856496
-21.179108384611822657
-21.709753364314110513
-22.348186435050763521
-22.800454615818352977
-23.010104784377801934
-23.176708079727745826
-23.381596302316552283
-23.633792737633370962
-23.870653146696156455
-24.039572871212612881
-24.098459240771774148
-23.993065940436565597
-23.836730065458027639
-23.820551726434132433
-23.960687504162876849
-24.062469018163369583
-23.947379497494637235
-23.554174309711640944
-23.001124634830830473
-22.611101102643772265
-22.667688469530503426
-23.260256964979191707
-24.172837105802443602
-24.999251057264189058
-25.460971951291980986
-25.585532962797458367
-25.645308706151411116
-25.983100330158492852
-26.749942668862388473
-27.834827212626748860
-29.131819873504696261
-30.563116845769116026
-32.007487184769331634
-33.379412382582188457
-34.669820256941761727
-35.893853794652557099
-37.004381500799070182
-37.843351610062427426
-38.167436723738148885
-37.949355261182461163
-37.433495873511560603
-36.698866793170282108
-35.775927362857203207
-34.758231285451131498
-33.700902747218037803
-32.656571633270004895
-31.708146817795807237
-30.842892169965125504
-29.930535163010972610
-28.880636308758425912
-27.672036193795349845
-26.293124157394345275
-24.745428822915698674
-23.048357716533189432
-21.252412910157943315
-19.433917652516640828
-17.653993583347016738
-15.932472308415356110
-14.242058803642237308
-12.507524857689475084
-10.633954582639773889
-8.610063469518991042
-6.546984298476843378
-4.618783006286093951
