100.527330138435274876
100.910856964746585618
101.406183239844949640
101.704195464184351749
101.564712903734857719
101.204167076785097379
100.818232790215120076
100.479813010251632477
100.261056561834124068
99.960607595895453414
98.793731908966520905
97.048724745651071544
94.957639007387115271
92.673809146647528223
89.859205070777932178
86.282867659012282502
82.252820676568973113
78.572758130752816896
75.385347124030261057
72.142267382879850857
68.745710129901652863
65.611317386670208407
62.677845686821441973
59.733456615706685966
56.875590824254942390
54.132716283978169258
51.346360547425845766
48.957110124386588268
47.238269819228904112
46.299141688002649175
45.793700274512474380
45.530792825294781778
45.435990012779868152
45.413422833078598728
44.824958532390951405
43.598632138534412661
42.533176132654773482
42.408486262397374844
42.841879319443350482
43.142911822568095204
43.121906035514584232
43.184643752475295742
43.342441370305294868
43.505723387746996877
43.183154037237230227
41.930141558804578494
39.751030458839622383
36.999001758788452321
33.887210149092510392
30.546058733329914503
27.462783113574545268
25.599230535730839620
24.998680295024740872
25.741335693934530582
27.184326228599559272
28.623088661792479570
29.376315677366278578
29.253261089597913269
28.850055389493661551
29.170422316086330738
29.861017085550173533
29.778127754020374596
27.494563003694878489
22.843443013483039294
16.873067461881248619
11.127418307781425710
6.402371987256088914
2.912618363147117861
0.387211696375231895
-1.659280650931179935
-3.668336013220596215
-5.817457210666049150
-7.995486548801466142
-9.897153268556138528
-11.098126132795925969
-11.465175435335737575
-11.392927777203198048
-11.658547136614146211
-13.115528385016602897
-16.208882254335122752
-20.306214128595627244
-23.944622608261965979
-26.216845627999191493
-27.424805958744144618
-28.193921371180778124
-29.049770472222462558
-30.206042499733740669
-31.464657089484859398
-32.509478697786647672
-33.278034600687334432
-33.981231063493851252
-34.703466553838865138
-35.452009910202633591
-36.159637913292925759
-36.775662635071000750
-37.267476400951750293
-37.590780193742403981
-37.876199312408800779
-38.334357272980099651
-38.987547682296451512
-39.630553004932806971
-40.073780290186050479
-40.253768481842371330
-40.302903961722307713
-40.577270179804685313
-41.391970913955219658
-42.851458358492550360
-44.729951078963864575
-46.595364988780687554
-48.150211290896720584
-49.423200097121110730
-50.704128900628631982
-52.357070507847538465
-54.539357310614747121
-57.125624236022559899
-59.992547480540622473
-63.043017777807989432
-66.129676693609951599
-69.140738353195331456
-72.046309146557661052
-74.846730246163616584
-77.483594139899054198
-79.788229943998459248
-81.508371196769672906
-82.628004126626308334
-83.421012654074104375
-83.974244130795909768
-84.306978180324421146
-84.514110790682735797
-84.681925804444091455
-84.887350529226296203
-85.196553081435240529
-85.560316208132491056
-85.823163499047552705
-85.872679345301293097
-85.673800832455214049
-85.235718258374959078
-84.619184695036352650
-83.923339844226887863
-83.261943300493442166
-82.728387354034452983
-82.353708006808972186
-82.102540596397830086
-81.902863581119191849
-81.666299707182787415
-81.297768708662175641
-80.773429437823892840
-80.174479186422701105
-79.636775642155924970
