46.962856646182089548
47.931652117059201146
49.047290802579631475
50.066127924204614885
50.782077878554424899
51.369626322811988928
51.986072551086721205
52.675984643770050297
53.461522275301170737
54.036471697795803948
53.403048020629697135
52.049238537767337220
50.339486159927723463
48.530496350881414003
46.352226752565975687
43.596142446406958015
40.522721206846938458
37.831484222682917107
35.655569381084546876
33.503107246505393846
31.278422764666032663
29.343925605380348998
27.629654111951268192
25.925515679347071796
24.292954102030606123
22.743644967552043568
21.170805489295304369
20.031039692015568221
19.625205067666470882
20.082834115588781287
21.109385705512650588
22.499533579965685703
24.073207103412570973
25.613823828064667509
26.448321257710375676
26.479141110136993120
26.564388505974903865
27.728580330309313240
29.755374980592534939
31.767401075273198785
33.381690872923456936
34.910225610218247994
36.396492567707355192
37.798736032158274156
38.659274329856316399
38.503843181917460470
37.218607107816751522
35.031405895104683168
32.171807843674372407
28.870022340155600205
25.654423562912626267
23.443809524679721790
22.320911452755296978
22.412902859812334100
23.204931633928595147
24.116669709201090654
24.547832137898751625
24.273169633541641588
23.762883804191886838
23.929464030464060897
24.509375582461530030
24.505628616879420179
22.637661494293922715
18.748601859797332736
13.773018720685286098
9.093245339786477643
5.421880650195447515
2.941485552640358492
1.359187300149869770
0.146819471236938170
-1.158795977013596712
-2.698434179860839777
-4.288424956378776187
-5.572398165796016656
-6.147918191528674470
-5.939109412019888623
-5.353297072081772967
-5.103516255285455827
-5.945161259810390675
-8.266294176594954024
-11.494284099674871413
-14.316828260835904985
-15.926356109139874206
-16.604202551689525080
-16.919259420353228052
-17.345751220312422447
-18.073792242858701229
-18.921155122750121791
-19.598895606424719062
-20.046917567627986045
-20.452348298802576210
-20.889801680050993582
-21.365508059128558216
-21.816882224766686704
-22.189073831767018419
-22.434866802554608967
-22.495977811760951681
-22.478968327894733648
-22.568220763269891904
-22.781809768948789952
-22.937264147855728424
-22.869265581793627007
-22.525137056415758252
-22.022423033682969162
-21.671891884284605112
-21.744728755601556713
-22.325509427855763533
-23.205735495120279666
-23.994266190191410715
-24.422681576766194667
-24.516617163379180511
-24.536773464446071102
-24.811213708061416128
-25.483314278256443686
-26.444415151927501029
-27.591214381964391578
-28.848633120373165184
-30.101743286257487853
-31.272249709131585860
-32.357452652694405515
-33.379208502595588470
-34.300205480734632602
-34.977577535719376556
-35.187196812378203958
-34.911967620895325126
-34.394155966158166393
-33.715887274106421501
-32.911904106371991929
-32.064594615601890837
-31.196554229026446592
-30.331274870672984889
-29.549322795084435711
-28.856243526267462585
-28.148643281414990724
-27.372369500189904556
-26.537394998905256216
-25.638177584210723126
-24.662189236920198709
-23.614786865485655198
-22.546147217738393920
-21.546881612772608605
-20.698436528508523224
-20.034349282663356462
-19.524021017106065301
-19.070839117278637787
-18.548425494286505000
-17.910503357210586728
-17.228876372348452151
-16.629037322472015603
