45.521404836101069691
46.535440185982153594
47.697147220553411273
48.720233118408998507
49.387131983566327165
49.881792808678653728
50.370544897102035975
50.909903166541319308
51.549001496992147509
52.032624908257155028
51.443285796610986438
50.188388344401019481
48.581948142249601119
46.848452131724158676
44.698461871722479088
41.918794060802902379
38.788923662122542169
36.046649798530069120
33.828939103941337407
31.623694307891355493
29.334011012195020385
27.340531663888995695
25.575412772303934617
23.826821963141497918
22.167916348202027166
20.615282177378958295
19.042693944094963854
17.900153173994425515
17.477848087667993582
17.897261737545122173
18.844645938326110013
20.118998021634808993
21.577473832397231490
23.046541127569113883
23.866199781049516560
23.949427579783218789
24.135402485927883731
25.364425958282865281
27.364717609802696074
29.330412154346362286
30.953090420316357267
32.584541060836727411
34.263895073923464452
35.940336259695925492
37.153159300156033851
37.448752660809162762
36.766514020743301216
35.390511611898574529
33.555086776860292730
31.462381531286354175
29.627131653990488758
28.972920102145735655
29.539408753993626533
31.383407293242754577
33.865664153460954822
36.266850396578178106
37.863266813108111819
38.363766201710490122
38.229765717172199402
38.378153693125483414
38.514079191613120656
37.621124517203355708
34.428976959550567472
28.863754284278002160
22.002551675528195574
15.389556931369241966
9.858334757887718069
5.670046882286044365
2.579817056070481840
0.091453327433868026
-2.251453732973232036
-4.615065815506540048
-6.859458294799736677
-8.666257681000047342
-9.645028036255268944
-9.718341414636967102
-9.306292138679737036
-9.159928838022523223
-10.082365708574371865
-12.492384618488102888
-15.804430953776829938
-18.659282825167849751
-20.219448592559785993
-20.778428082797233856
-20.929545919370184492
-21.169404395577942068
-21.700724518317088041
-22.340108543670226027
-22.793523805701681795
-23.004415016579457642
-23.172237156622543353
-23.378206796322388072
-23.631248875506628337
-23.868648186111443010
-24.037758884894628864
-24.096474194686720693
-23.990557765521600686
-23.833379584235444781
-23.816095148807335136
-23.954936829720395508
-24.055326947664013915
-23.938845125101067879
-23.544336964935439482
-22.990145360653457374
-22.599183660567973675
-22.655043624317954709
-23.247064559586704036
-24.159209995998594422
-24.985203581228006442
-25.446393593602863348
-25.570165533527017487
-25.628723227891214265
-25.964669104484130457
-26.728804313391322012
-27.809847997185954682
-29.101560749696432140
-30.525819746192780713
-31.961098027819730305
-33.321664453363894154
-34.598408805207895966
-35.806733208120874679
-36.900197548353617094
-37.721970681197660724
-38.030453468061011790
-37.800382761368780393
-37.278033528818923514
-36.543656786209396614
-35.627931357255306466
-34.623558505624544068
-33.584044559605501945
-32.560135437692167670
-31.633080893116584775
-30.789039321522693626
-29.897229793693952615
-28.867154613189313750
-27.677956270300455799
-26.318523615960828010
-24.790775733136285908
-23.114191525844660191
-21.338876543172091260
-19.540084756204237237
-17.777027954760569628
-16.066933905688188133
-14.379816457149217968
-12.638033483443678051
-10.744452867736470125
-8.686600146415514700
-6.576717462229510147
-4.592549916586506242
