1425.959564467381824215
1380.242453999489271155
1328.528822502143157180
1303.376097708651741414
1111.414454101475030257
995.270337778299676756
968.270689804601829564
1055.559531483369482885
1297.565235655286187466
1738.320027007448516088
1969.115933650340821259
2397.918463848123337812
2997.091654007633223955
3742.800229143962042144
4610.212257174115620728
5578.302907760377820523
6629.669174449084493972
7746.788557759075956710
8906.916463226456471602
10079.320030311917435029
11236.878831235884717898
12358.493662553364629275
13421.980023107076704036
14407.661931831815309124
15302.753486437322862912
16092.675495494657297968
16773.638164941308787093
17346.667636840254999697
17820.320375237290136283
18192.925177639215689851
18469.121172196446423186
18660.685378371352271643
18754.702753467190632364
18750.764969890737120295
18647.278486049221100984
18439.873890322265651776
18110.395159834028163459
17694.305286380036704941
17338.331605059676803648
16824.307752785935008433
16245.571519821392939775
15591.600649064750541584
14890.509728963057568762
13676.291540628724760609
12447.109711587112542475
11223.958770717563311337
10037.674795694418207859
8894.015420156712934840
7835.801023964193518623
6904.550309939489125099
6124.138055806232841860
5520.432543922822333116
5111.581917981126025552
4921.919426794484024867
4989.890796734268405999
5331.062051186543612857
6003.924589809227654769
7068.704450462054410309
8385.703001103605856770
10038.725966732888991828
8412.321901139919646084
7098.353428950151283061
6120.841784518644999480
5485.218439131154809729
5177.488468846137948276
5169.850883966259971203
5414.907824430728396692
5856.840448554569775297
6465.406821868228689709
7129.468080945480323862
7783.654555208247074916
8400.087692511575369281
8950.537665918282073108
9435.335625144780351548
9849.832658465471467935
10164.630385048165408080
10345.360305043961488991
10398.524983083587358124
10307.884819286759011447
10060.926388872963798349
9664.328728656619205140
9150.271505032760614995
8545.890306571040127892
7843.558526154729406699
7045.431659255709746503
6161.580033734105199983
6691.731134378944261698
7190.958549258380116953
7689.277333820074090909
8204.791571075613319408
8738.664505834214651259
9296.918282759292196715
9259.315821837093608337
9245.176204746767325560
9248.265973870258676470
9263.896182596525250119
9292.175155848226495436
9317.123561283313392778
9323.247526134833606193
9304.899008662256164826
9259.306299424919416197
9184.486737597027968150
9079.793683850310117123
8941.613559193592664087
8769.892376704894559225
8567.531008230263978476
8342.569344369254395133
8113.327076161750483152
7906.841499824253332918
7748.776503359588787134
7658.052815856530287419
7648.507154208173233201
7726.679455607514682924
7337.053768412451063341
7059.751746127195474401
6900.420787742867105408
6852.373998130050495092
6900.900334010076221603
7020.413937615482609544
7177.944090434907593590
7334.848702893340487208
7461.884424414066415920
7529.605421930504235206
7524.159996330199646764
7432.056824409016371646
7209.553083091440385033
6848.446579818046302535
6348.516220367909227207
5613.060883885196744814
4686.328891712865697627
3566.402457083969693485
2219.528150140311481664
602.942112171304302137
6.581625991553505806
347.728005006031764879
478.686301351407109905
508.609151012342238118
424.700953871800436445
333.572111067166588327
254.922911135566067742
190.781429773167104713
145.354538185282052609
117.238805366387197182
102.488302241912620616
108.346071085640815568
162.024473809438291028
321.334864201203572520
685.334338259975879737
1293.692623606326833396
5204.215120433742413297
5173.525761417939975217
5133.793033440294493630
5109.700628121217050648
5097.120542494625624386
5106.103796907583273423
5124.040177712417971634
5147.835817456984841556
5173.203322115396076697
5204.023675323386669334
5318.666386780632819864
5493.359182952362971264
5719.092858565227288636
5967.271574115408839134
6262.354544945008456125
6620.107123476395827311
7018.079204987904631707
7410.220541649498954939
7773.971283811921239248
8147.043013587022869615
8535.164947323526575929
8904.526071281698023085
9258.217758016844527447
9610.236098925262922421
9949.256766616597815300
10318.804834367798321182
10700.577696329104583128
11065.629819926025447785
11341.462371740917660645
11564.209327357659276458
11720.431210135246146820
11733.053343285160735832
11744.686406768283632118
11780.405381647002286627
11874.113338875142289908
12087.350406028239376610
12617.255214641581915203
13187.606205905605747830
12498.246851659892854514
12560.133491395492455922
12570.071202403207280440
12706.654935506436231663
12820.782724379823775962
12832.627046235220404924
12852.119741000864451053
12921.876297197208259604
13027.490341041946521727
13403.208640247643415933
13929.840927649389414000
14468.076031322172639193
15003.966929360607537092
15478.183429073218576377
15907.226465163053944707
16284.974661568712690496
16534.563385365505382651
16856.832113703352661105
17045.440844640717841685
16782.337700851439876715
17431.402756176172260894
17905.789868983316409867
17709.792238578742399113
17585.528142374467279296
17659.899764683515968500
17959.579482382796413731
18419.548868308505916502
18896.975382427837757859
19313.360172357253759401
19616.263131283754773904
19515.708403834683849709
19519.601545361278112978
19756.964303071235917741
20082.442284845878020860
20447.699090162564971251
20634.090622072228143224
20540.316731836475810269
20329.178662681460991735
20228.863184789704973809
20116.688715129148476990
20096.394879252504324540
20266.495303887222689809
20591.961495417759579141
20840.338480269503634190
20833.447153376328060403
20710.866688890509976773
20552.716488948146434268
20420.615298390737734735
20542.694296325018513016
20685.433369257003505481
20785.981151840132952202
20828.337781595186243067
20893.570303561431501294
20963.890512404363107635
20983.545256345238158247
21006.155633383448730456
21051.553770190374052618
21100.282026499378844164
21072.905316101576318033
21031.319598233269061893
21033.960328439341537887
21058.683932888026902219
21073.222092279527714709
21056.396775290213554399
20994.408521416713483632
20922.923823137825820595
20872.383858191344188526
20881.145527178839984117
20979.658560006449988578
21141.447926157117763069
21288.161342379364214139
21369.886784807575168088
21400.975134873206116026
21425.973458529941126471
21515.026064056713948958
21644.085117570124566555
21808.983197434972680639
22007.621869271140894853
22243.757000835288636154
22486.586603000811010133
22720.501792458548152354
22947.046249046219600132
23204.938938841434719507
23462.611001390203455230
23727.195812219015351729
23906.962989502557320520
23932.650908908952260390
24007.424131178839161294
24027.634468102987739258
23809.736195502417103853
24018.976052627098397352
24097.503279100703366566
23920.621242814879224170
23691.327209907158248825
23822.494906321153393947
23794.767820888602727791
23830.462812149180535926
24033.954894237431290094
23874.452116553111409303
24089.920959108516399283
24192.258783325025433442
24188.194179466303467052
24168.261043090984458104
24161.482642265204049181
24210.801672380086529301
24364.643987366493092850
24552.008485353839205345
24647.681340818387980107
24691.817493800164811546
24706.053379102329927264
24768.005030922980949981
0.021608791386589537
