1276.716193648264606963
1293.822678730404732050
1327.608677725101188116
1384.849962883977468664
1396.862119408084708994
1448.918461346127514844
1548.310016393920477640
1698.584129846383575568
1899.441100267592446471
2146.992198760541214142
2819.835678480766546272
3521.850943326113338117
4244.117131044342386303
4978.900880595760099823
5716.610275110820111877
6448.609717206150889979
7168.448159473207851988
7871.150762037418644468
8551.880912746155445348
9204.089500136533388286
9823.155031374761165353
10406.724476858587877359
10951.732348826859379187
11455.389173814857713296
11916.581618038870146847
12332.241473541946106707
12703.362792782745600562
13031.677679893909953535
13321.835309326490460080
13573.649839175544911996
13790.236304518555698451
13978.058278584894651431
14132.779628729325850145
14256.328104483998686192
14351.202450243599741952
14418.645954162728230585
14453.216300898051486001
14473.704654675968413358
14550.318636074975074735
14588.354876158386105089
14632.589443789776851190
14678.783077629077524762
14739.121426448911734042
14028.677595210414438043
13341.218181015492518782
12680.320594895551039372
12051.382075854402501136
11446.263958473613456590
10873.080710714648375870
10339.234215772281459067
9843.265077182628374430
9382.205747068477649009
8945.610001427923634765
8516.355372504867773387
8077.565755567087762756
7630.179746750265621813
7202.736862446559825912
6804.638892105511331465
6432.991374071320933581
6088.311512819372183003
5775.085122425771260168
5497.361730031961087661
5263.541448864165431587
5073.616056955995190947
4897.903914579509546456
4714.715021159660864214
4554.789984397920306947
4447.721248094913789828
4420.017607168800168438
4450.838114267937271507
4532.407224455570940336
4666.236360920301194710
4846.161390701525306213
5072.953913820220805064
5340.948141341664268111
5632.438641262574492430
5928.443807802264927886
6229.281857903948548483
6525.880278383811855747
6811.063413848468371725
7084.497176640982615936
7354.995487287021205702
7630.508334707996255020
7907.572800553180059069
8185.605448767412781308
8465.035240279947174713
8621.834178924165826174
8784.797009773641548236
8957.613741629602372996
9141.269439297766439267
9332.090995478723925771
9529.259039519844009192
9569.407921778620220721
9610.883873227157891961
9649.445895605780606274
9682.749633704030202352
9710.847795584477353259
9727.447347657034697477
9726.906910055437037954
9707.625148433222420863
9668.416261908618253074
9608.507045160826237407
9527.581472374838995165
9423.780057640442464617
9297.389031453509232961
9149.088462228181015234
8981.132332549246712006
8799.130060084220531280
8611.522593116764255683
8426.115338155203062342
8248.425788884162102477
8082.694366509944302379
7931.592406074174505193
7643.400642909926318680
7377.993130876216127945
7136.308705035243292514
6916.693772917785281606
6716.136328939491249912
6528.721059276098458213
6345.935905221271241317
6156.161557869779244356
5950.267288625752371445
5717.134965747411115444
5449.673127596448466647
5140.048186724898187094
4769.871888035614574619
4334.921425704688772385
3838.560922284524167480
3245.757510797702252603
2586.757547805557351239
1873.556950802549408763
1105.603467401122316005
277.815926772435375369
0.000000000000000000
0.000000000000000000
0.000000000000000000
0.000000000000000000
0.000000000000000000
0.000000000000000000
0.000000000000000000
0.000000000000000000
0.000000000000000000
0.000000000000000000
0.000000000000000000
214.104577245077649650
490.749839645253189246
771.775790798458501740
1012.125899837691804350
1182.891303648603070542
3480.734779411767249258
3458.965529657109982509
3430.244782196094547544
3414.697523297226780414
3425.222035816575953504
3450.140616099618910084
3476.550904208196698164
3499.118779025408912275
3509.681270601319738489
3507.213218341611991491
3652.925881180245596624
3847.128188996470726124
4081.891290519270114601
4323.770685531539129443
4597.069809024817004683
4918.245471672751591541
5267.661287758297476103
5607.964878970673453296
5916.693322741994961689
6231.185609319380091620
6559.504091577485269227
6872.279734116326835647
7174.947408466663546278
7483.048523407283028064
7787.890758497173010255
8145.164922166526594083
8527.587787273960202583
8906.061561047274153680
9193.831437481658213073
9433.865045643789926544
9598.884353937379273702
9589.544378833172231680
9580.469978994269695249
9604.399883295804102090
9692.576908603459742153
9919.820944837116257986
10537.582770374026949867
11210.318235514865591540
10335.116004979019635357
10370.694586148871167097
10341.708117566193323000
10478.479073938537112554
10597.147282241063294350
10628.425977476423213375
10664.504176816417384543
10749.613080350780364824
10869.083660742409847444
11319.275690341393783456
11956.056298167732165894
12608.499622660721797729
13278.257070070963891339
13955.690120482826387160
14770.059412830019937246
15971.172730007247082540
17764.029038628050329862
19890.841078366891451878
21424.082498653602669947
21956.334579232567193685
21439.182153628837113502
19799.847507421382033499
21399.995485997606010642
21797.731402460573008284
20978.378854498820146546
19222.035604987744591199
17619.533379243188392138
17081.197855712413002038
17163.597485572474397486
17365.169649807194218738
17167.184069937320600729
17136.535437625720078358
17413.548663120771379909
17812.585683430410426809
18271.679979756227112375
18522.649300873552419944
18457.261555406767001841
18287.741981852850585710
18285.657554411140154116
18276.442102155648171902
18357.476010030924953753
18622.131624830912187463
19038.575882177938183304
19389.227435802324180258
19508.164391917271132115
19530.945827374489454087
19534.102960317221004516
19572.338540439210191835
19670.108391744848631788
19791.402401143997849431
19873.463353504463157151
19898.736609455540019553
19942.351344449009047821
19986.459765670388151193
20034.341609320727002341
20082.123070363650185755
20154.755894696641917108
20224.158090607779740822
20202.057320825202623382
20157.338810537112294696
20148.590611311050452059
20147.582738428682205267
20131.881476726564869750
20085.659276334357855376
19999.413357759152859217
19920.717762320626206929
19867.885933021432720125
19877.545484299484087387
19977.501396133200614713
20140.655364420617843280
20290.228703494900400983
20376.222341337022953667
20409.656121937430725666
20430.546185034254449420
20503.765698711376899155
20656.592400444198574405
20832.761200111610378372
21029.572185426663054386
21248.818917737447918626
21463.452128663157054689
21661.024801264436973725
21845.186444796680007130
22060.205724492607259890
22268.862117626194958575
22477.846673749561887234
22604.197258767748280661
22593.543735373586969217
22658.713283388173294952
22712.848234456880163634
22533.383613281843281584
22886.514377745726960711
23069.576112327988084871
22920.399671124268934363
22695.092077290039014770
22918.441060238637874136
22832.987710645073093474
22670.476765707397134975
22761.966538184049568372
22458.142585321507795015
22628.223356308946677018
22666.253620375511673046
22577.581729335695854388
22481.067038480665360112
22433.089912257972173393
22515.103314189153024927
22809.819483750401559519
23254.660759820162638789
23702.295263318290380994
24181.919535918335895985
24687.365643253855523653
25244.082908207008586032
1898.372150746292390977
