827.312171762331900027
1081.995923182774959059
1263.923758856087943059
1396.035006753942525393
1451.968477168648860243
1513.412362144866619929
1602.787842421188997832
1732.729025189760022840
1908.643174439748236182
2132.600535064211726421
2751.112189244769979268
3419.016163019337454898
4140.791782000818784581
4921.808642202826376888
5758.566596166871022433
6644.987568083393853158
7575.128521288545925927
8541.490601344630704261
9532.296680046083565685
10527.624038834956081701
11509.989254513804553426
12466.255304770980728790
13380.691937520619831048
14238.212030549459086615
15028.467688830405677436
15736.479024844240484526
16358.598304638846457237
16893.642562160483066691
17348.464606709232612047
17717.021488976533873938
18001.641239289121585898
18212.829303725531644886
18331.300716638939775294
18353.528892559155792696
18276.815832756616146071
18094.773483247863623546
17783.567254301491630031
17384.986815122480038553
17076.977037983735499438
16595.717562091205763863
16051.062705806556550669
15425.272327800246785046
14747.153687433034065180
13264.683271329062336008
11748.418404704310887610
10208.490358319391816622
8666.306028354010777548
7114.869422725538242958
5598.070991624134876474
4166.307034122987715818
2857.004780712201409187
1718.975861433467343886
806.571919169145985506
196.168263665372336391
0.251821362372634971
0.001130679141579831
0.000054222273457883
1.879261186794460636
316.852507704970037139
1533.451745130894551039
324.823530599895207160
0.028005673511674958
0.000889542937633120
0.004112343093651323
1.839162948102113893
156.635876648976505976
715.817786536913672535
1552.138234868583140269
2589.927194374200098537
3672.018387751536920405
4709.618419959962920984
5668.037992914131791622
6516.876559909730531217
7262.340780368861487659
7903.182713802742910048
8408.076205990899325116
8741.543500727315404220
8919.017376062045514118
8928.185853142891573953
8759.780818103896308457
8422.139494109233055497
7947.218666870856395690
7361.965900921772117727
6660.413120854354019684
5846.393451955891578109
4932.612702864244056400
5651.923643240411365696
6338.009286430018619285
7025.586056549350360001
7734.683573669874022016
8466.642180378486955306
9225.452418520868377527
9247.161953084034394124
9290.380806493256386602
9346.958912930502265226
9412.054568094226851827
9485.951566948018808034
9551.689916171497316100
9593.746355431314441375
9607.086008924474299420
9587.831345674594558659
9533.413069719197665108
9442.737916516893164953
9310.939248623748426326
9139.118927915951644536
8929.863777885677336599
8690.557658024687043508
8438.254359018143077265
8198.459341641620994778
7996.097171195277951483
7850.874701617414757493
7778.972780999947644887
7790.744775956589364796
7461.868762137580233684
7240.837039517733501270
7128.825151754953367345
7115.719418112214043504
7184.352159555889556941
7308.703082136667035229
7457.239025785128433199
7593.583930134557704150
7692.370813371343501785
7727.501178715260721219
7687.384364027795527363
7560.741558016963608679
7307.085701113545837870
6919.399719776319216180
6401.168772709826043865
5640.545695288870774675
4697.075002651818977029
3572.997445315745153493
2227.999242521896121616
604.247353845625980284
0.000000000000000000
57.266623535217483720
18.451992140802428111
5.703192116701305103
0.053267926370622116
0.063447279882802535
0.015276069190520727
0.105836409575026866
0.061659527013410702
0.047959372255777774
0.012655692437037503
0.002518854602496866
0.003706306642754530
0.018778827542126363
106.331674271441016799
700.137064650950264877
4256.102999297440874216
4271.072661001756387122
4271.153652982698986307
4278.664644669630433782
4306.441956057527022494
4348.212066238100305782
4393.240257232230760565
4437.444410283792421978
4473.295067241399920022
4500.176448764698761806
4701.145709293467916723
4955.489210895558244374
5256.167799441982424469
5570.709966474002612813
5923.419647559012446436
6330.440884503818779194
6771.782187647506361827
7209.494136848695234221
7619.971891505882013007
8038.464856790064004599
8471.070321588395017898
8886.726271502820964088
9288.745798754549468867
9690.467267457479465520
10081.342802300043331343
10514.867733127357496414
10962.776570285052002873
11395.643923921566965873
11727.674762538643335574
12002.714528783695641323
12195.761227794533624547
12210.816960117090275162
12223.633701912889591767
12268.596105671413170057
12377.736483733775457949
12625.344288134690941661
13259.804994550571791478
13948.295756417875963962
13104.654136050470697228
13159.162293808110916871
13146.175054970293786027
13292.676730456707446137
13416.508520050732840900
13397.976129785934972460
13378.935261354514295817
13403.141811123567094910
13456.316494087497630971
13831.647037331502360757
14385.567189955536377965
14944.225285056878419709
15495.055824294940975960
15987.959939444053816260
16442.323280141536088195
16856.927317435518489219
17129.159645844709302764
17461.730504480823583435
17563.653331710069323890
17042.148661112565605436
17616.071369213095749728
18051.904568650857981993
17877.130356143628887367
17832.216718299445346929
17973.305110181325289886
18289.888151788807590492
18722.876873910208814777
19158.791303417332528625
19555.223716335131030064
19849.469803719246556284
19681.092969467350485502
19654.548935444905509939
19916.637119517894461751
20284.684299161403032485
20697.462780482750531519
20890.531287715341022704
20758.254397517615871038
20512.068901404578355141
20422.266645801315462450
20318.021016165312175872
20296.781964852521923603
20451.054973853071714984
20748.284989714029507013
20971.060529660247993888
20952.741585922143713105
20825.740975826665817294
20665.688678460257506231
20528.493562634899717523
20669.856559525629563723
20830.573144951606082032
20952.457322348313027760
21020.794846711691207020
21111.432798145237029530
21207.467669090608978877
21236.861205421064369148
21271.754726311261038063
21337.062798947947158013
21405.095388056539377430
21388.472378750357165700
21355.061081047031620983
21362.252929298047092743
21381.049174866362591274
21387.512092631175619317
21363.568080346452916274
21297.039274614420719445
21232.482124848538660444
21186.347106398818141315
21194.509390145874931477
21285.438671419127786066
21434.317670749795070151
21567.795807974765921244
21639.227979242652509129
21662.255969111694867024
21678.933558155727951089
21755.398110203052056022
21879.490683388408797327
22037.143549704484030372
22226.002835249186318833
22447.264588075468054740
22672.918614715599687770
22889.096133566170465201
23098.009391783423779998
23342.691847388294263510
23586.484880763484397903
23836.326856547606439563
24006.581885010149562731
24029.091655402011383558
24093.070973605965264142
24094.804262603003735421
23822.443797879815974738
24077.759779515359696234
24174.753671334572572960
23952.841571267275867285
23655.946005003450409276
23793.576927904457988916
23718.595551402562705334
23668.531345889907242963
23863.004110990510525880
23715.109952345170313492
23989.488476694423297886
24122.646355475328164175
24111.503375850665179314
24063.698570904409280047
24020.004395341689814813
24043.797459189550863812
24203.281729599253594643
24406.354131291653175140
24499.220159462311130483
24517.417255721469700802
24483.412433607070852304
24533.143704772839555517
1075.862619577723307884
