46.159404547793307927
47.230013322695675981
48.444667343135279225
49.504152784207349214
50.170708447426086707
50.648865832407771848
51.120893075396843130
51.646594146643934664
52.272605408840753682
52.736681539815620567
52.110515568444711221
50.793803904648157754
49.097750862882207912
47.246729429343446327
44.952609546854034761
42.004611548034965551
38.685573291932719542
35.737477999558933561
33.302129108119601142
30.872663481247883510
28.357582125861483746
26.142972098419065219
24.166397488603763577
22.221353065832090579
20.386220967243644964
18.682674402318113493
16.989326009521434457
15.760561283224731710
15.290265352791990949
15.702767886831367150
16.686280323267467907
18.040969087705164497
19.624562246452526892
21.263703779309253150
22.298248866685483449
22.640546126297692808
23.128232641462545871
24.698556630509685306
27.074577106691094741
29.442753061848037532
31.484341058964318449
33.538272749979938681
35.628583509987976186
37.687541391154127268
39.236223776174199429
39.802119470887930675
39.305801926357304410
38.013587559460773946
36.144544277247945274
33.890026174591497465
31.761176576355211409
30.688442194731408108
30.732028075872193540
31.985008327027060204
33.859422859676669759
35.697509067206937061
36.838588586650047318
37.045203327575137564
36.813991980615128341
37.073964905090804223
37.519104441037171682
37.100457470342291799
34.496408607948126246
29.567507309329158716
23.319196048988487746
17.229049978748491867
12.079728497378994234
8.103912192156059291
5.052011858434894975
2.443626686956633876
-0.147301679392739970
-2.848604475657367630
-5.479892213202759876
-7.684795744583738042
-9.040638712406831701
-9.445390725399761322
-9.302542673781175608
-9.353516654250626061
-10.396996805489919780
-12.850922134840288891
-16.131773965694321760
-18.885583678896182391
-20.284264598087702325
-20.635649425391420664
-20.552298677967996809
-20.553893292272164217
-20.868174097438327408
-21.336370718320836204
-21.686299625022513737
-21.878289971857270757
-22.121909848871382565
-22.500484217916152829
-23.016587633541689684
-23.593157836151249285
-24.156558984890295960
-24.639077697010634438
-24.958596325830171736
-25.200617660829379929
-25.530429485261379341
-25.941991075284533963
-26.223255646209508996
-26.183949508162299935
-25.757040813621813413
-25.060861269200529478
-24.423715905868050413
-24.139437575582633144
-24.312120013051753631
-24.745050751693440816
-25.056185063324448947
-24.996210309406421857
-24.626450401897727716
-24.255992920417270398
-24.264400906217701959
-24.835776345365161433
-25.884492346785236805
-27.318767840958400939
-29.061237397626484835
-30.976388959681230517
-32.950373209914459949
-34.934058937503607467
-36.894577214762932726
-38.733675762122175001
-40.244307484763851335
-41.140875049876001412
-41.363409120878827707
-41.133721467419093187
-40.516995342598477237
-39.536566216809092111
-38.284114559750150875
-36.818838105399038341
-35.206498951720391233
-33.554309865459288176
-31.883432824757335311
-30.105501511614079391
-28.180403735465233694
-26.142590564297108813
-24.035445112033301029
-21.910303965718640029
-19.827882963541185291
-17.868248106653425111
-16.122790274775240960
-14.650880408800162513
-13.453042668020543715
-12.469643079831030263
-11.587256997635961397
-10.668651823609593521
-9.656048860405689993
-8.613524803167763366
-7.673065659271856020
