46.312938654535656724
46.658678255080587860
47.106599295029830898
47.366573813149472016
47.212662055338398659
46.845789080001203786
46.446263838615237773
46.076694917389211525
45.790396548683801825
45.338771790277242246
43.800489119885661182
41.548508966759051475
38.869853558739642096
35.976765507079342399
32.575683354893762100
28.454315705925075974
23.896165242335584367
19.645015054146170996
15.845080905825653872
11.992426841474127741
7.999025675304579863
4.254945243355464868
0.702127309816930278
-2.861346497037089875
-6.352563855071551302
-9.745670945378492434
-13.158424158486425881
-16.133368183929917450
-18.373967739946749589
-19.753501885344107336
-20.581564930453495776
-21.056076494387582443
-21.317883154250438338
-21.539656930898956944
-22.381771337153011814
-23.932991488415126469
-25.357402229906711000
-25.719607414259812117
-25.297982127040285150
-24.906598918328256786
-24.863448176836513426
-24.827221479400478188
-24.769525107002039022
-24.751389861219251998
-25.242407153562766098
-26.702985186994396827
-29.197698419445558216
-32.442786701747493794
-36.199398858946480573
-40.254393614985062300
-44.073290608025075699
-46.701396867549988201
-48.054247473689557069
-48.015677001042462280
-47.153153202350409856
-46.108089227739924354
-45.530375297936643619
-45.653231609698991633
-45.982631586427913817
-45.598577278665885615
-44.821531553012960103
-44.719266348526957700
-46.635792060030468065
-50.736058900366487023
-56.042883327283675499
-61.109233700591545357
-65.184546559637510654
-68.068840051631070764
-70.043976136930751863
-71.621231853189186722
-73.255301696465267014
-75.099691231716178663
-76.996093083321653694
-78.606086293589896741
-79.520390651124074566
-79.645561496781084543
-79.388763955462991362
-79.490196810137689454
-80.742507565838650407
-83.552927233543130114
-87.322777439244447351
-90.678804504196847347
-92.769963994817004505
-93.878049500405012395
-94.587255975897022608
-95.387549658517002626
-96.476893300011653309
-97.668323637802217263
-98.664995827953219987
-99.408126596968514832
-100.095475349067100979
-100.807035880763947944
-101.550923811506180527
-102.264068497534424296
-102.894141350827396764
-103.400398469272317925
-103.731415234274948034
-104.005109840973290147
-104.419016912502627292
-104.997497635636335644
-105.555643544035518744
-105.925894945262740521
-106.058580345126785005
-106.083301840152785189
-106.332969775460441042
-107.098937659607514661
-108.475501844408739771
-110.248849305751036809
-112.012875076741039493
-113.488003423379012702
-114.700334480678549198
-115.920539044596182521
-117.488861476478291479
-119.551950645148622243
-121.991706039385690019
-124.692010525536460364
-127.562004129434967581
-130.465229464590720454
-133.299784318413543360
-136.040277309367894532
-138.687023927223378905
-141.181181321829399167
-143.357703446275280612
-144.971976077516188752
-146.000728938047899419
-146.695440704434503232
-147.141867843147736039
-147.373920513845774849
-147.484496022093367174
-147.525364400089387118
-147.545073677231187048
-147.623178715501154556
-147.746869850963975068
-147.794383612949502549
-147.694167043726366728
-147.444277496843909603
-147.038647386478089629
-146.477118095807952614
-145.794436600830465522
-145.071661078584526194
-144.410632379677707604
-143.881224707718246236
-143.494652190388194413
-143.205989568976406190
-142.921993173922430742
-142.526651395882737461
-141.978625816705147145
-141.351779813365880045
-140.782949293048147865
