24708.744076991872134386
24702.915317995611985680
24697.086558999351836974
24691.257800003091688268
24685.429041006831539562
24679.600282010571390856
24673.771523014311242150
24667.942764018051093444
24662.114005021790944738
24656.285246025530796032
24650.456487029270647326
24644.627728033010498621
24638.798969036750349915
24632.970210040490201209
24627.141451044230052503
24621.312692047969903797
24615.483933051709755091
24609.655174055449606385
24603.826415059189457679
24597.997656062932946952
24592.168897066672798246
24586.340138070412649540
24580.511379074152500834
24574.682620077892352128
24568.853861081632203422
24563.025102085372054717
24557.196343089111906011
24551.367584092851757305
24545.538825096591608599
24539.710066100331459893
24533.881307104071311187
24528.052548107811162481
24522.223789111551013775
24516.395030115290865069
24510.566271119030716363
24504.737512122770567657
24498.908753126510418952
24493.079994130250270246
24487.251235133993759518
24481.422476137733610813
24475.593717141473462107
24469.764958145213313401
24463.936199148953164695
24458.107440152693015989
24452.278681156432867283
24446.449922160172718577
24440.621163163912569871
24434.792404167652421165
24428.963645171392272459
24423.134886175132123753
24417.306127178871975048
24411.477368182611826342
24405.648609186351677636
24399.819850190091528930
24393.991091193831380224
24388.162332197571231518
24382.333573201311082812
24376.504814205054572085
24370.676055208794423379
24364.847296212534274673
24359.018537216274125967
24353.189778220013977261
24347.361019223753828555
24341.532260227493679849
24335.703501231233531144
24329.874742234973382438
24324.045983238713233732
24318.217224242453085026
24312.388465246192936320
24306.559706249932787614
24300.730947253672638908
24294.902188257412490202
24289.073429261152341496
24283.244670264892192790
24277.415911268632044084
24271.587152272371895378
24265.758393276115384651
24259.929634279855235945
24254.100875283595087240
24248.272116287334938534
24242.443357291074789828
24236.614598294814641122
24230.785839298554492416
24224.957080302294343710
24219.128321306034195004
24213.299562309774046298
24207.470803313513897592
24201.642044317253748886
24195.813285320993600180
24189.984526324733451474
24184.155767328473302769
24178.327008332213154063
24172.498249335953005357
24166.669490339692856651
24160.840731343432707945
24155.011972347176197218
24149.183213350916048512
24139.523349744944425765
24121.299308423102047527
24103.075267101256031310
24084.851225779413653072
24066.627184457571274834
24048.403143135725258617
24030.179101813882880379
24011.955060492040502140
23993.731019170194485923
23975.506977848352107685
23957.282936526509729447
23939.058895204663713230
23920.834853882821334992
23902.610812560978956753
23884.386771239132940536
23866.162729917290562298
23847.938688595448184060
23829.714647273602167843
23811.490605951759789605
23793.266564629917411366
23775.042523308071395149
23756.818481986229016911
23738.594440664386638673
23720.370399342540622456
23702.146358020698244218
23683.922316698855865980
23665.698275377009849763
23647.474234055167471524
23629.250192733321455307
23611.026151411479077069
23592.802110089636698831
23574.578068767790682614
23556.354027445948304376
23538.129986124105926137
23519.905944802259909920
23501.681903480417531682
23483.457862158575153444
23465.233820836729137227
23447.009779514886758989
23428.785738193044380751
23410.561696871198364533
23392.337655549355986295
23374.113614227513608057
23355.889572905667591840
23337.665531583825213602
23319.441490261982835364
23301.217448940136819147
23282.993407618294440908
23264.769366296452062670
23246.545324974606046453
23228.321283652763668215
23210.097242330921289977
