101.180516163175838074
101.522369845788048792
101.965877248825478318
102.221109926038394633
102.062372320517269486
101.690837667251940957
101.287014549256483065
100.913538591478953776
100.623096687053575238
100.162622934493526827
98.595532415944589388
96.304420701990522957
93.582953441137362915
90.649583777584837208
87.212532920780191148
83.059175750416613937
78.471605134712461904
74.191754144144539396
70.363661518702997455
66.483177249123542651
62.461630548459609713
58.688279924512642083
55.104162142860005247
51.506274546101678879
47.976162966267182242
44.539160410716391425
41.079953876061566120
38.059958488723239611
35.779521026604399481
34.367899108096452210
33.517201397137583285
33.028319227509129519
32.754674948295871673
32.516788856618489945
31.649129294507517329
30.061287986589533716
28.596896924029834963
28.209086103264624512
28.626419730212163017
29.020487112588838841
29.061282515354150746
29.086827075782792917
29.127055063277055069
29.122899735855384051
28.603943723603521221
27.105983073492666335
24.558550790710938827
21.241388164554251716
17.396734367829765233
13.245574090716871751
9.329154533869143506
6.606883772439971381
5.167077494305658547
5.129525705505528776
5.929828473048985416
6.928268512552733682
7.474069785190010862
7.329481823913397420
6.983198744477647324
7.353695388569917668
8.121550808436836633
8.219384016827376627
6.302621024854317966
2.205651626305240143
-3.094641764260870787
-8.151058557191873888
-12.212558007087579881
-15.079259086554799296
-17.035475863618870562
-18.597405139498192739
-20.223342942982668546
-22.065758434811925781
-23.961739203184635016
-25.568396184821068573
-26.475464111961628078
-26.592228563010621656
-26.329134891966390342
-26.427505081419980115
-27.679474506314306836
-30.491500757890804607
-34.264362967037754970
-37.624512868653994246
-39.720783701234154250
-40.834916124987699959
-41.551011895564471388
-42.358876761208023254
-43.456309443386743396
-44.656229279167376944
-45.661727487353545030
-46.414006328772842380
-47.110862351735704578
-47.832382839885070780
-48.586804248427455377
-49.311051636345922589
-49.952384741826676873
-50.469188858633287964
-50.809190733156782471
-51.089938804602411437
-51.509003096059899462
-52.091048984458893756
-52.651791167165782781
-53.024526455514433110
-53.160423063876862670
-53.189572939388682471
-53.444851556743714127
-54.217303306640417304
-55.600928052671577007
-57.381705937967097952
-59.153397416540457243
-60.636337218613562072
-61.856561534757787513
-63.084689987692229352
-64.660919199422551173
-66.731846005473499872
-69.179309736958401800
-71.887139525566965403
-74.764483387602552966
-77.675016260008533209
-80.517076262120212959
-83.265499629221409350
-85.920607088321872880
-88.423204736488202116
-90.607640786272298783
-92.228584084523930642
-93.262063464161656157
-93.959146309929224117
-94.405984417070158088
-94.637864520763088194
-94.748049147924035651
-94.785836578166851041
-94.797778930922675045
-94.864960116939414547
-94.977438585131295667
-95.015495433534454151
-94.910456111566276149
-94.662995845372648773
-94.265737270022270877
-93.713569352875168761
-93.036206406027446292
-92.312490451009352910
-91.645478851283030508
-91.108529135838864477
-90.716627287275116487
-90.426728722932836035
-90.144619749456950331
-89.751889808664287784
-89.205480093838275479
-88.578985549455097726
-88.010006297388855501
