46.246293559687345009
47.307998901394590519
48.530039043938060672
49.618448115814501875
50.319898846096265288
50.835656976005068941
51.339512487966324272
51.876960916417665715
52.476776329024040990
52.858238669736401505
52.117522156339752826
50.677671790973839450
48.874197955275526795
46.935096240016086711
44.576480483312060699
41.591501787790441824
38.266662317106820979
35.347284206412396657
32.973558633809403773
30.636411589480772477
28.242398720345136098
26.175213621645539774
24.369471352923213203
22.615532825670257466
20.988956480211683697
19.506384190637177767
18.034217872069405075
17.011328182509174667
16.717041044305020137
17.264837751309613623
18.334541682051963107
19.725367747061255841
21.305502935716901902
22.914727892640030404
23.902013172967429000
24.180527737356101170
24.566487713330246834
25.952664469281842230
28.047388480450848647
30.078825485961402819
31.767372367826737900
33.471949411139888753
35.226044107879801004
36.970283329846068909
38.239327976940131748
38.578465023218257102
37.927320144586019524
36.562763442573270822
34.693089824536286869
32.486254609810373495
30.432414233409559756
29.446981338565279884
29.579102029246485017
30.913307708009142516
32.854568873128158657
34.737502252790335433
35.890656497408201631
36.063560922139970444
35.745357805858503752
35.871078353297519925
36.153279159126668674
35.569640348629604887
32.829104713355178546
27.820040743360721081
21.565789053672858699
15.550414140033097965
10.556029692317366653
6.811133790500605301
4.059653221109527976
1.812313489176972325
-0.373098423688588809
-2.652634884723767073
-4.883045994162102943
-6.743961882559318610
-7.836621875387379532
-8.067210325171913610
-7.837984539189847055
-7.887031662606943883
-9.008560458534589088
-11.613991987617907853
-15.111565674031737672
-18.137442886193753111
-19.851364719735556719
-20.545923955200237287
-20.815221165785260382
-21.157816109236875945
-21.778799470619958356
-22.496872932002077050
-23.019411635953133555
-23.290407772083483451
-23.509068847336038743
-23.755829691107464896
-24.038713760461234870
-24.294615646577994994
-24.471797534140534935
-24.530457952842652958
-24.418823143807060205
-24.251748214265319348
-24.221110750232128339
-24.343449649218314335
-24.423907269420055854
-24.283324573097274879
-23.859893444112799443
-23.272193827658895771
-22.844750921817819744
-22.863604882671268115
-23.420718259982038489
-24.302607581475285770
-25.105334173500523320
-25.552168848731696471
-25.671852498268776799
-25.737463031833385685
-26.092422787815792162
-26.888895513678960469
-28.017820709195234485
-29.375690908345802654
-30.886682755397373512
-32.430103562272904583
-33.918996522373504376
-35.340887102189640245
-36.705882756837979741
-37.960196327133871819
-38.936728141508353929
-39.379898497779663558
-39.246871438103198670
-38.764013698574785849
-37.991416346947175953
-36.942699374600863393
-35.704517856598045000
-34.341664900694922835
-32.926886319331060804
-31.569418985562549551
-30.297100056542660695
-29.032200388717626538
-27.720677463738240931
-26.344540531274390105
-24.878372594253846728
-23.311140959701958764
-21.655140664443592868
-19.957399311972210398
-18.291903930537785072
-16.716548046812420125
-15.247128644051201718
-13.856016597469874796
-12.473771723895140440
-11.004947155346144427
-9.417313926070505659
-7.787285476554188790
-6.256659426396652179
