237.428993144505966484
580.961535143013975357
918.612789072607824892
1266.740695526011677430
1329.345354233377520359
1431.521206103580425406
1583.553823410500399405
1790.244355726608091572
2051.094887367992669169
2361.104369508633226360
3524.677971792970765819
4712.507795760766384774
5910.081272124351016828
7104.192929256979368802
8280.043945661949692294
9424.278815565625336603
10526.418942678345047170
11578.256636195321334526
12572.488986879370713723
13500.785498581242791261
14357.445319616072083591
15139.677803319349550293
15844.418471037064591656
16469.199515808450087206
17013.478212995822104858
17474.838924296942423098
17855.091314126657380257
18156.793019672917580465
18385.224403031766996719
18540.177108277246588841
18624.215201586652256083
18642.634182027781207580
18588.879875285325397272
18462.465408918396860827
18263.468521374787087552
17990.987233898507838603
17638.115523448443127563
17223.887851457406213740
16819.235125943047023611
16325.530654712687464780
15788.138421992991425213
15204.787955923035042360
14591.894022978467546636
12877.008909154799766839
11153.219986454412719468
9434.666062983067604364
7743.600913118408243463
6096.073932815414082143
4531.953164415935134457
3098.793200000518481829
1845.306382630235930264
831.416965268241824560
324.349098336091742567
0.002096484102509670
0.000000000917364992
0.000000000000000005
0.000000000000000000
0.000000000530259731
8.158907203336477565
501.869796617849942777
10.478559103622890447
0.000000000059739665
0.000000000000007268
0.000000000000303658
0.000000007194623479
0.000143210365425352
6.412332603733340797
401.254078332857091027
933.157708445496609784
1663.886566213315973073
2458.299052944675622712
3264.947872478399403917
4044.650606323973988765
4779.152768542308876931
5453.286222123533661943
6044.952916580379678635
6533.768679676395549905
6921.529585548539216688
7201.870060525838198373
7371.775135013348517532
7437.056990181271430629
7414.122611354987384402
7317.722405868460555212
7149.011312934375382611
6911.555929745044522861
6610.515197146878563217
7161.647205008465789433
7671.131556113660735718
8151.774108730648549681
8611.614485577803861815
9052.300858403204983915
9477.281425404813489877
9622.819297875221309368
9753.455917348792354460
9866.913035596311601694
9962.499552541792581906
10041.632417876073304797
10098.961720845984018524
10129.578843770179446437
10132.586821195271113538
10107.452353569819024415
10053.951780833507655188
9972.178361382488219533
9860.517374141008986044
9719.438881393209157977
9549.834472093238218804
9354.304961640953479218
9139.008651388909129309
8913.089011161155212903
8685.109295526748610428
8461.360388154078464140
8246.842389744091633474
8044.858870079377993534
7930.154852825366106117
7834.887266011214705941
7757.658513537478938815
7693.934199544652983604
7637.621925305318654864
7579.857324315837104223
7509.556898710284258414
7413.050209454480864224
7279.864176672946996405
7098.090791222113693948
6860.406283074123166443
6558.596097140028177819
6172.407119617958414892
5694.975697517777007306
5124.182448650649348565
4414.694530508486423059
3590.591758930970172514
2656.539663381298851164
1603.671114264443986031
420.373098799205024534
0.000003326042814401
16.346530157226354163
2.928309126298200393
0.378012758263356508
0.007939239713926596
0.000016332326286919
0.000000011282951545
0.000000000005107233
0.000000000000004935
0.000000000000000008
0.000000000000000000
0.000000000000000000
0.000000000000000000
0.000000000003110551
14.139146372274469243
658.314752470594044098
4621.004843056146455638
4620.195356662517951918
4611.869473145831761940
4616.673317807187231665
4638.351727316908181820
4675.007175852937507443
4713.898384948675811756
4749.782538585681322729
4774.530158698757986713
4787.113535131331445882
4966.039053258465173712
5194.112805119364566053
5463.222824040087289177
5739.737827511098657851
6047.777800758481134835
6403.620215199282938556
6787.444853772442911577
7161.695839198187968577
7503.670724514089670265
7850.436926731395942625
8209.693254804536991287
8551.555176376479721512
8880.820503183098480804
9212.268348980072914856
9536.307919422304621548
9907.905085520558714052
10299.076630062196272775
10680.436332651441261987
10965.382298258093214827
11198.332738570685251034
11353.971983583514884231
11335.124929836816590978
11319.557148464773490559
11342.014809970190981403
11434.844290959610589198
11673.094824194678949425
12307.839311631601958652
13001.999511181556954398
12150.630367217901948607
12212.457097374865043093
12210.429656204485581839
12373.857168558886769461
12518.008861387768774875
12560.978210421832045540
12606.072677621486946009
12696.798577646824924159
12817.653872376969957259
13263.903316347541476716
13888.852508430072703050
14515.093273279228014871
15128.207596597934752936
15675.375890742683623102
16173.155596908643929055
16624.102833958997507580
16894.136543880940735107
17205.497483817289321451
17288.135692493848182494
16748.802611027851526160
17275.121596789686009288
17588.827438965483452193
17556.499468645251909038
17581.678167288435361115
17760.643591687650769018
18117.704422658483963460
18593.263121287531248527
19056.964244562932435656
19438.901929822619422339
19701.768847547646146268
19492.343442108245653799
19425.716007248309324495
19654.860711047123913886
19998.188505825910397107
20395.648933473094075453
20580.547063959114893805
20446.228015942444471875
20206.674741408569389023
20135.426289506427565357
20059.668352574928576360
20078.023813324965885840
20284.030716922963620164
20644.472223163378657773
20938.915676259486644994
20998.332356876526318956
20956.302493071314529516
20888.622538390936824726
20850.464667539003130514
20927.524990040066768415
21024.958456398435373558
21081.568453042753390037
21081.068666638624563348
21099.597055699432530673
21120.139585166783945169
21142.553527281248534564
21167.955018452386866556
21222.140153510401432868
21277.885468882825080073
21247.683813203278987203
21201.081642585635563591
21196.989664871460263385
21206.830656058114982443
21207.003305867034214316
21179.678268462339474354
21112.820277159178658621
21051.595421604368311819
21012.499691694963985356
21031.377003325116675114
21136.236214971006120322
21300.841072791376063833
21449.571496607961307745
21533.594131646666937741
21564.905023065370187396
21584.240865829386166297
21656.960920148059813073
21819.796753997397900093
22007.415246135384222725
22217.141478511421155417
22450.848581186808587518
22681.754280727673176443
22897.979606266682822024
23104.162609606632031500
23346.169212446133315098
23588.939486909745028242
23841.076079291353380540
24017.091701880617620191
24048.993717584493424511
24129.348825902667158516
24154.375706310016539646
23911.203822906089044409
24213.085422630894754548
24367.488069425548019353
24213.697640296650206437
24000.387154142288636649
24244.116153468763513956
24193.148221647534228396
24091.838464182448660722
24243.311211963729874697
24062.617191026780346874
24288.311967872588866157
24372.313338908908917801
24312.901706829754402861
24218.420266828587045893
24130.221556226013490232
24112.158505215415061684
24232.875648061639367370
24400.361137183193932287
24460.731811892659607111
24450.212107776438642759
24373.058628900580515619
24363.527606475574430078
682.025095655355926283
