289.376954322878759740
605.191921112355316836
919.368854597492713765
1253.096991261103084980
1284.649202488132004873
1366.449156343730919616
1508.865932785279255768
1717.106797139068703473
1991.066668460319760925
2325.830299734032450942
3455.006883421073780482
4618.998604245719434402
5802.056698817181313643
6989.535165660571692570
8165.144969585729086248
9314.079825533861367148
10424.512498226686147973
11487.034971007817148347
12493.319507770798736601
13434.195167596082683303
14303.311439139095455175
15097.418633627137751319
15813.168414249437773833
16447.968577329527761322
17001.294824088650784688
17470.861832227226841496
17858.703507356909540249
18167.654031109945208300
18403.268371337995631620
18565.532359507556975586
18657.097362439657445066
18683.205883817412541248
18637.057762060532695614
18517.802093569469434442
18325.067612280778121203
18057.472838160520041129
17707.668937185564573156
17294.409158677830419037
16888.392336372962745372
16390.254526229364273604
15845.056612434846101678
15250.307877887082213419
14622.362111645097684232
12949.678496901831749710
11264.363909620835329406
9580.649573733293436817
7921.094747570165964135
6302.226103925258030358
4764.422591632170224329
3355.538792303359969083
2123.836289620181560167
1125.953090910262972102
421.460071969042530782
65.462502122008331185
1.751646695560136191
0.049959931402912328
0.009394449249060726
0.030288658823957721
3.927470852541728341
450.073760454256216690
4.799789157875271606
0.016335391757006164
0.007264047392092449
0.024133554874813706
0.499091528329619283
25.684276638691326156
254.025981811302386859
740.785953936640112261
1426.531014947786388802
2217.739294684907235933
3048.346274909347812354
3876.344852083083424077
4666.613026660230389098
5403.453952215259960212
6073.506593205383069289
6655.889626109125856601
7131.012944450447321287
7501.270865568019871716
7760.652028454559513193
7906.378048762039725261
7944.496789093564984796
7891.653022728704854671
7762.688214289370989718
7558.636323672026264830
7282.925360575605736813
6940.688266172608564375
7443.207414121206966229
7901.993793986510354443
8330.538152508654093253
8737.490340204880340025
9125.012756545906086103
9496.950346671686929767
9629.093583015286640148
9747.060292797748843441
9848.786296098740422167
9933.676344904039069661
10003.146127953434188385
10051.770051898249221267
10074.519785205058724387
10070.372682532488397555
10038.696542654892255086
9979.220945794499129988
9892.067572122830824810
9775.747868098038452445
9630.980790368081216002
9459.047954313795344206
9263.078979377025461872
9049.868230417427184875
8829.246525097702033236
8610.458736236814729637
8400.414243812241693377
8204.587365272005627048
8026.507148474158384488
7904.138082646559269051
7806.787577261793558137
7733.160912220572754450
7678.382083915298608190
7635.597543017614952987
7594.869028525025896670
7543.857356760550828767
7467.584354923647879332
7354.337971090815699426
7191.119006242740397283
6969.696623235984588973
6681.043596074468041479
6304.032897668832447380
5831.004374960348286550
5258.977985505273863964
4541.469855591869418276
3701.914022118920001958
2744.321445217211476120
1659.295071458432857980
435.534612925427722985
0.004556143162681834
42.603055032387686651
35.984433151662095440
12.971349490864604093
0.837540827329285587
0.520621982710528952
0.109330756218066510
0.029269912212462564
0.514698023495443580
0.303611562836249627
0.119581961627028693
0.045180437152057051
0.047536023948358028
0.038258080656131496
121.464233139111257742
783.202235280039531062
4601.431689398706112115
4598.948556209194066469
4589.231311118329358578
4593.033425491363232140
4613.038466881942440523
4648.431453920979038230
4686.476655564928478270
4721.951076693841969245
4746.745465444444562308
4759.840590955755942559
4936.882135353041121562
5163.503625248982643825
5431.549340832231791865
5707.336909846508206101
6014.934030218408224755
6370.568192044493116555
6754.373991860690694011
7128.757005183107139601
7470.983904311181504454
7818.099130193839300773
8177.786559892019795370
8520.154663486278877826
8850.001392267717164941
9182.112332016797154211
9506.908675248620056664
9879.372372286152312881
10271.539609558387383004
10654.044909850668773288
10940.305776031496861833
11174.754564117638437892
11332.083216207925943309
11315.115953878361324314
11301.606611912626249250
11326.282565583240284468
11421.466112674634132418
11662.179633366011330509
12299.469665282385903993
12996.238654331618818105
12147.522130447629024275
12211.993354444904980483
12212.571544679602084216
12378.536242174612198141
12525.132361715104707400
12572.897151105111333891
12622.641951808034718852
12717.849943223836817197
12843.003565368451745599
13293.358373611845308915
13922.211324517031243886
14552.137282040135687566
15168.677388745816642768
15718.903048304937328794
16219.007355944859227748
16661.983106259234773461
16930.919108168527600355
17243.349113571675843559
17326.758041662447794806
16787.822720365551504074
17314.275739226191944908
17625.394404044789553154
17595.038161444939760258
17619.414404339866450755
17797.349187010109744733
18153.027026877371099545
18626.887731635044474388
19089.573918106681958307
19478.413468177186587127
19746.181196438345068600
19537.227749119880172657
19469.694733679345517885
19697.092964749390375800
20038.079311953726573847
20432.766230111174081685
20614.587257156843406847
20476.991843043506378308
20234.041118911809462588
20159.330536203000519890
20080.090725654059497174
20094.975405838467850117
20297.544905384249432245
20654.601889558191032847
20945.730263128960359609
21001.906881541064649355
20956.702937212492543040
20885.901151904781727353
20844.662224821575364331
20918.411438483421079582
21012.587503449303767411
21066.009412765910383314
21062.403847635661804816
21077.918809164792037336
21095.546956672340456862
21116.739002378380973823
21141.027908122770895716
21194.213759828300680965
21249.073480684015521547
21218.097240278439130634
21170.826256791024206905
21166.164264964561880333
21175.526537647660006769
21175.304703019657608820
21147.663500772239785874
21080.563602386475395178
21019.169730113706464181
20979.980320705722988350
20998.846490466657996876
21103.789192868516693125
21268.588110589345888002
21417.641017071626265533
21502.132736723593552597
21534.076476256163005019
21554.222645676723914221
21627.937132923296303488
21790.462255064267083071
21977.973966976369410986
22187.810027799470844911
22421.842844278464326635
22653.277092284697573632
22870.212688152634655125
23077.263262514352391008
23320.271305647347617196
23564.158231785546377068
23817.514691835356643423
23994.848001567097526276
24028.160562059289077297
24110.005374669992306735
24136.584885964792192681
23895.001770781775121577
24198.458166046744736377
24354.392312854277406586
24202.050527923784102313
23990.060037587380065816
24234.962603758081968408
24186.353377615818317281
24089.115662405391049106
24243.956114082691783551
24066.243722811126644956
24294.187435763342364226
24381.395957498491043225
24325.106867110840539681
24233.665223412015620852
24148.412954453826387180
24133.070786928932648152
24256.323203893010941101
24426.147986927389865741
24488.647221245602850104
24480.034041411203361349
24414.804032800770073663
24407.065714584590750746
689.733579863158183798
