45.714524114003012301
46.970516546834737426
48.453437793528209454
49.756372657782016233
50.439145798451221481
50.910552217356489280
51.444881200650712572
52.048824825397687732
52.730439721861671387
53.169945027034565044
52.352411507857723905
50.826879989549382799
48.995134374169460045
47.070385989806865723
44.743827463496394614
41.789893116207480261
38.481940588204835763
35.556045967340679681
33.150279644931785583
30.755282475704220246
28.277667766105224700
26.101842519430860534
24.163743788363746035
22.255319604622982865
20.453561996152402003
18.778948373836655605
17.109124495467114002
15.897854364923603043
15.438926944739009173
15.857212071987206059
16.842021349165761990
18.194894844215454555
19.774770164034919162
21.408864206375781691
22.436612679749501353
22.768852672545705218
23.240851606691464326
24.787187145795869014
27.128729532060162910
29.451078644343326118
31.436659303155579437
33.427849290148785144
35.453947811570458271
37.453280416254642660
38.952848087287094359
39.485551799495937075
38.976701097171144283
37.696178308890978315
35.864626297021374057
33.672280252779870580
31.626290081779558250
30.650676707696419498
30.797657756186225697
32.151728933811597244
34.116551013822714822
36.026675637639300476
37.214740576446644127
37.438071142023119364
37.190557688509841228
37.402418898375003664
37.773965302275541944
37.267356416142916942
34.574555179580812592
29.568686165061393467
23.263739565817274979
17.140441147535256050
11.979678913676735874
8.009115692009942222
4.972853239327321262
2.384403269061749597
-0.187382524569869702
-2.874276736405278143
-5.498826806552614244
-7.706707569952726544
-9.076281624297166672
-9.505192542726319971
-9.394746432243039180
-9.481913264932586571
-10.558630608733238887
-13.034463970466390492
-16.317445082435568793
-19.047373845399789616
-20.394572624572475661
-20.671474730937688946
-20.501169615086894282
-20.417481581797858325
-20.662367268726711700
-21.087990758020794146
-21.427655183357444457
-21.640877672095655271
-21.930430533811772875
-22.368498424310587325
-22.945090995932673650
-23.572389705451485042
-24.170127414416867850
-24.669070175591684801
-24.990491261771694553
-25.226911821219459853
-25.552102798931230154
-25.967487270530511978
-26.265400887660291573
-26.255814440585879765
-25.867939099232842182
-25.213460519417253636
-24.612781303798954013
-24.352242940604867272
-24.530189899245954166
-24.946697990945040146
-25.219284044654102672
-25.100772586508867334
-24.656796695809816811
-24.202567298588803624
-24.125408494361465728
-24.618616271748066993
-25.606399625743222259
-27.005790272994090628
-28.745190667530152950
-30.690335254023011657
-32.723773638875911729
-34.788831682281283975
-36.842903050097788764
-38.777732020067105623
-40.377503719353114775
-41.349846927644989591
-41.629997450113648938
-41.436286985336437283
-40.830701408103891481
-39.832998082869778500
-38.531563131513280496
-36.984232328194764250
-35.259863762220334138
-33.479804597177519554
-31.696021545269218223
-29.849287091871303801
-27.902134637214544455
-25.877343488990845799
-23.803915475124938439
-21.718846241343669590
-19.680056727720739218
-17.769550520654775028
-16.071872876774136785
-14.632605443030058723
-13.441976651877325821
-12.441719332904824569
-11.530688060952115848
-10.584436662623090797
-9.547453601331085338
-8.473237948446808332
-7.477142861819402242
