56.454442099149218848
14.674689596257978863
11.504598625563620118
10.639166389107398203
10.279888092374768860
10.076113589067720255
9.932871090292954008
9.799414947698949163
9.390738383791312316
8.739769410553844153
8.685345517371935387
8.681071751029394434
8.677429652251527514
8.673743694589688857
8.669687823422266959
8.664980312643297822
8.659594094306001466
8.654887871189474779
8.607548785345773723
8.584208118032591983
8.561910622626939471
8.541796507116766080
8.500722295458334798
8.490531900177668234
8.482204971218699541
8.477122414191242683
8.467764322925672715
8.463160567961306668
8.458603588647878979
8.454963477273269135
8.450925674190921555
8.448945293804213108
8.447709461508669193
8.445527692496053618
8.444151499596234345
8.442575548643127092
8.439490696743193965
8.435112543793970019
8.429875788425121641
8.423980259108121871
8.417599138656459701
8.382763054900369326
8.362176154216079738
8.357114410526964576
8.332737321203943281
8.328299392657626754
8.324989368091660680
8.322104828199590187
8.311856453494419483
8.309680792803282756
8.308163940872709929
