62.959374091623338643
14.314768557483526834
9.565121409540314090
9.316281569144944541
9.250954893508778198
9.197240301367378024
9.149157807911780793
9.000348326306092162
8.897382496279508501
8.872025025672858334
8.807083992701979724
8.785955678705175131
8.779008047171044993
8.773860451541171557
8.768777348632699642
8.763130051491309302
8.756760972281769639
8.750173770438022913
8.727926037152137440
8.719634198744152798
8.714127268219943545
8.707811116940266771
8.700857390110028788
8.694768225491205982
8.619231093687565348
8.587163742826477986
8.582057437470524519
8.560834852886159752
8.548579381542953826
8.539763043055776492
8.531693888122331870
8.522272157014601390
8.510928416465773694
8.497970702163801349
8.483908068547037828
8.469239174315887908
8.407069997908633852
8.349647392878257079
8.330329465588153681
8.321296469178841804
8.316365234241645865
