46.004839867991165647
47.063592574097626198
48.322602900963417483
49.435211916150393563
50.119030229694303102
50.566391648846675366
50.941112285242311941
51.281131795679030461
51.645702711680058883
51.875232886960446876
51.268626251763045332
50.073294009316597908
48.518330524461056541
46.779336741504906172
44.543543168830666446
41.597249806337927680
38.258984035720409622
35.338862268816086498
32.979240348763937618
30.629961331566860849
28.191196851527223544
26.076224406850315063
24.221552805789329454
22.414110912884993354
20.752083401537291252
19.264454268103875734
17.788039339676359418
16.756846015763159130
16.439033679837663726
16.941755375687733931
17.917410102651828652
19.177883583379440324
20.659816066355773501
22.277555581208147828
23.395793089641301776
23.934030232993549703
24.657494649765965278
26.287104443113449292
28.408878623231672123
30.355905064904618484
31.958456980357880184
33.622779856180628144
35.350523171829351554
37.042585612240884529
38.205479593369631175
38.399711287265773763
37.639611757578506968
36.283512587176858233
34.531460359063032683
32.490251587711242109
30.626986965213575331
29.889031777690348690
30.307116705675014146
31.948000503438976239
34.153821930156681219
36.204356822399176963
37.404940201345681317
37.558204390866109179
37.257064302928029065
37.499006878269284471
37.929584099040226874
37.420537324440829252
34.577886646494732759
29.280568883987797335
22.628253756853638379
16.214269818474519980
10.875479877346464264
6.856812103705948402
3.909452087899239814
1.563064363554332203
-0.622618677311237434
-2.842422005231952653
-5.014283319376403369
-6.860550264784677665
-7.971402881933641993
-8.212582185307837790
-7.970093770386597498
-8.013522540480806811
-9.191531868740582922
-11.946675548606975781
-15.647306992955748228
-18.834933793764861321
-20.609648339844710563
-21.282351503403646120
-21.487917376125722058
-21.761131156035162348
-22.324239583971291268
-22.986880292368709888
-23.439583262475821357
-23.625160018177325583
-23.758122637179383219
-23.924695887099289848
-24.132371965287916282
-24.313097049194368537
-24.415106097606894764
-24.404589482805135958
-24.234651121301340027
-24.030741589303602268
-23.995946985765499448
-24.143085567114553669
-24.255518188214068687
-24.130711671930612283
-23.691827553761697800
-23.059081660635058597
-22.579131700565653773
-22.560871226701408432
-23.105721948668247023
-23.987819564275810080
-24.777242079461871072
-25.179920563899315766
-25.228552455136252775
-25.217634961608325739
-25.517755732431282922
-26.296169058982513889
-27.442042573057449317
-28.851262437146147022
-30.449368932416405187
-32.112978148196077655
-33.753157984723827667
-35.359086788077604524
-36.943328607659680074
-38.448967700847390461
-39.693707364608428634
-40.393961104227230408
-40.486612749042706128
-40.190170780989944888
-39.539173544270624916
-38.515632882212855748
-37.204675532785358882
-35.716646267458941111
-34.176407121716977144
-32.709149620606126518
-31.328980463501807208
-29.932794754932842807
-28.426193760549892886
-26.760093650643455021
-24.927207918269346010
-22.979414844550717589
-20.996728730616155190
-19.067396853735601780
-17.273959205722974275
-15.660088921355452385
-14.218287659168481696
-12.903079807494691522
-11.641959044966313286
-10.346033932315663151
-8.990652895023629299
-7.649981096071428510
-6.448562977219523873
