1340.920552914022664481
1306.587456806021236844
1303.093170281780203368
1341.599290111283380611
1271.319372681743061548
1268.467885720697950092
1344.370771807405162690
1504.982521308381592462
1750.378706945912426818
2075.308289826392410760
2712.653944997726284782
3405.927611429390253761
4142.243077482274202339
4909.870392743433512805
5695.426199903421547788
6486.756083973076783877
7274.176136948626663070
8049.772299187685348443
8806.065597153281487408
9534.150194214127623127
10227.321470136836069287
10881.409743083666398888
11491.782031937089413987
12054.310797149935751804
12566.756180467231388320
13025.112607226394175086
13429.619311648119037272
13781.428837606652450631
14084.771765011722891359
14339.205019009370516869
14547.764003441907334491
14717.017815263010561466
14842.934500727122212993
14927.927059599454878480
14975.161960348334105220
14986.738423695980600314
14958.282561498570430558
14909.873493804392637685
14913.137755240575643256
14874.864904959898922243
14841.581201217108173296
14810.985341704825259512
14797.278294448380620452
14133.656938980017002905
13499.915436138457152992
12901.722884067301492905
12346.323136869348672917
11826.997672504618094536
11352.621954201827975339
10930.630195466850636876
10558.895514106510745478
10233.153530958123155870
9940.635283379026077455
9658.060831497126855538
9360.538107120068161748
9061.970612461525888648
8788.800700351026534918
8539.416114411187663791
8307.051942029811471002
8088.636829322689663968
7885.605077233068186615
7703.679705028426724311
7552.923374282879194652
7442.120654476819254342
7353.735217208080030105
7246.705089859334293578
7149.721026231014548102
7097.295107005211320939
7115.314633768202838837
7181.609110052726464346
7287.303113777977159771
7433.041287564899903373
7612.076601130495873804
7824.957607913200263283
8066.131077680085581960
8318.229937092635736917
8562.832221188966286718
8801.106953676056946279
9024.993350844239103026
9228.467211965415117447
9412.492925824479243602
9587.297895748541122884
9762.285167168016414507
9935.464782876379103982
10107.776571694093945553
10281.158218408678294509
10146.922649797190388199
10021.420152764650993049
9909.885750434068540926
9814.637825231315218844
9732.960527224671750446
9664.384172258738544770
9714.985699283835856477
9771.937001887687074486
9829.291397469349249150
9882.812611722343717702
9930.628941609331377549
9964.594688921210035915
9977.364460367769424920
9965.883583271977840923
9927.827519779993963311
9861.622269238047010731
9766.520950891253960435
9640.662112141635589069
9484.867616536183049902
9301.002836756248143502
9093.212954023147176486
8869.678079581921338104
8641.976315331752630300
8421.494660366684911423
8217.664587678613315802
8038.763623387119878316
7891.252066375650429109
7545.865740874883158540
7245.916303509888166445
6993.908906953023688402
6788.117816153709100035
6623.721151099657618033
6491.500158496772201033
6378.551841059459547978
6268.268118961823347490
6146.449126652226368606
5997.389025160363416944
5810.129969002680809353
5572.736133332859026268
5260.419251815618736146
4860.047922594560077414
4369.000400909400923410
3755.065298383678964456
3050.112097885741604841
2265.995058334173791081
1400.312400402343882888
447.915966160708478583
362.284335399992869498
182.912957042147553466
33.217256257950502629
0.000000000000000001
0.000000000000000000
0.000000000000000000
0.000000000000000000
0.000000000000000000
0.000000000000000000
0.000019178020344818
66.397835846871117838
328.013484445745518769
670.066908796540246840
1018.253048030683657998
1318.129601684837325593
1537.196472226163450614
3180.212792026243732835
3154.781690738118413719
3122.895987138278087514
3104.844323505918964656
3110.181961808044889040
3130.902829454142647592
3154.266993237958104146
3175.050309848711094673
3185.116684012703899498
3183.386987964672698581
3325.166915363815405726
3516.410769530109519110
3749.003653050102911948
3989.297998867651131150
4261.392303973693742591
4581.533896196670866630
4929.866866575957828900
5268.807642779044726922
5575.653486162569606677
5887.503669932974844414
6212.187749662031819753
6520.146704382510506548
6816.734187690113685676
7117.610985035817975586
7414.541661968768494262
7764.087934438589400088
8140.407963677423140325
8516.317655579432539525
8807.266207654827667284
9057.683210995748595451
9240.803801071759153274
9256.557869655065587722
9276.417819384851100040
9329.795418825628075865
9444.873744593085575616
9694.295458814794983482
10328.343507080200652126
11012.333701007935815142
10145.369678188637408311
10184.878302417246231926
10157.214828837612003554
10293.410874605795470416
10410.236092224464300671
10443.485551716630652663
10480.844884650690801209
10566.577001819958240958
10685.799005882148776436
11134.387873428420789423
11766.950025348280178150
12409.809237728451989824
13059.360015590173134115
13697.626288263032620307
14456.443658538284580573
15672.648172114622866502
17677.965217775687051471
19825.715340992624987848
21194.658564521399966907
21625.150531352916004835
21148.423248867915390292
19763.710021507627971005
21161.527923631569137797
21593.222878347503865371
21001.337152248259371845
19430.208161933114752173
17644.617111262148682727
17019.105503477989259409
17147.130077799738501199
17385.031596374068612931
17205.825489636506972602
17185.496515983388235327
17468.666234992575482465
17871.387934192891407292
18332.238871665802435018
18582.845744946844206424
18514.112643012715125224
18336.476437941917538410
18318.730157329922803910
18283.903865013628092129
18328.376301268577662995
18547.856516337469656719
18916.837739249593141722
19225.794448489414207870
19313.958399733804981224
19317.091723936606285861
19309.281750820315210149
19342.154132737759937299
19423.192763178343739128
19530.962670510281895986
19601.310682423059915891
19615.940447505086922320
19649.607274807847716147
19684.272114758674433688
19734.018196481178165413
19783.907116185535414843
19858.729593486648809630
19930.198864615889760898
19909.795039138334686868
19866.121625536477949936
19857.507385897424683208
19855.612408794080693042
19838.171029919867578428
19789.858514600713533582
19701.882746388313535135
19622.417432108901266474
19570.004263853945303708
19581.039843253485742025
19682.836464773219631752
19847.821160512059577741
19998.931409252145385835
20086.104578240974660730
20120.450453138615557691
20142.139474225652520545
20216.211436169563967269
20366.850586603421106702
20541.294067846458347049
20737.098036436000256799
20956.233529325494600926
21171.625778691417508526
21370.495875979479023954
21555.654663962701306446
21769.350465779363730690
21969.223404976055462612
22149.789104109528125264
22207.297984037268179236
22077.971427831238543149
22018.728894217987544835
22055.149475284484651638
22025.239403674946515821
22560.576606718113907846
22884.877957347336632665
22809.041963596460846020
22612.097822502953931689
22842.918833246469148435
22770.489686783723300323
22601.848418129127821885
22687.000084351951954886
22374.177186998749675695
22546.484201246905286098
22581.634279911875637481
22488.586872785763262073
22386.216426196504471591
22331.561486787839385215
22402.673167965527682099
22703.586073906495585106
23148.693787177693593549
23589.406115470188524341
24037.044741657577105798
24465.160830856195389060
24885.161364568139106268
0.000000000000000000
