45.844338707204990158
46.865669829612748742
48.036376692226895102
49.062139277148233418
49.713038383153303812
50.182860434893079571
50.644064304451049452
51.150566675450313880
51.742938803077578314
52.154120596111390284
51.467591513436488526
50.114022391380160570
48.421315757927146706
46.616134396857617617
44.408443877839182790
41.584119468040860568
38.421792608575110251
35.658550095380235234
33.430728844288793766
31.225630751236352012
28.945698996182869678
26.970756886027402288
25.231868652258327756
23.515793022288704606
21.894011956441488564
20.381307231254183421
18.849701485763048936
17.747669364209286869
17.364216884531543883
17.820038252101156218
18.800971494205001022
20.105906074363801395
21.592095998257192946
23.086204491473893086
23.928429670584321798
24.031889799691711573
24.235828120316369905
25.480553948668884345
27.494267144171146811
29.471072745449006902
31.102509841574033089
32.740301718394960062
34.423481584035897640
36.101097494164037016
37.312262195232733575
37.603128484310872182
36.912817070835814093
35.525133363306196088
33.674275782336650309
31.562503963090080106
29.705078042390198334
29.026626498841324064
29.568408785530408522
31.389264957501950448
33.852083487817566265
36.239276503090536607
37.827958092399228462
38.326643383919133612
38.195614877715769353
38.350614802916055623
38.496310227419883176
37.616578596555200420
34.441702219484682246
28.897982592327650764
22.061797198506724271
15.475671828857429091
9.970865281543751735
5.805957278854407377
2.733528624151148279
0.255384274452751470
-2.085614863994834423
-4.454759527055017543
-6.710186279471116677
-8.531474505453871870
-9.526705122976494522
-9.617607060606786717
-9.223763008047967560
-9.095762462936988868
-10.036253132830125878
-12.463601380284387687
-15.791930649004541465
-18.661790000795832611
-20.235532095045670076
-20.806554154421974090
-20.968114723906808194
-21.216770925489811361
-21.755197371667065909
-22.399913599950593834
-22.856729436361888474
-23.068845997922267088
-23.235434104474222750
-23.437486234402399532
-23.683873689483334601
-23.912054301232274156
-24.069758082535429367
-24.115394048029543228
-23.995347074516075736
-23.823740574298938100
-23.792680349972386011
-23.919577183766875805
-24.011159516975567385
-23.890151236793087719
-23.495999887871278133
-22.946893774367595142
-22.564959711721257918
-22.632716698116382759
-23.238457304059693342
-24.165267888187884182
-25.006160923396123508
-25.481870550745497894
-25.619206574444035596
-25.689840126632702777
-26.035967441979209980
-26.808226677992024634
-27.895473554403395156
-29.191843344678659378
-30.619685929964020943
-32.057910191770645270
-33.421099886971887827
-34.700298721877913977
-35.910879019482308649
-37.006163227390857173
-37.828852561733867788
-38.136654655901566002
-37.903458856466272664
-37.374702443663181839
-36.630043894750826894
-35.700042485149197091
-34.677870466868910171
-33.618031301540099776
-32.572571664732606678
-31.624110815464746338
-30.760143508574856241
-29.851134603943364709
-28.807510994407891758
-27.608801602825963073
-26.243887783986622253
-24.714584715104024326
-23.040302640997197159
-21.271069061138291545
-19.481962543956456102
-17.731857935186440045
-16.037421004545933556
-14.367708136609337544
-12.643497615590888472
-10.765612589127897536
-8.719733496946219020
-6.617124636404923876
-4.635665026416631918
