46.288132307875287097
47.232139624264725342
48.317257241266815981
49.292845314285557379
49.957260475286126677
50.472406195284094110
50.990259145521299899
51.559237951510482389
52.217982973020298232
52.699438127629946393
52.092530433462890471
50.836234387625445663
49.260782535344731059
47.590485649837241056
45.532090501414259620
42.868177727746797245
39.874115634256099838
37.283769706515030862
35.230318024846852154
33.198014679805666560
31.086437582847310068
29.272807618927458861
27.685917800627990459
26.110619810504402949
24.616837993788053041
23.218095545613351760
21.785401480410499175
20.766433151961280146
20.449617039545586294
20.955293498141102759
21.969149300275176984
23.290040101401430661
24.775148797956646263
26.250829133919438618
27.056532136631446406
27.104047493348986109
27.230651627637925571
28.374068130515922803
30.259334710570698235
32.076815658403020848
33.513635689833151332
34.916227146427502248
36.317149834572234113
37.657398183328297137
38.465992354304773926
38.276531842281826812
37.012958847529688455
34.941704030117449520
32.278746569427369195
29.209794824373943811
26.239253771788298764
24.292789284422070750
23.433092986429443272
23.769027796778487982
24.743543703137135026
25.739611317585513461
26.140004138548675883
25.752213206976705351
25.122813584666232600
25.230428521858698332
25.800249480766240140
25.783500841611527221
23.832348149989144304
19.769018476910559912
14.558292593002391868
9.635444899191668355
5.739270691701818805
3.060269141678162441
1.310264927771498833
-0.026070813685720395
-1.405544648028183019
-2.982528568692856652
-4.599401447237511320
-5.918062705730307016
-6.527846352038807254
-6.331246283961831978
-5.729313278537574661
-5.456348499821245923
-6.302195756296669060
-8.676433354620115779
-11.988126870679650438
-14.875515629998233180
-16.500053814465957203
-17.154395073124760529
-17.430311834129213366
-17.821608484906278136
-18.526735310484070851
-19.356699252706164316
-20.011090080385940837
-20.426897436491231019
-20.797626870585133929
-21.199417821677457141
-21.637173527896777614
-22.045241524042239689
-22.369022964614146076
-22.565280508185765029
-22.579342542578842767
-22.524808522453668047
-22.593768621272317887
-22.804087563181951737
-22.963309137805936189
-22.895152358607958831
-22.540047581774160790
-22.017038309932161155
-21.648983793393369979
-21.719098363137106844
-22.316399945578723418
-23.224685242643261063
-24.037483414824350803
-24.475615857459445124
-24.565388206637749136
-24.577381356135390433
-24.852283581887945729
-25.539069898698869565
-26.525079640916089829
-27.703397924364026039
-28.996113112961552361
-30.282995682707280594
-31.481016321626441368
-32.585649125062616349
-33.619300449985360046
-34.545258681890288699
-35.218800590173827914
-35.411493377018530282
-35.110027289678328088
-34.568726399341073829
-33.869845098727296318
-33.039487939656169146
-32.160709856254527494
-31.275098317756089727
-30.422242021139027202
-29.676294768286311410
-29.024284619882394054
-28.346197653310696296
-27.567117633703844604
-26.679678914050100502
-25.686545469816849163
-24.607565283666474443
-23.481983489003482646
-22.376894130590699206
-21.378063626700281930
-20.546136485446993447
-19.890095215803341944
-19.365779985667131768
-18.880661634536068050
-18.321092342323879620
-17.651091483561913265
-16.945999329239157305
-16.329103834357624692
