59.057848477285951105
14.831518801615732883
9.898051537927214483
9.278857296242433605
9.122296483193622407
9.046519498950813087
8.996367099816980684
8.885132227017422224
8.780569823109036776
8.734434677849762352
8.689691872415242102
8.679286485072541524
8.672722539315815382
8.666150341208989971
8.659007324061910538
8.649836302600743210
8.623467995398602426
8.617768915345887848
8.614484055910843097
8.611239122277531521
8.607329536354482613
8.602584812934518155
8.594422427086687577
8.561204361074176816
8.553703425284229667
8.547939494636963786
8.522467807225229564
8.479358532750193689
8.465067222042796047
8.452249223861571181
8.445231770493816015
8.444175630669958466
