45.663213477220793379
46.669675901778873595
47.821906782970572181
48.834604154441350943
49.486792370753633463
49.971923040376275083
50.463570223587971952
51.019580998296135022
51.685641794822281270
52.198522285291907963
51.634270179139917900
50.403989662866237609
48.824434593724490128
47.119599020840098547
44.998860027316837318
42.247898862364841932
39.145227797376705325
36.427849741993426846
34.232067587648785434
32.045213759455066338
29.769874122874526279
27.786222153066802321
26.025980387144528549
24.276924564178031574
22.611880006890942241
21.047186314137249497
19.456482721445340189
18.289769384421092013
17.837383738598248328
18.221119204340595843
19.127703015702479661
20.356769507531311092
21.766261865919418028
23.183565567631276849
23.949697887374270522
23.978710669376582132
24.110858921481693073
25.287466981876917771
27.237674177066182324
29.156400710426936485
30.735865956729313098
32.328347050887089154
33.973310883048156938
35.620120876549350442
36.808094953672394922
37.083497671631221237
36.385477973468994151
34.997768240814025376
33.154340588570022419
31.056997608854089776
29.220213182008734520
28.567363289861901876
29.137783153260841118
30.987445305733785972
33.475196463158425786
35.878300236752153296
37.468287941985124689
37.948980308418668983
37.778368852941412115
37.873289721661677731
37.942880060844402124
36.977923138906163558
33.716547090580661461
28.092229842124311290
21.186616482310256515
14.545152003235614302
9.000087183613089792
4.809964923899173073
1.727124817637843535
-0.746771486182922217
-3.069141134812639393
-5.405939913812630948
-7.616259363436114427
-9.380664097201588447
-10.308147830522557342
-10.321410791834324527
-9.841282498483934660
-9.620003003516643503
-10.462264690040939286
-12.788776115340141359
-16.016161628557227914
-18.787461098217761446
-20.267323290255461643
-20.751078065499257264
-20.833435998035781722
-21.011883335023753716
-21.489539206705956076
-22.082990680090972546
-22.497882063296287924
-22.677144267346761808
-22.819639438667081777
-23.006004915900916785
-23.244660584558573646
-23.472479133007027485
-23.636474385289773181
-23.694226737793030679
-23.591169602992351884
-23.440294891186738369
-23.432319491710245529
-23.582976578951388547
-23.697134276162955757
-23.595770358803065392
-23.217090401813493372
-22.678772754027534120
-22.303060034647728571
-22.372887402977880811
-22.976969263655632858
-23.898686840334278259
-24.731227424241012613
-25.195446706376401380
-25.318276144625087909
-25.371496288272908259
-25.697306217465495592
-26.446113684490001106
-27.506256786768176426
-28.771155699014116180
-30.162451508617607487
-31.558595862280640176
-32.874228324556554526
-34.101267820617351845
-35.257155708735353983
-36.298869220430276528
-37.074589454814542933
-37.349140367290772247
-37.104290676258415260
-36.592546934254414737
-35.897952338965581021
-35.051296054903104960
-34.141408845789385396
-33.214825006337207469
-32.313986948921694875
-31.512309220774852747
-30.789892340762548884
-30.012777060703342613
-29.089125530922160578
-27.995461476429454706
-26.717761642127072719
-25.257121284987590570
-23.633219845008795801
-21.895337324166291637
-20.115796674496095875
-18.348519673664554830
-16.604501038475632413
-14.850852955801769895
-13.012356347816194102
-10.995657232202631803
-8.792728709413950128
-6.522956326365147106
-4.373822986632148968
