775.129430899053545545
994.902646141815125702
1196.014697313814622248
1390.917934995398127285
1527.446717215947728619
1673.195657593476880720
1830.941598159585964822
2001.618120720982687999
2183.939727174059044046
2374.351217981814443192
3411.386804401256995334
4441.028794095902412664
5454.640682159138123097
6444.717798523376586672
7403.855342286274208163
8325.701862502697622404
9205.373097974321353831
10039.154155304564483231
10823.921626290784843150
11556.416933982940463466
12234.477463002174772555
12857.115599141123311711
13423.393381818923444371
13932.707201156630617334
14385.246680520607696963
14780.706656102971464861
15120.375928951158130076
15405.955857938150074915
15640.176512011807062663
15823.964423313096631318
15959.253407029194931965
16048.974066490796758444
16092.124668548156478209
16089.928488695659325458
16044.023570412764456705
15955.978275612733341404
15825.634999162259191507
15661.831152688220754499
15490.819086462515770108
15281.889943833573852316
15052.884448390586840105
14805.851907139442118932
14549.147416328207327751
13118.028115586414060090
11689.994346012381356559
10273.319200420997731271
8879.533054417181119788
7518.634000858697618241
6208.726829295894276584
4970.534102533631084953
3825.044001408808981068
2795.906616049479907815
1907.454799223229201743
1184.063653916543444211
647.593508014113353966
304.058270072172547316
137.407490748384589097
96.355059311773899822
133.279504372153837721
308.910557678233885781
120.020314949374508728
62.002019420899884494
56.116694169324475183
78.517711854985108744
139.997601309993598306
267.281795583715449993
482.047012454471769161
788.412275651747449956
1180.385984373583369234
1633.025792777829110491
2124.342626897359423310
2636.741870670786738629
3153.318628493719188555
3663.231381421095647966
4156.856849356578095467
4622.820595403607512708
5050.940563605002353142
5439.181271037666192569
5783.597463455154866097
6082.231600791879827739
6336.981801805664872518
6554.059788683016449795
6739.472131599080967135
6894.599635982517611410
7021.483488615842361469
7122.459156021209309984
7553.194660926534197642
7965.071811135485404520
8361.976805272168348893
8746.228792444228020031
9117.973260218475843430
9477.987820533469857764
9562.705579279207086074
9635.387722036055492936
9695.034418657265632646
9741.168326974482624792
9773.994714429831219604
9791.335248521623725537
9791.139160429194816970
9772.789719846810839954
9735.879800690998308710
9680.162910631126578664
9605.536996924767663586
9511.357311408084569848
9397.765858460334129632
9265.183655902521422831
9114.782311239967384608
8949.110854806065617595
8771.818172765390045242
8586.312906707491492853
8395.111804865455269464
8200.177037300220035831
8002.824174397814203985
7792.029902765677434218
7582.005304752328811446
7372.877940584050520556
7163.534149958824855275
6952.043708887861612311
6735.125990223027656612
6508.251461240600292513
6265.509575152655088459
6001.662502506990676920
5710.688172942958772182
5387.995013206945259299
5028.621122050461053732
4623.572440157353412360
4169.039168111074104672
3663.553228828898681968
3091.880416605847585743
2464.045121007813577307
1784.702541513372580084
1054.912798784582946610
275.684425355369171484
19.894179202706546050
48.870736485546082406
29.614690357268468546
3.914507044632468791
0.900291590396120611
0.840661170949863701
0.193396727609586122
0.040348144759665298
0.009082665113252940
0.002422064981275333
0.000780085116178285
0.000394365086929277
0.000447877370454369
0.001059098968836499
0.015197901679430260
401.801415550473961957
4980.940576176831200428
4968.224054887339661946
4948.090707884287439811
4940.597369570403316175
4960.757123808964934142
4994.377543893867368752
5028.325909047101049509
5057.166774689319026947
5072.759814230837946525
5074.218317252026281494
5218.826321073391227401
5411.398990623429199331
5644.270821456952944573
5884.206995011247272487
6155.807598894705733983
6475.779624297948430467
6824.618883428294793703
7164.999271064899403427
7474.421578930612668046
7790.215401042854864500
8120.236876929912796186
8434.641155568931935704
8738.289385693627991714
9046.008110646724162507
9348.178608201984388870
9699.833698802418439300
10072.878843023332592566
10437.794417668375899666
10707.732655005844208063
10927.120680876694677863
11070.536317550882813521
11040.585321307105914457
11015.357180965878796997
11029.663673535911584622
11115.907612123697617790
11349.257165886692746426
11981.194374293600048986
12673.903731862907079631
11819.382348050774453441
11880.941107688380725449
11879.662268535563271143
12045.155178023615007987
12192.170650500753254164
12266.611659347887325566
12343.546826012057863409
12466.158961019440539530
12618.319623416546164663
13095.014548133951393538
13748.259563694315147586
14399.078944178621895844
15031.516467752617245424
15590.833195076917036204
16091.328814838418111322
16524.287783928863063920
16775.444133856741245836
17072.025425581374292960
17143.780738132478290936
16596.709767329808528302
17118.375102625377621735
17410.712202657825400820
17407.783381681721948553
17445.631918837236298714
17639.638904782852478093
18013.766206914373469772
18508.447784344374667853
18993.527446231997600989
19399.169948168400878785
19675.770538501208648086
19469.640885364791756729
19402.349910349083074834
19629.599488436182582518
19971.203997376735060243
20368.209845064389810432
20554.208705027504038299
20422.808550930931232870
20188.663695583880326012
20125.981933485127228778
20061.681692312398809008
20094.547004564563394524
20318.184425930590805365
20699.106105879032838857
21016.182646245077194180
21099.796200669505196856
21083.566578550420672400
21043.238205708603345556
21033.873970646502129966
21101.811066577734891325
21190.873312083844211884
21239.428026799625513377
21230.940062262892752187
21241.557765810281125596
21254.172317172571638366
21275.802203917250153609
21300.424735910168237751
21353.942955079095554538
21409.157634482973662671
21378.483122509365784936
21331.684632168562529841
21327.871485603907785844
21338.491408689031231916
21339.961376897048467072
21314.467204470387514448
21249.986403753860940924
21191.787554075403022580
21156.391018684244045289
21179.664135268361860653
21289.581182750644074986
21459.728681909491569968
21614.186282545942958677
21703.848321959601889830
21740.534082967988069868
21764.847803536496940069
21842.071254741797019960
22005.770803265426366124
22193.513681157674000133
22402.644895250828994904
22635.147790163500758354
22864.369967795322736492
23078.640465229294932215
23282.865964818858628860
23523.268718531544436701
23764.986779639577434864
24016.882929374689410906
24193.535090288754872745
24227.072149884799728170
24310.744734364488977008
24340.903059296870196704
24104.647978645571129164
24417.203458301704813493
24584.982507893513684394
24447.175200410056277178
24253.064020687383163022
24520.055300751879258314
24467.843491870800789911
24343.145623617398086935
24471.748546589602483436
24276.451025808186386712
24478.283157451849547215
24539.075150717450014781
24457.118839024416956818
24341.051241394750832114
24232.383568049888708629
24195.124091632031195331
24298.052967315339628840
24449.208695112687564688
24494.701944658096181229
24470.778156923577626003
24381.636402106450987048
24328.073264767303044209
397.475226026383097633
