62.201198028588862599
15.021811314323318953
10.121414900108625545
10.019528920207140033
8.857935589479481564
8.799239785971597172
8.779692592984192245
8.731972208919195566
8.716256674337602206
8.707365573587946272
8.699208420843017819
8.676952947740096178
8.667219136266673729
8.663015372845963569
8.658647497466329668
8.653222149933487373
8.647113882671481733
8.630671186243919379
8.614511909516210153
8.607996308206047331
8.603188798733512499
8.598881966809074129
8.594479231483891368
8.589720553588085394
8.584730488331567599
8.564182567451798178
8.546407645345951209
8.537155891170471023
8.524703811649596119
8.521746926887811213
8.519728094037901656
8.517556242112130249
8.515117740968102922
8.512601415028484553
8.507379578863677239
8.496135585230017995
8.491239502924448956
8.488491474328322184
8.487487874898848261
8.484812619823093982
8.475154628805659840
8.465562458990557815
8.456661805455796710
8.445419826373898431
8.432332632530167515
8.418077028840706078
8.376985121182833893
8.308688048333113585
8.301087104558959595
8.293992725982036518
8.269915744647388323
