135.564479583101189064
462.398215317583094475
805.369719830207941413
1186.639239184058169485
1153.080089399495136604
1194.248382555093940027
1323.183520138654330367
1545.776339285800531798
1860.947140191602329651
2261.808075146094324737
3351.621762893852519483
4496.194443347217202245
5676.833643787104847434
6875.748192153402669646
8073.523745755484014808
9252.386341408209773363
10397.798640013617841760
11497.973148208067868836
12542.571394616190445959
13520.780715893326487276
14424.967399945988290710
15250.938058539481062326
15994.700085722974108648
16653.277982385527138831
17225.991985377160744974
17710.584065608607488684
18109.284615981636306969
18425.250052045110351173
18664.422725681532028830
18827.137667336708545918
18916.332648964966210769
18937.418027490464737639
18883.534555527388874907
18753.643353108127485029
18547.070066880722151836
18262.058707555155706359
17890.893502351886127144
17452.167138050113862846
17016.417177022500254679
16483.132673370168049587
15896.950344196900914540
15255.078904427224188112
14573.860245651743753115
12745.156952274895957089
10900.014609530751840794
9055.542950262853992172
7238.406865775186815881
5470.901843408698368876
3801.332568926395651943
2288.420949849589305813
995.750371103897805369
2.958011893604942433
0.000000110283295202
0.000000000000000045
0.000000000000000000
0.000000000000000000
0.000000000000000000
0.000000000000000000
0.000000000000000000
0.000000000000000000
0.000000000000000000
0.000000000000000000
0.000000000000000000
0.000000000000000000
0.000000000000000000
0.000000000000000000
0.000000000000000000
0.000000000413750016
0.006569903457850003
673.305803314045078878
1570.497075663792884370
2537.136604392333083524
3489.494142332078354229
4389.439926881673272874
5212.855047940411168383
5933.728241214766057965
6530.349097957515368762
7004.902498603385538445
7352.147315784754027845
7570.792143647779994353
7668.982820736857320298
7665.807595327241870109
7578.398699707863670483
7409.691449231915612472
7164.920007098652604327
6851.061163293979006994
7362.168287367610901129
7830.580656833524699323
8270.926902679872000590
8692.434394488369434839
9097.344641219733603066
9489.161400894819962559
9627.456215380803769222
9753.064554247042906354
9863.415186552767409012
9957.304770047909187269
10035.508165355522578466
10091.980635176902069361
10121.127000489790589199
10121.443531146749592153
10091.928108639023776050
10032.063744189712451771
9941.860361650844424730
9819.872465192314848537
9667.052990611864515813
9485.149484011761160218
9278.014838350418358459
9053.419214648354682140
8822.395069041818715050
8595.599251017241840600
8381.540697320800973102
8187.386047365617741889
8018.261915394866264251
7896.897415451532651787
7809.087638300174148753
7752.937211361205299909
7722.369867201353372366
7708.853926907291679527
7700.521407517737316084
7683.067134002312741359
7639.678443749040525290
7557.066200754868077638
7420.961337927549720916
7222.153543497756800207
6950.702235367280991341
6584.306510758600779809
6114.095988030498119770
5535.566528162065878860
4799.955752543203743699
3929.110407396680329839
2925.111278636444239964
1776.377932186683665350
469.949232925711555708
0.000000000000000000
0.000000116601750227
0.000000233870603720
0.000000000000000000
0.000000000000000000
0.000000000000000000
0.000000000000000000
0.000000000000000019
0.000000000000005755
0.000000000000048765
0.000000000000000000
0.000000000000038993
0.000000000000025033
0.000000000000000000
0.000000000000000000
0.000000000000000000
4582.606467359926682548
4579.868522985348135990
4570.577204013652590220
4575.515509215539168508
4592.043872404125067987
4624.904383438769400527
4661.472193684881858644
4696.556053588598842907
4722.012665149406529963
4736.749708376273702015
4911.140261690870829625
5135.907639977723192715
5402.787426678412884939
5677.981802019886345079
5985.445299391692969948
6341.300027550018967304
6725.586988513755386521
7100.632878587247432733
7443.641621051741822157
7791.610795567295099318
8152.192684540544178162
8495.478451075789052993
8826.261011819178747828
9159.331302790797053603
9485.124647826718501165
9858.643670420216949424
10251.951345729054082767
10635.712836608352517942
10923.377044109913185821
11159.402881791143954615
11318.503002714287504205
11303.513511080913303886
11292.185282346783424146
11319.233944498335404205
11416.962192365752343903
11660.367072144175836002
12300.468125361405327567
13000.150145435452941456
12154.427339908505018684
12221.889533104191286839
12225.409108558045772952
12394.219718969061432290
12543.530175038504239637
12589.925090073171304539
12638.181539367369623506
12731.854265290565308533
12855.544959158843994373
13304.693912166811060160
13932.867557514213331160
14563.025730459257829352
15181.271716765744713484
15735.547232680781235103
16267.523510926852395642
16727.927123286372079747
17001.881824173662607791
17316.246597311310324585
17400.898819315694709076
16862.539876397557236487
17388.747594412321632262
17681.010386202386143850
17667.939862980492762290
17691.073119134955049958
17866.920233433873363538
18219.890668257303332211
18690.449953062412532745
19148.319251005079422612
19523.634937804930814309
19767.036614286094845738
19525.361417435418843525
19447.905148417587042786
19672.739249347159784520
20014.041012028425029712
20410.031470902660657885
20593.309820340644364478
20456.954663748310849769
20214.869678553786798147
20140.602564760611130623
20061.407148463276826078
20075.990387137557263486
20277.987771774864086183
20634.297106614911172073
20924.606080262852628948
20979.979756667107722024
20934.050739919086481677
20862.652806679954665015
20820.995709612885548268
20893.468654716885794187
20986.638185391781007638
21039.342788393558294047
21035.307223519201215822
21050.659810029679647414
21068.359704847731336486
21089.184325441219698405
21113.270426871709787520
21166.388041145404713461
21221.282647596657625400
21190.413755152603698662
21143.294138002002000576
21138.801576690151705407
21148.328469682299328269
21148.246962287605128950
21120.705544758442556486
21053.651855661111767404
20992.241402138799458044
20952.968856483916169964
20971.689002745497418800
21076.435359018021699740
21241.009308494798460742
21389.839056248405540828
21474.149354493270948296
21506.003822475857305108
21526.211605722455715295
21600.199193743552314118
21762.593657097928371513
21950.247459897254884709
22160.490784488712961320
22395.172980205737985671
22627.465268287087383214
22845.432777094352786662
23053.660685767234099330
23297.974298314555198886
23543.292112939143407857
23798.215580073712771991
23977.273020952485239832
24012.484100897181633627
24096.396375348012952600
24125.194838689541938948
23885.936932055403303821
24191.726316589949419722
24349.932340123810718069
24199.699405361803655978
23989.520933663978212280
24235.814580133806884987
24190.841543857921351446
24097.189515727131947642
24257.759121272210904863
24086.823292524259159109
24321.553877282403846039
24414.478919665620196611
24363.765547429746220587
24277.658702909186104080
24197.425660483942920109
24186.848633919074927690
24314.515060385565448087
24488.367729557870916324
24554.494231947141088312
24549.113243751085974509
24476.477297001973056467
24415.347102360767166829
685.877333651931735403
