761.272738690046594456
1018.280915222452904345
1213.803912643415515049
1386.669761146644304972
1501.594192387145540124
1632.656996527018691268
1785.528801692609476959
1967.220646077592618894
2184.524214743639731751
2442.513551449786973535
3718.673862503056170681
5021.830951683151397447
6337.729379020352098451
7653.203163596903323196
8953.407139904975338141
10224.952722430485664518
11457.423749119718195288
12642.837908457477169577
13774.330846629840380047
14844.255031838427385082
15847.860545418547189911
16783.596784056047908962
17649.943492554557451513
18160.781156678607658250
18599.947605952769663418
18963.861219909416831797
19253.215111554807663197
19469.534855518042604672
19617.153303773840889335
19694.944612312938261312
19704.564630425098584965
19650.367575606280297507
19524.761443667317507789
19326.207393371645594016
19053.756255304924707161
18705.561907475457701366
18273.932471634769171942
17777.414054084438248537
17286.621083535090292571
16702.170211919008579571
16069.259349154011943028
15385.658132138452856452
14668.113876305835219682
12996.957722474724505446
11314.858162123771762708
9637.774170799244529917
7989.879378110135803581
6389.191771677108590666
4877.346441094531655835
3502.808351970689727750
2312.723735091454727808
1358.134705623768013538
681.454561865286109423
296.110220479027077545
147.544358661616826112
138.462636578692126932
324.775593638689770160
964.461597283989135576
2131.633353422629625129
3862.420665503014788555
2177.261239589124670601
1030.883124056963652038
416.348852014754925221
208.449960342840910243
200.233248587562059129
309.664140839286972096
553.460594558611774119
951.608471832167651883
1505.122030979137434770
2155.394233319889735867
2853.279354095383951062
3564.358389319297657494
4256.238530472516686132
4913.471075775726603752
5521.730357642765739001
6058.675053882680913375
6503.175582254420987738
6856.223528306892148976
7110.630988074697597767
7262.717393698205341934
7317.899424894834737643
7292.395379399685225508
7200.708746750224236166
7043.513593794085863919
6823.769951832429796923
6545.938261836743549793
7076.619598929211861105
7570.308352327389002312
8039.621878215534707124
8492.103702982209142647
8928.573321163832588354
9351.360087210090568988
9243.958869403368225903
9121.643097881744324695
8981.073042834632360609
8820.057426400833719526
8638.051528195974242408
8427.304351646402210463
8180.144226510779844830
7892.682067168392677559
7561.332758305115021358
7182.954564023924831417
7396.605032330669018847
7561.283080107112255064
7680.182720895872080291
7757.390309551349673711
7798.999189281054896128
7814.745119239699306490
7817.187734509575420816
7817.914720168972962711
7825.662863084564378369
7847.143464877326550777
7886.524940184881415917
7702.392443126389480312
7544.743726806779704930
7413.500716508347068157
7304.951002434297151922
7213.256498258656392863
7129.269609285074693616
7041.181128276781237219
6934.298650174197064189
6797.021270352655847091
6616.401794030167366145
6384.352635874904080993
6092.247696984115464147
5719.795156965622481948
5260.819502802113674989
4714.681675634835301025
4038.306132955102384585
3259.843180464672968810
2389.549009341939836304
1425.742767987503611948
365.934795001551776750
9.406651609836211847
42.202290095936142222
17.822088915442453327
4.252216232882313207
0.842232341830339792
0.199632422659883568
0.027795231206688243
0.003495840520252681
0.000470095835864597
0.000076856664794074
0.000016872328227915
0.000007426626900743
0.000010726405882273
0.000046984580642150
0.000486795466267764
5.201993596953692567
4578.543642914655720233
4573.771385659237239452
4559.358727034822550195
4556.764015406870385050
4580.274902771543565905
4617.798796253600812634
4656.408543445296345453
4690.952972532632884395
4713.600757760822489217
4723.735610659054145799
4906.881567597642060718
5139.287890904832238448
5412.856968418245742214
5693.963879132775218750
6006.732244594511939795
6367.444405690928761032
6756.289574867182636808
7135.728636938468298467
7483.085293843249928614
7835.463735350971546723
8200.611033671309996862
8548.703207765078332159
8884.611424961827651714
9211.634097708290937589
9531.712248173111220240
9899.774882945312128868
10287.803749282062199200
10666.380571857245740830
10948.873917494853230892
11179.672099732084461721
11333.428058548372064251
11312.931668437442567665
11295.906643750129660475
11317.054589285815382027
11408.676590979326647357
11645.778484681626650854
12279.395258334438040038
12972.423415238879897515
12119.897703295746396179
12180.492924332000256982
12177.136267413683526684
12339.120110938391007949
12481.707561823246578570
12529.160040175218455261
12578.667209781488054432
12673.783691439348331187
12799.058386517754115630
13249.807873593363183318
13879.380410556406786782
14510.375554451677089673
15128.288418689266109141
15679.961919540162853082
16180.892654885419688071
16622.398139072742196731
16887.573317074246006086
17199.387430628503352636
17290.028152735307230614
16776.674427664544055006
17349.899966882909211563
17712.667138287692068843
17632.760625424081808887
17611.524009082837437745
17765.169922192013473250
18113.006862989783257945
18587.078090358725603437
19053.730214271079603350
19443.713252861140063033
19708.401336246355640469
19494.589497895543900086
19421.837040295860788319
19644.342822019352752250
19981.072911945349915186
20372.251326738096395275
20551.321954283517698059
20411.694814296457479941
20167.371124201290513156
20091.883107964742521290
20012.403768619864422362
20027.538522758430190152
20230.810730903569492511
20588.997285459870909108
20881.664862333604105515
20939.777066466871474404
20896.891444778371806024
20828.773076451376255136
20790.557011064622201957
20865.149182398967241170
20960.442434152897476451
21015.222334248297556769
21013.172854943069978617
21030.389829821178864222
21049.806865469454351114
21061.035105854225548683
21075.344710704252065625
21118.486279522963741329
21163.174282913536444539
21121.821618992489675293
21063.877260837987705600
21048.139596933971915860
21045.909293218002858339
21033.459592525301559363
20992.839843868056050269
20937.897127475287561538
20887.889058383312658407
20859.415986284635437187
20888.443859327024256345
21003.114481444426928647
21177.327078888269170420
21335.589899403061281191
21429.182014176301890984
21470.189317869448132114
21499.410327561537997099
21582.234241037920583040
21742.581573074847256066
21927.996901544553111307
22135.863579966047836933
22368.096930754614731995
22597.937983445965073770
22813.513334792954992736
23019.452249310092156520
23261.602631181161996210
23504.884091542506212136
23757.883195096859708428
23935.107255958195310086
23968.569962878260412253
24050.854513290276372572
24078.221005268980661640
23837.865933774377481313
24143.130444789192551980
24301.644839158187096473
24152.910947680305980612
23945.872562759010179434
24197.432943660216551507
24152.017416305836377433
24053.908213161153980764
24207.542397570974571863
24027.807567937004932901
24255.961133115008124150
24342.620587768909899751
24285.836405610771180363
24193.895211250463034958
24108.113325378468289273
24092.321247257903451100
24215.146887830331252189
24384.565780744385847356
24446.687256697485281620
24437.735351772553258343
24361.952304976301093120
24298.512365878530545160
738.744176787538549434
