4696.333927845962534775
767.652553542708233181
331.024118150538981808
107.847270059559747324
77.020958471668933498
67.541498679442412367
58.725490878478289858
58.186534218530880480
53.565220432440789011
53.502791961720767233
53.463808979648632658
53.433692697119333559
53.411475907250924422
53.395106000450212491
53.382466216352028709
53.372451920194379227
53.363937612985949954
53.355549025846549682
53.346927157554787868
53.339100240243368489
53.332901709303001780
53.327902221739542199
53.323031686456168643
53.317655784462949953
53.312268450596540958
53.308004560429409935
53.305453923973914243
53.304444921086201248
53.304373463617011453
