1050.451237524215684971
1108.224848113366761027
1190.311393744603719824
1309.417346843822542724
1252.429897651022429272
1261.571140367334464827
1349.413096599877007975
1522.541568786892867138
1781.149266681053632055
2119.787065362740122509
2859.764005675443513610
3654.624937936402602645
4490.249479740728929755
5353.604694968581497960
6229.980783230801534955
7105.959276775059151987
7970.746417402174301969
8815.539406947713359841
9632.219044352192213410
10411.491099091183059500
11146.528445108531741425
11833.293623410170766874
12467.489024182777939131
13045.486939983553384081
13565.679399331911554327
14024.756651857545875828
14423.712914782809093595
14764.434975155159918359
15051.786042191615706543
15285.667961488308719709
15469.191932993235241156
15608.695281585854900186
15699.439195799113804242
15742.958906970234238543
15741.401358890898336540
15695.758576583657486481
15600.522424056407544413
15474.868884551437076880
15389.442605234078655485
15248.649049528405157616
15097.436552027231300599
14931.961481486026968923
14765.212247907713390305
13865.520270413020625710
12975.022574825039555435
12098.378975056468334515
11242.867718639958184212
10403.269801866113994038
9591.713692616318439832
8820.978084060370747466
8096.966750624897031230
7427.213453520012990339
6817.384109808573157352
6275.344091407378982694
5813.659892706064056256
5430.426533958349864406
5139.337825486943984288
4957.672793766796530690
4819.175464268660107336
4772.454060988461606030
4686.448263781539026240
4667.648234182664054970
4700.954203764580597635
4773.776255640965246130
4879.987171141752696713
5013.931245867976031150
5166.258722673677766579
5329.814946982695801125
5511.815833014424242720
5682.826992843070911476
5832.112857044644442794
5961.947657225488910626
6070.475061330796961556
6168.216154619374719914
6262.934808631623127440
6348.128058974744817533
6413.836570751806902990
6468.261885726788932516
6509.147913802979019238
6535.329378203862688679
6551.842768329647697101
6572.311807651422896015
6609.154607657274027588
6663.430718004065965943
6739.125844836014948669
6840.990867621143479482
7174.580519688640379172
7544.057966788742305653
7952.765927461682622379
8399.926096451154080569
8878.940261512969300384
9385.061696757169556804
9462.626055444421581342
9554.768087557393300813
9653.673276283532686648
9753.218674069084954681
9849.739631903983536176
9933.455274447282135952
9995.531911325766486698
10031.617758507016333169
10038.285214888230257202
10012.975652097569764010
9953.944738674967084080
9858.165066076398943551
9725.089453990263791638
9555.042980271338819875
9350.587593643987929681
9118.437585308520283434
8868.880652226958773099
8612.183812531378862332
8356.970668137029861100
8111.324462561902691959
7882.397536527989359456
7424.972179215342293901
7002.572396788687910885
6621.239809543421870330
6283.581055537635620567
5989.715403884628358355
5735.982479605543630896
5514.648840930143705918
5311.208486812869523419
5111.527282260452921037
4899.639265888851696218
4665.578797159532769001
4400.877342261602279905
4087.136740500370251539
3720.102929419811061962
3302.474676688955241843
2797.593755757426151831
2235.178382951308321935
1626.060744916886733336
966.105715497585151752
245.433921580687467667
0.040991692539176665
5.315972178917594881
0.000000000000000000
0.783103288207075865
0.000000000000000000
0.000000000000000000
0.000000000000000000
0.000000000196200334
0.314686316707894431
0.155849253337998012
0.000000000071701442
0.000000000000000000
0.000000000000000000
0.000000000000000000
0.000000318145961235
29.877524839507387355
4204.615199027663948073
4185.166868785187944013
4159.117811196358161396
4146.815290052729324088
4155.301258566194519517
4179.261205224647710565
4205.996883179637734429
4230.347603035831525631
4244.218855726751826296
4246.522829588379863708
4396.174885983756212227
4595.603395617185014999
4836.724967692603968317
5085.897211988713024766
5367.253023684826985118
5697.093223016021511285
6055.622663359129546734
6405.299512826099999074
6723.404673488718799490
7046.927223674597371428
7383.437771433866146253
7702.870362672354531242
8009.771995213353875442
8318.631956955399800790
8619.571597262663999572
8967.290836320164089557
9333.622492186297677108
9689.085249250738343108
9947.095593142707002698
10152.220810347904262017
10279.438517690465232590
10232.019515346093612607
10188.359115594610557309
10184.001873963996331440
10252.277979816093647969
10469.408104762780567398
11087.744940327853328199
11771.773794477214323706
10919.209700550954948994
10989.011646532027953072
11006.291898627738191863
11201.316725686030622455
11390.641453487571197911
11507.623296509227657225
11642.995647404755800380
11842.686612648405571235
12095.490295262510699104
12702.146432923424072214
13525.985749446121189976
14402.539525021773442859
15327.984538203529154998
16248.985256724055943778
17153.886142897037643706
17972.867507407958328258
18519.674041907321225153
18971.931880384992837207
19103.671261021292593796
18580.689884495703154244
19114.583956022030179156
19420.609201463434146717
19449.043059631960204570
19524.333082775239745388
19761.172416192988748662
20156.113850241712498246
20529.878622422038461082
20720.552664017461211188
20712.793526923680474283
20495.622875318284059176
19755.716965162435371894
19128.091854962138313567
18813.688718569639604539
18713.897488895287096966
18849.200421006353280973
18947.836437656074849656
18814.965811172649409855
18613.245649860753474059
18597.936193900372018106
18588.604998636004893342
18679.941882470644486602
18963.150546949877025327
19403.116062494827929186
19777.397213588457816513
19914.760820975712704239
19946.661392268895724555
19947.915041102176473942
19975.507574898972961819
20082.826276554827927612
20214.658557496702997014
20310.537774978791276226
20352.801885957647755276
20415.474187713698484004
20479.499164931341510965
20535.644072955561568961
20591.584827961156406673
20673.025454219310631743
20753.365877090371213853
20746.052932298549421830
20721.455153078641160391
20738.974767637631885009
20770.140593432875903090
20791.083720640279352665
20783.439268046680808766
20734.500165378576639341
20688.708725339223747142
20661.806921643983514514
20688.870432069667003816
20797.242994986521807732
20960.508586424606619403
21103.946828283660579473
21180.841927336441585794
21205.588207970373332500
21220.259094820063182851
21290.065521320313564502
21437.577552207039843779
21609.339127491974068107
21800.907489336939761415
22010.293966255310806446
22200.018819801927747903
22331.066392858319886727
22381.724928612002258888
22430.814987833487975877
22500.890059750858199550
22640.071072263202950126
22757.858446013433422195
22754.046531790154404007
22804.351330416669952683
22799.702297617404838093
22525.845162662641087081
22796.241746733623585897
22921.585806577957555419
22761.106340788988745771
22614.717271180863463087
23001.762982766940695001
23153.509137287746852962
23515.330423153845913475
24104.284729666920611635
24283.718771825657313457
24716.328360778792557539
24880.154785460752464132
24833.930996676921495236
24723.407082417634228477
24605.715104167498793686
24552.772586939434404485
24638.061069400144333486
24770.859591518110391917
24799.024174495723855216
24759.390752888699353207
24656.200679417361243395
24570.448182420121156611
1156.256603932525877099
