57.914836224739801196
12.346459713897314003
9.028416156470779441
8.471299871838006368
8.224710851571487069
8.140420583298880075
8.071515351001643523
8.051575198544306033
8.028429897786217850
8.018847985088074282
8.006708352967629949
7.997811741837210775
7.990818932027860200
7.984375403396556159
7.978923066362376915
7.974702808219355177
7.970866417970714934
7.967213875019515612
7.965851247878355856
7.952446457410371039
7.949976169421237415
7.948491581245751725
7.943573482262847207
7.940674627517861239
7.937927994945239263
