1425.015069171685809124
1484.498409848854635129
1498.704360675223142607
1474.749324559195201800
1529.635455288438151911
1583.927921653748171593
1658.772254539392406514
1767.246785749721311731
1914.765590794222589466
2101.596669125461176009
2609.014800133782955527
3148.474564482574351132
3720.573679378733686463
4328.770517272535471420
4970.288282126191916177
5642.520621877289158874
6345.356820984407022479
7078.740089886699934141
7839.038576447200284747
8614.333789669053658145
9394.256510395074656117
10171.349134004673032905
10933.879214437969494611
11669.025925074287442840
12367.074700114715597010
13012.325726839215349173
13599.247706386464415118
14123.972698946121454355
14590.303780315585754579
14989.564500168778977240
15322.150690082822620752
15597.722512314870982664
15797.953363454596910742
15920.927300683562862105
15966.032480912845130661
15929.289164598943898454
15789.506627609243878396
15590.116181099840105162
15510.617446854303125292
15295.267813163232858642
15056.975431646395009011
14781.077445927861845121
14498.172542860724206548
12964.522704213421093300
11446.982057436283866991
9958.298593571707897354
8519.973342066410623374
7121.397928817234969756
5798.155903910770575749
4586.335725653509143740
3500.756123124229816312
2556.183281252477627277
1756.653276539341277385
1105.703592998504063871
613.752580750826837175
246.043194767038130522
0.341514379874356844
0.066494925405036348
0.000185601691232606
0.000042176910822455
0.000042491317846367
0.000002249843853650
0.003593689317321714
0.103815635489160354
2.725331436216976488
200.668130108216843155
598.452459125805376061
1175.111839181880668548
1928.237882656427927941
2746.286283850966356113
3567.077392492112267064
4368.777060939964030695
5124.447468253390070458
5838.465355175111653807
6506.563635174011324125
7096.555591560356333503
7574.629280676675080031
7958.248800285606193938
8239.069141822712481371
8412.808834025805481360
8492.923897132497586426
8516.944353913446320803
8519.836158157559111714
8505.949839346245425986
8486.886558387137483805
8476.637149000154749956
8500.738775299982080469
8568.712801462732386426
8697.974866941698564915
8895.874318038388082641
9154.433582362662491505
9470.093387498371157562
9555.970373468055186095
9678.691041094101819908
9822.648853972063079709
9976.782336411666619824
10136.557587072524256655
10281.481166904941346729
10393.513315480695382576
10465.883699233872903278
10493.448297240480314940
10472.490553253697726177
10400.625068172501414665
10271.391156790405148058
10083.987185752906952985
9838.875079859517427394
9541.256283496328251204
9206.230104955031492864
8857.868796406230103457
8520.465607980069762561
8214.388968717827083310
7958.514130533661045774
7768.561956874984389287
7184.475987448859996221
6708.270497274155786727
6352.313060528241294378
6117.834079743300208065
5997.665126912384039315
5972.870851111278170720
6015.157709754149436776
6087.751463907926336105
6162.226337007943584467
6208.838304499579862750
6214.019540791142389935
6166.077410727259120904
6017.412357132933721005
5730.966113146090719965
5284.851149881235869543
4608.864305757349939086
3783.754031958841551386
2840.010699043066324521
1750.378764325114843814
463.074756197558599524
0.000000000000000000
17.322349173718489368
0.066575542810061381
0.401051490718075165
0.000007367424569111
0.000003579420479174
0.000002347204998829
0.000040895491567085
0.000148942559715225
0.001346894197133959
0.001139353595054071
0.058471023383983335
246.768566421509916609
558.370111110723996717
863.098895104966345571
1103.739586399333802547
3195.319311177305280580
3183.552747688812814886
3159.307776335758717323
3143.232978629996978270
3163.668957005490028678
3196.987330966541776434
3232.318440067208484834
3265.596513217952633568
3289.256056459508272383
3302.459706657498372806
3481.199965335863453220
3710.838864940561961703
3983.879895921836123307
4267.602694382143454277
4586.340424626459025603
4956.550035479394864524
5358.792469215116398118
5755.833046681466839800
6124.861849204905411170
6501.939920827933747205
6893.945007654540859221
7270.549995977842627326
7635.790977454945277714
8003.794912256464158418
8365.027556705532333581
8774.385381947986388695
9205.740650120915233856
9632.619964560517473728
9972.933571838275383925
10273.268681375026062597
10509.415113122084221686
10583.235883962159277871
10663.495090848613472190
10778.367196055110980524
10955.147273425644016243
11264.613896088028923259
11950.705931106707794243
12677.993947842003763071
11861.755664315978719969
11925.321525873345308355
11911.195477630075401976
12051.170933833955132286
12167.055017462924297433
12088.800908225826788112
12013.921282996387162711
11988.291993223265308188
11999.169891493342220201
12340.486180349525966449
12868.758367130054466543
13409.915895130799981416
13951.105647878834133735
14442.634709052617836278
14906.734919742351848981
15353.999764434482131037
15726.161731502144903061
16386.022464232344646007
17392.126027779162541265
18633.975049999276961898
19839.498846016798779601
19696.945027606685471255
20205.648874421720393002
19361.699322334057796979
17860.920437874883646145
16944.908555171205080114
16903.749405865542939864
17241.150380428247444797
17649.615067114413250238
17995.070261585708067287
17896.985312525754125090
17952.498374372862599557
18305.120081167482567253
18768.022534645333507797
19273.675873631935246522
19549.315869484336872119
19480.303821573779714527
19269.572658380664506694
19181.918829893078509485
19053.036412720102816820
18993.761111036925285589
19116.107300108065828681
19408.471216165115038166
19668.344573789545393083
19730.980615402917464962
19720.900699603109387681
19705.080929110932629555
19731.985685131243371870
19832.850398511400271673
19960.871017643396044150
20053.805205562784976792
20094.394450642124866135
20157.323733296776481438
20225.624578395028947853
20279.858691036151867593
20339.927798878863541177
20430.106269940544734709
20521.590447698603384197
20525.707882116083055735
20509.127582758574135369
20528.335216378742188681
20554.010634609898261260
20562.695812405600008788
20537.607241542402334744
20468.304672429920174181
20400.796849777329043718
20352.281948648214893183
20358.449328591923404019
20446.940697856716724345
20591.866583987626654562
20718.785477789126161952
20779.997266692080302164
20787.990944456414581509
20783.290307350354851224
20830.054053188880061498
20910.367909067230357323
21017.335742539711645804
21155.702187621198390843
21334.318657322299259249
21528.162556455259618815
21721.400685555079689948
21912.129745586775243282
22138.003486646492092405
22353.346033995592733845
22545.109599910054384964
22585.165350695246161195
22356.404477759042492835
22081.390109739226318197
21906.692894551841163775
21867.822981352917850018
22480.263782556205114815
22943.720093222680588951
22950.709262202482932480
22755.667593348331138259
22928.002446924951073015
22833.849259724353032652
22689.166012593035702594
22790.119211582074058242
22499.200389204219391104
22682.067514931441110093
22737.987674490843346575
22675.130738233379815938
22612.558412486905581318
22600.539478621511079837
22704.162300505431630882
22982.655298084053356433
23336.161668095119239297
23649.378906504094629781
23935.845705272011400666
24207.057856345982145285
24542.889039879570191260
2265.257765559359995677
