84.185187402820361058
84.542074972164897417
85.002438750345788776
85.275652217465562899
85.135165349886676722
84.781282983450068969
84.393815205170199079
84.035303213874897210
83.760629795761616379
83.332370607366385684
81.867327812018714894
79.714374178090523060
77.143923569966474929
74.352692450727516871
71.042662877254315390
67.002377939870399359
62.518865027410413404
58.340532447341217903
54.612038689413196835
50.829983091615559943
46.907947628432779652
43.238023609190534557
39.764415444724264148
36.287915623306631119
32.894852834937324815
29.612383066522639297
26.316641595230692019
23.455184323914863853
21.315017922954424989
20.016521766072656874
19.245844229766646549
18.808038431779564803
18.576585595431993170
18.395833017822525335
17.618302658583829157
16.159337409083775583
14.835560436614542823
14.538033366229171861
14.971032981481926072
15.356332182542047349
15.405979037969473211
15.469500274627193903
15.571438321593461751
15.645852311311472249
15.225215808583982380
13.858610063240917043
11.496192034369926205
8.431769092448007541
4.895722487859870853
1.081585027361143148
-2.493079960301457731
-4.885367204713247702
-6.020438647375726759
-5.791190258503007726
-4.772759286948826229
-3.610798496217483944
-2.952983513667163606
-3.021208814651885177
-3.308116627202764448
-2.889901191815795300
-2.089630134337227219
-1.976052737619880872
-3.891770378178421197
-8.000083255139969651
-13.323054978652862701
-18.414076256552874611
-22.523776816962566727
-25.451922722965719004
-27.474245647269526671
-29.089723203012397335
-30.744046041002832226
-32.593310725793486426
-34.490722463551378496
-36.109030554879609554
-37.041417425152900478
-37.187612820504682531
-36.946581294139576812
-37.055713633774558957
-38.308937675525726263
-41.115417988333518906
-44.877832446776096731
-48.223663851671801694
-50.302173604683503072
-51.395287636452536617
-52.087433920560698652
-52.868979939910275334
-53.938298547506093428
-55.108720010034716097
-56.083559357155678526
-56.804069512538234221
-57.467917055949271798
-58.154862103910403448
-58.872718227092235566
-59.558425568271758266
-60.160684769385852633
-60.640928987044958376
-60.949855240737605300
-61.206306169051799770
-61.607727951150337731
-62.177721357161544802
-62.729820072513319928
-63.094323209568131006
-63.219460069113949885
-63.233608190652461190
-63.469765167275085105
-64.220057376942406790
-65.579522469635321613
-67.334864583308075225
-69.080315282052509929
-70.536522757196848943
-71.729747093825295678
-72.930787112648488346
-74.480006617822311910
-76.524184659375606543
-78.945371220588100414
-81.627583607986764491
-84.479941977965694377
-87.365658245109557356
-90.182229480129080912
-92.903695374699765352
-95.530358445147413704
-98.004253595753112904
-100.161849256218744131
-101.760323657908855921
-102.778158879357988553
-103.467861962546407995
-103.914201190872233838
-104.147645427693845477
-104.260179071636144954
-104.309751685577708713
-104.349901227333134557
-104.456360093689966106
-104.609148499575127289
-104.681391716329358132
-104.594340936944973919
-104.339509005762664628
-103.914102960329330472
-103.330345403728728115
-102.635565155534123960
-101.916360970002074282
-101.271532607768619982
-100.762246155556340454
-100.390286305097333752
-100.106026312358579844
-99.818647777567463208
-99.418136677257365363
-98.867455783972218342
-98.241139779424287326
-97.674114262294466471
