1984.507765543267169051
356.464393292133308933
108.378563457616905907
71.881499869726127372
60.328203620814193187
53.667253713438213936
48.913166913287099646
44.891967057738817459
41.816357962609878030
39.761720169101458566
38.085293730787050492
36.381467343139078707
34.964845596035388553
33.637575522456977239
31.970178172460858690
29.985143565685831391
28.135547785293397283
26.463942464071912752
24.941324627473232312
18.408263585755367586
17.401593625277200772
15.777697288781620699
15.705542359571886379
15.679488890892230302
15.677789249058930565
