1349.222704728856570000
1312.945243962964468665
1307.111150824616061072
1342.960145968095503122
1272.535999677682411857
1269.451188195846043527
1345.148333844130775105
1505.686667694535572082
1751.224946633178660704
2076.568256167199251649
2717.139698838691401761
3413.896845209585080738
4153.881987917575315805
4925.265187059440904704
5714.541918161050489289
6509.425164113912614994
7300.097821044912961952
8078.521634752187310369
8837.108870814301553764
9566.863997059395842371
10261.016035130260206643
10915.354287206240769592
11525.228051704114477616
12086.514143054911983199
12596.998319469987109187
13052.718411719268260640
13453.977026750617369544
13802.007951337262056768
14101.139071045230593882
14351.033116738888566033
14554.841487995156057877
14719.253720653745403979
14840.345580729952416732
14920.635890601195569616
14963.394573438717998215
14970.826203210133826360
14938.666181868855346693
14887.115486591430453700
14887.922401498057297431
14847.972200309168329113
14813.892236580210010288
14783.443675186721520731
14770.844991451531313942
14056.480220662808278576
13373.123277772318033385
12726.641843793639054638
12124.443931851890738471
11559.906770487383255386
11041.886740660816940363
10577.649370395569349057
10164.703236751221993472
9798.140843287686948315
9464.137847677631725674
9138.179109510885609780
8796.820426015816337895
8455.482582748165441444
8136.457423813459172379
7835.672916560546582332
7545.115876482318526541
7260.991014202134465449
6984.585450910105464573
6722.230797071662891540
6485.620943865144909068
6286.980114128070454171
6114.996339856186750694
5926.629851537318245391
5749.857998231823330570
5625.294146919601189438
5582.459633886891424481
5601.174305643937259447
5673.349641961412999080
5799.312849976486177184
5971.107427585242476198
6187.481863908114974038
6440.864511558388585399
6711.972195399514021119
6980.703987167666127789
7246.814531424277447513
7501.220802163278676744
7737.294273392083596264
7955.790170218997445772
8167.063152640948828775
8380.921586131413278054
8596.007123973611669498
8813.999715045740231290
9037.565357533023416181
9082.006057261483874754
9140.549822803128336091
9218.227448102237758576
9316.806477808970157639
9432.783599002976188785
9564.785350338725038455
9619.179695462049494381
9681.740184459247757331
9746.242061284950978006
9808.171542768703147885
9865.394626723027613480
9909.528647253660892602
9933.008799474875559099
9932.581222398872341728
9905.743626829082131735
9850.755669166905136080
9766.692045053428955725
9651.466817217225980130
9505.613656136889403570
9330.638236678401881363
9130.269378432099983911
8912.240264083540751017
8687.664397038979586796
8467.442725165299634682
8260.507683443864152650
8074.660952622463810258
7915.960450032294829725
7604.205802791847418121
7332.777171814762368740
7103.681196871754764288
6914.867913697099538695
6761.425244088867657410
6634.284088447224348783
6520.902180739433788403
6405.188666030569947907
6273.557823175094199541
6110.893780753746796108
5906.736359762632673664
5649.702815985407141852
5316.151728218437710893
4895.301418866003587027
4386.435824607875474612
3756.043919167224430566
3035.752429073757411970
2238.150222815698725753
1363.151871850033103328
408.682587010716588338
252.987800278356871786
109.633070669284293785
4.575718995189336447
0.000000000000788386
0.000000000000000000
0.000000000000000000
0.000000000000000000
0.000000000000000000
0.000000000000000000
1.008292975406552605
170.003522974421230174
478.502769678736342485
859.231757646623123037
1238.671356081666317550
1563.085082477110518084
1800.976878664114565254
3448.244922754891831573
3422.747800422576347046
3390.763969053879918647
3372.586856564814297599
3377.888403259411916224
3398.557693346645919519
3421.862719801871662639
3442.590758179182557797
3452.616928540858680208
3450.869541770686737436
3592.759659062398441165
3784.142468740534241078
4016.904746684069777984
4257.396964831502373272
4529.713682737204180739
4850.096928068756824359
5198.683204720507092134
5537.878731014671757293
5844.968885447484353790
6157.043158631830920058
6481.918699324843146314
6790.019691490218065155
7086.687731699449614098
7387.579717400857589382
7684.464768381689282251
8033.933923208111082204
8410.161676439967777696
8785.947109390210243873
9076.624807386740940274
9326.419759218208128004
9508.245062198975574574
9521.681403151540507679
9538.134955781792086782
9587.173340094275772572
9697.382131862488677143
9941.933885294116407749
10571.643243249201987055
11251.951615315098024439
10381.684777436861622846
10418.907722388534239144
10389.653806860394979594
10524.865299792312725913
10641.187176129600629793
10672.199322025084256893
10707.699032242953762761
10791.960954706964912475
10910.171044443699429394
11358.326989878711174242
11991.336777040070955991
12636.204804697956205928
13290.822204021056677448
13940.983632318213494727
14727.530170797077516909
15995.904942792056317558
18016.989075938534369925
20083.226688943977933377
21355.024968046313006198
21710.013131977484590607
21184.244146266250027111
19770.181943797128042206
21273.086435670094942907
21814.118409919239638839
21322.733232014608802274
19799.444719449540571077
17913.403775189253792632
17167.224601119341969024
17263.451586645038332790
17493.703020338096393971
17310.959609427955001593
17288.139336926520627458
17569.410462151270621689
17970.705190383479930460
18430.503344624001329066
18680.342719405274692690
18611.125432495820859913
18433.542623673427442554
18417.098948729966650717
18385.783054845323931659
18436.800562974371132441
18665.730198858920630300
19045.469036724472971400
19364.050030673039145768
19459.105713162978645414
19466.431579544208943844
19460.863363068925536936
19494.858870634892809903
19586.607290480493247742
19703.825809506808582228
19782.903615399569389410
19805.873729747589095496
19847.721604080448742025
19890.585012736897624563
19940.656773211943800561
19991.230055003241432132
20067.271624030345265055
20140.668228077603998827
20123.062905184116971213
20083.250422136548877461
20079.707229713701963192
20084.066607219650904881
20073.778690056813502451
20032.929059996840805979
19951.925889899386675097
19878.214409136740869144
19829.878083993968175491
19843.278583226754562929
19946.008338621162693016
20110.877511717226298060
20261.154976426092616748
20346.996942662197398022
20379.620876899363793200
20399.236783834141533589
20470.915432045276247663
20620.914917848920595134
20794.595007128347788239
20989.655842742246022681
21208.168927669470576802
21423.087616073447861709
21621.635303777922672452
21806.710815240749070654
22020.951092396353487857
22223.178622814622940496
22411.050751575021422468
22486.824788488149351906
22390.788276344039331889
22369.125752708863728913
22410.277758516305766534
22324.533755167347408133
22789.477973629058396909
23056.056804844807629706
22948.716470254552405095
22738.378355883611220634
22964.244159732817934128
22887.044473836460383609
22720.949263052694732323
22809.657404956735263113
22509.045965339624672197
22681.015039346882986138
22722.263515041235223180
22639.656858420625212602
22554.456921703909756616
22525.897275453487964114
22636.909207973032607697
22979.961473158869921463
23460.979651982961513568
23920.238972070768795675
24362.807350817711267155
24766.753802093509875704
25160.289315404545050114
1931.837379790952581970
