59.054006260995308253
14.102325392080951261
9.871063852906306835
9.294320543605781637
9.114000974911572683
9.091341640086886500
8.815165376583987467
8.770467744185907577
8.750650265428738805
8.734648363292331297
8.683687372481337263
8.665534978669708011
8.659527957813818233
8.654770150984695931
8.649630452029846595
8.643516594530321839
8.636537889838376003
8.618504462615257822
8.594650295760860814
8.575634182563053542
8.552292362845363982
8.544844704605576879
8.538886946116306831
8.517248098879434792
8.466176412800297868
8.452100006935580723
8.439382374030403255
8.431736197306467062
8.430292913903462804
