1559.597828007472571699
1491.889665110353917044
1428.934399059003453658
1385.026096839853607889
1302.100170276532708158
1274.234454416476182814
1318.193626583202785696
1445.956842561008897974
1663.694995179243960592
1971.510174903364941201
2399.207856573998469685
2899.826216503849082073
3462.286905545777244697
4076.442997610865859315
4730.398691995702392887
5413.292889408295195608
6116.401893577298324089
6832.354306664929936233
7553.783992452998973022
8271.476770912908250466
8977.960840629308222560
9667.872850896008458221
10335.056058880398268229
10973.576445126787803019
11579.141131544929521624
12145.507090017643349711
12670.491936922138847876
13152.668142888591319206
13593.529692588796024211
13989.694376010760606732
14340.999274344876539544
14650.505151247032699757
14910.256873604917927878
15118.450135818337003002
15273.805669726547421305
15373.853625442157863290
15409.726650447040810832
15397.489546495706235874
15404.726730987758855917
15332.092145870299646049
15221.240706416769171483
15065.535907736211811425
14875.791980948331911350
14139.597484437219463871
13374.727100766478542937
12583.033804658689405187
11770.237443775864448980
10931.225787187277092016
10080.507371536548816948
9235.609218406951185898
8409.483076217647976591
7618.781826801126044302
6879.750806731201919320
6211.819211182722028752
5640.514078535036787798
5178.973083669678089791
4858.886296410209979513
4714.569122651443649374
4694.879340889768172929
4854.780591552759688057
4644.929232140862040978
4599.072920043990052363
4702.399993880099827948
4934.746728721616818802
5272.449527005242998712
5691.413748562085856975
6165.563360802828356100
6670.626638623733924760
7198.174341093281327630
7704.276207926145616511
8166.775473143240560603
8580.779161023236156325
8940.323801675049253390
9251.264216624089385732
9514.954250164950281032
9720.327764397194187040
9854.784314152258957620
9925.820622469036607072
9931.438989434713221272
9871.943955521655880148
9755.259716332513562520
9598.726030468669705442
9417.941484806697189924
9216.066794269427191466
8999.200438167503307341
8774.995687391512547038
8840.842498985932252253
8918.836056297774121049
9018.328090715685902978
9144.644192813610061421
9297.154115974304659176
9476.587930187779420521
9414.638179473835407407
9374.895847327874434995
9352.110607649703524658
9341.991736575368122431
9342.007332451770707848
9343.094760427647997858
9336.728698166927642887
9318.454990269488916965
9284.541853631373669486
9232.154815810494255857
9159.490852455095591722
9063.831888979164432385
8945.251789388381439494
8804.943309598784253467
8646.435468727311672410
8477.337149186812894186
8308.705188980084130890
8151.476100420833063254
8014.694336427548478241
7906.262760304779476428
7832.221917106635373784
7444.889041601836652262
7106.038318629768582468
6818.896714651187721756
6582.402520925468706992
6392.163293971448183584
6239.083668037095776526
6110.039567443916894263
5987.855256321950037091
5857.386956736703723436
5701.701567670126678422
5508.631061590799617989
5266.441691768811324437
4953.659252700293109228
4563.360200140767119592
4095.400262116331305151
3509.865809521413666516
2834.724496989327235497
2080.579332051046549168
1246.042217827615559145
325.726073134031196332
49.642052963215640204
111.679188020427957895
116.483646746328716404
96.339864772239280910
64.549685548756627895
51.051102171352354731
51.083944199494453642
60.982185049556846934
82.984789551925970841
119.873527052819085270
173.175790373189812499
251.414674219535953625
368.255559670077104784
525.713850225967462393
724.387291930670016882
952.480970265593896329
4457.044592247464606771
4416.462674541523483640
4367.166849481543977163
4329.432527472094079712
4316.488487716410418216
4317.102930101465062762
4318.878866984835440235
4316.932663582851091633
4303.524077864044556918
4277.951576974050112767
4386.631649025447586610
4544.763023799248912837
4744.647694504473292909
4953.242289058289316017
5194.951066654691203439
5486.404349607702897629
5808.353904107316338923
6123.919703911119540862
6410.986939448798693775
6706.857087376400158973
7019.624918426352451206
7320.011188247925019823
7613.208589960186145618
7914.325441059148943168
8214.234926267716218717
8567.979986964737690869
8948.133020900508199702
9325.861073044901786488
9615.437049440512055298
9861.357242163971022819
10038.758078733651927905
10051.287396920048195170
10075.840439007866734755
10147.066816469043260440
10297.164597648183189449
10600.717407740457929322
11307.244974461098536267
12081.575821642099981545
11328.036251742700187606
11490.221694440959254280
11596.231779207548242994
11873.282927292690146714
12136.875518443512191880
12327.393624267147970386
12523.489584769860812230
12766.936911383900223882
13040.581719489322495065
13635.929271300990876625
14404.868990538177968119
15168.443356548845258658
15909.371996933727132273
16571.830018621159979375
17168.506216116358700674
17689.328831587350578047
18019.669645908634265652
18384.189600783778587356
18514.375319284783472540
18019.751346275847026845
18575.798511546196095878
18893.257519574231992010
18814.245305757616733899
18765.102216625233268132
18861.992329774479003390
19129.517577150672877906
19508.897126906544144731
19871.261242634391237516
20148.019958046133979224
20291.290181901815230958
19951.955506430462264689
19748.875252145637205103
19838.619447666314954404
20044.497530584711057600
20310.096687971552455565
20373.034318880003411323
20129.297125901466642972
19792.812884911050787196
19636.128009455329447519
19487.746319113965000724
19445.622072229987679748
19602.370272415311774239
19924.377629848928336287
20191.673190947953116847
20235.093061577324988320
20186.076782683128840290
20118.533581722702365369
20085.867229167979530757
20179.086245717986457748
20295.140039118130516727
20371.830069147254107520
20391.851980208619352197
20430.068146720503136748
20468.979779308443539776
20508.053058228659210727
20548.403305622749030590
20615.820557866110902978
20683.534516281961259665
20664.962801325476903003
20629.741651701297087129
20636.936235278364620171
20658.583023322295048274
20671.573486072309606243
20658.405925316328648478
20607.171023801096453099
20562.633004333078133641
20540.864469990316138137
20576.994156813154404517
20698.206122607316501671
20877.623831760727625806
21039.166410760142753134
21133.323527831471437821
21171.084451720169454347
21192.126328793005086482
21260.786302823802543571
21396.049358798725734232
21550.026167541065660771
21720.348532395626534708
21909.507333578672842123
22091.831441718382848194
22256.785524294249626109
22410.536971295805415139
22600.454436823682044633
22793.583710365139268106
23000.435541371785802767
23137.947595774377987254
23140.290617184095026460
23200.345787749683950096
23216.051727532299992163
22976.463579648279846879
23290.136658436163997976
23468.611471959466143744
23351.603765872900112299
23185.251709444833977614
23481.649171971388568636
23484.035729265022382606
23497.577994487928663148
23761.940799961659649853
23679.893289547391759697
24014.451862276069732616
24206.023848052780522266
24251.162475067962077446
24255.971405112206412014
24261.084760541260038735
24329.784557753922854317
24530.181284810307261068
24771.722853570103325183
24902.907033084396971390
24960.055483605479821563
24947.833355661790847080
24943.982174891250906512
1054.045820523303746086
