38000.000000000000000000
38000.000000000000000000
38000.000000000000000000
38000.000000000000000000
38000.000000000000000000
38000.000000000000000000
38000.000000000000000000
38000.000000000000000000
38000.000000000000000000
38000.000000000000000000
38000.000000000000000000
38000.000000000000000000
38000.000000000000000000
38000.000000000000000000
38000.000000000000000000
38000.000000000000000000
38000.000000000000000000
38000.000000000000000000
38000.000000000000000000
38000.000000000000000000
38000.000000000000000000
38000.000000000000000000
38000.000000000000000000
38000.000000000000000000
38000.000000000000000000
38000.000000000000000000
38000.000000000000000000
38000.000000000000000000
38000.000000000000000000
38000.000000000000000000
38000.000000000000000000
38000.000000000000000000
38000.000000000000000000
38000.000000000000000000
38000.000000000000000000
38000.000000000000000000
38000.000000000000000000
38000.000000000000000000
38000.000000000000000000
38000.000000000000000000
38000.000000000000000000
38000.000000000000000000
38000.000000000000000000
38000.000000000000000000
38000.000000000000000000
38000.000000000000000000
38000.000000000000000000
38000.000000000000000000
38000.000000000000000000
38000.000000000000000000
37655.463258827068784740
36867.132953883803565986
36078.802648940538347233
35290.472343997273128480
34502.142039054000633769
33713.811734110742690973
32925.481429167477472220
32137.151124224212253466
31348.820819280943396734
30560.490514337674540002
29772.160209394409321249
28983.829904451151378453
28864.274775760000920855
28864.274775760000920855
28864.274775760000920855
28864.274775760000920855
28864.274775760000920855
28864.274775760000920855
28864.274775760000920855
28864.274775760000920855
28864.274775760000920855
28864.274775760000920855
28864.274775760000920855
28864.274775760000920855
28864.274775760000920855
28864.274775760000920855
28864.274775760000920855
28864.274775760000920855
28864.274775760000920855
28864.274775760000920855
28864.274775760000920855
28864.274775760000920855
28864.274775760000920855
28864.274775760000920855
28864.274775760000920855
28864.274775760000920855
28864.274775760000920855
28864.274775760000920855
28864.274775760000920855
28864.274775760000920855
28864.274775760000920855
28864.274775760000920855
28864.274775760000920855
28864.274775760000920855
28864.274775760000920855
28864.274775760000920855
28864.274775760000920855
28864.274775760000920855
28864.274775760000920855
28864.274775760000920855
28864.274775760000920855
28864.274775760000920855
28864.274775760000920855
28864.274775760000920855
28864.274775760000920855
28864.274775760000920855
28864.274775760000920855
28864.274775760000920855
28864.274775760000920855
28864.274775760000920855
28864.274775760000920855
28864.274775760000920855
28864.274775760000920855
28864.274775760000920855
28864.274775760000920855
28864.274775760000920855
28864.274775760000920855
28864.274775760000920855
28864.274775760000920855
28864.274775760000920855
28864.274775760000920855
28864.274775760000920855
28864.274775760000920855
28864.274775760000920855
28864.274775760000920855
28864.274775760000920855
28864.274775760000920855
28864.274775760000920855
28864.274775760000920855
28864.274775760000920855
28864.274775760000920855
28864.274775760000920855
28864.274775760000920855
28864.274775760000920855
28864.274775760000920855
28864.274775760000920855
28864.274775760000920855
28864.274775760000920855
28864.274775760000920855
28864.274775760000920855
28864.274775760000920855
28864.274775760000920855
28864.274775760000920855
28864.274775760000920855
28864.274775760000920855
28864.274775760000920855
28864.274775760000920855
28864.274775760000920855
28864.274775760000920855
