45.673655651578101811
46.677468810787665632
47.821495149156596938
48.834899411218962939
49.511531455690608539
50.024004050083910045
50.530374071608235909
51.083798171258116838
51.730612617146434218
52.212586306002201297
51.614587480055917013
50.354854205168130932
48.753266296189167406
47.034964800820631581
44.909884584672489893
42.163978251134295760
39.075809827287471876
36.382244446874452137
34.219292621346838246
32.073895518622478562
29.848196301590519397
27.921892227814453236
26.226192340549360438
24.548307226628878652
22.960426864248248080
21.478170044609285583
19.974366422130387377
18.898129003804399417
18.538848016095059279
19.017319569370641830
20.019214431315845104
21.343017796095111294
22.845375421143955919
24.352162441369642920
25.202622666310901423
25.308760877928946798
25.508553568206451700
26.740897176673826152
28.732436273488474399
30.675564739241366397
32.259901902928959316
33.834925162253114195
35.436895807388253843
37.011289189037512415
38.092544756448148746
38.220821175682033299
37.327946066296874505
35.689583512698590084
33.531942741217704906
31.050992795719281503
28.759433219609633170
27.585476549003089985
27.582505897639777004
28.831373265606771383
30.725767228738163794
32.583378175160703449
33.713951484660810820
33.849442882374660257
33.465837302744830595
33.493731220670213133
33.651833259574260637
32.932598145595591177
30.065125989374507753
24.960834957333560169
18.666298187909717399
12.683079026963497427
7.797776980967427107
4.228584177111855524
1.697489171302748900
-0.311748302445096215
-2.260877650341939216
-4.309533459373142250
-6.305911041903414116
-7.919725080375457082
-8.750727208804420343
-8.713705282350503012
-8.222270694019755410
-8.021887243788142996
-8.911006102358925318
-11.304767875794908605
-14.614939641215926258
-17.480373457732184761
-19.062136384595703475
-19.652527016390195058
-19.843729893156307753
-20.131165251171353248
-20.716291933286356652
-21.414378420432910843
-21.930021241050440040
-22.205296312758775912
-22.438318678516338878
-22.709005126551858211
-23.025028684710832749
-23.322492880659297043
-23.547688808168459218
-23.657629193663467504
-23.597442288231491148
-23.480151831871751256
-23.496872999787740355
-23.664090999165125595
-23.787732788171069842
-23.690066485757995451
-23.310719382688262158
-22.768804243227577899
-22.387887430997864158
-22.452009766625337761
-23.050702650961909512
-23.967853728493423660
-24.796868820674319522
-25.258581028461549067
-25.379699197870252192
-25.431590794045291659
-25.755821583522731544
-26.501894971004446688
-27.556938511272278447
-28.812868153754834566
-30.189597164056976908
-31.563747058162732628
-32.848189704028300184
-34.033341176787189397
-35.135632094484037680
-36.111740807410114940
-36.810415853007668829
-36.997930507375826892
-36.658203884698991715
-36.046229799781201564
-35.248467024397712066
-34.297869055335524990
-33.285430219809086339
-32.260257318439755636
-31.267943006951156804
-30.385894844973108775
-29.599536735839137691
-28.780756356190295264
-27.843536599184346869
-26.772392819509491346
-25.563022487483124223
-24.225032137421919742
-22.784902636781907859
-21.298057196458103135
-19.842207760989708731
-18.474409398805960336
-17.204574417954404453
-15.994048653686320449
-14.760872838388820583
-13.407362871567045204
-11.917742134312675262
-10.390305958890678539
-8.976185568780692847
