46.494082519917846241
47.430750392009727534
48.510611239443527154
49.486366650047777682
50.156141407560738799
50.681320117590296093
51.214416427171649104
51.803907137050252629
52.487237585382203520
52.994365601866782356
52.410140609896778585
51.171380386574952581
49.607754405338191361
47.943419793734435075
45.885108309822861372
43.215529620073176886
40.210315518768155130
37.603712173349421732
35.529380929399550837
33.472155711902615849
31.332296951663280993
29.487826241726466492
27.868469073679349890
26.260137172419078411
24.733908031995341048
23.304484409631456288
21.843992279082499408
20.801069236961609477
20.464864716261828903
20.956154227476261553
21.960763612480803886
23.277429714244036063
24.763035162205781603
26.243543567840035280
27.057999256861009485
27.117792287627850101
27.259767667169839456
28.421100750984180650
30.326073656902082121
32.164035761662731261
33.620848079339651804
35.041499295565785133
36.457033197493501575
37.806987216408231234
38.619136835842596156
38.426226931261680875
37.151928445395753897
35.063164446997717505
32.377295751611114838
29.282332267267719317
26.285804451594430020
24.317082021383924939
23.442768563327916809
23.775527438883102604
24.761935468822741768
25.787919624789054751
26.235609902911306790
25.903133445301364191
25.319822304709930449
25.449671059066872658
26.012126305586548369
25.961195638766099592
23.960452778542531860
19.846468163037400245
14.592499297573311878
9.635749353927252514
5.714720697675630845
3.019707126217582527
1.262454834418690552
-0.072592056931540583
-1.442631648242581832
-3.002441436004630759
-4.594764880896150316
-5.882098276878139131
-6.455050310684214310
-6.218307394910851826
-5.575807898056893919
-5.264783936628731453
-6.077264248515064082
-8.423701653111834275
-11.712619144575000973
-14.580649153801402917
-16.187180341962175589
-16.822926497634227871
-17.078259728537432238
-17.446401728070327408
-18.126216640186783025
-18.930083210147984119
-19.559574651572916082
-19.953768090744574693
-20.307904089825001392
-20.699176173496823594
-21.132676714544572860
-21.542090192249474967
-21.871531479844861678
-22.076199174857549679
-22.099872723820794818
-22.054742629985696567
-22.131598098313304490
-22.347051039465611666
-22.507522295214755559
-22.436037375911098479
-22.073132862312718316
-21.538873281987093833
-21.157723742446876258
-21.214502204709503985
-21.799365196311555337
-22.696686355668418855
-23.500269510999999056
-23.931329596742102694
-24.017003700432610458
-24.029153282313814088
-24.309866694493621253
-25.009144996062047994
-26.014604506603575373
-27.218781835347897413
-28.542571517044564189
-29.864165100548973442
-31.098754495733601289
-32.239888572640495568
-33.307877799461834911
-34.263784498691677527
-34.960777438476327461
-35.168898738696555029
-34.874385509562216612
-34.332407101030696595
-33.627152078394544787
-32.787181014573150151
-31.897962808544036761
-31.003330325296531100
-30.145219649934972495
-29.400127413659106423
-28.755994285939323163
-28.090237470370993833
-27.324014246175238441
-26.450174646007894808
-25.474688493758492314
-24.419710690469628389
-23.324889022453874077
-22.256168479828488671
-21.297838204176855470
-20.509612522273982904
-19.899569639090316286
-19.421673010355732458
-18.980134369574045650
-18.457206420583759154
-17.813609442372637659
-17.124948993592909119
-16.518979512108046492
