66.773876880859205585
67.721178392655076550
68.810388458517238064
69.789238173833993528
70.454877555351586693
70.972917050367300362
71.497995943185884471
72.079791357391769679
72.757499769211364082
73.263343311397093771
72.682823519291915204
71.450766822736937911
69.895692373096693473
68.241903498945333695
66.196400559017021692
63.541995665326851395
60.554234627969762528
57.967117643757063661
55.913932588203536511
53.879038994244126570
51.762141583606833706
49.940638912511545300
48.343576788914589315
46.756141847432800773
45.248658189905015092
43.835075030677330687
42.386806445995048875
41.351872728268020296
41.018955746109625693
41.508556183590840760
42.506433275370014258
43.811443979353271061
45.280722698647096536
46.740547135264620238
47.530285089669163767
47.561652433221610181
47.671873206728150763
48.798648045672464946
50.667026565167205376
52.467423465039729535
53.887052522178237268
55.272466797791082627
56.656362358028729886
57.979863921655464765
58.772098910746791489
58.566750313245250936
57.287845084627832648
55.201956256955810431
52.525351746337065606
49.444290760334808965
46.464117826503667175
44.511928922127850683
43.652376752648336833
43.996861684782771817
44.991622852605075877
46.023289221490472301
46.475516985187539376
46.147483271567239171
45.566796527109858062
45.693416686846404673
46.245726465656105120
46.182817180436643412
44.175747212416041521
40.065309692019837939
34.824825186791173337
29.889184363413050960
25.993265737025723183
23.323249684088551703
21.587328268468354509
20.267555454146503280
18.905567059545234088
17.346287446610574534
15.747119859601241387
14.446121749711835491
13.853937019605211844
14.068043363924800815
14.687377652181794474
14.977646603806306302
14.149003354064689120
11.791815776912585534
8.496893225665246518
5.625805070683441045
4.016860886596475666
3.377153124198912337
3.114670493726862333
2.735427431612663440
2.040886647521745090
1.220036076889073229
0.573289817120439693
0.163593802574325764
-0.202709755109765410
-0.601955366549702831
-1.039213074995075203
-1.448916781732634718
-1.776456110654180520
-1.978476796582413044
-2.000050794452079117
-1.954309486586851108
-2.032578910193990396
-2.251628340574313825
-2.417678082621478097
-2.353195569958302258
-1.997835303779311289
-1.470590356907280238
-1.094909328289475070
-1.154922701100417726
-1.740596850220185843
-2.636560974335054652
-3.437037444961276833
-3.863434406343174032
-3.942572322118849115
-3.945476094617788476
-4.213160775755000031
-4.894743824435295210
-5.877498742020065947
-7.054295013860837571
-8.346963467909915835
-9.635067662822507373
-10.835466807794432498
-11.943624014076760886
-12.982019540866019724
-13.914074141673609120
-14.595219275469730746
-14.797156853773287821
-14.506656799776976641
-13.978057283997259219
-13.293581641133073390
-12.479295843122656606
-11.618235579893564591
-10.751986754664073942
-9.920125462975249775
-9.196708217394984786
-8.568440340011420631
-7.914699959818392472
-7.159907860943178548
-6.296253074271760397
-5.326176866373543817
-4.269526766931278416
-3.165721413667029083
-2.081946950081203340
-1.103878019283115464
-0.291971434836568733
0.344988466275765404
0.851333610105825755
1.319745180755091951
1.864030793886286119
2.520338785859678410
3.213398130613882131
3.819712659241986330
