1393.228843848411770523
1365.717279567926652817
1360.620792613860885467
1385.244399914382711358
1371.843009565093097990
1405.026450515998021729
1492.243612199386006978
1637.200589121198390785
1839.690399446828450891
2095.799355830470176443
2681.756546867803081113
3303.651893607707734191
3952.461033160618171678
4620.338035300054798427
5297.615962068206499680
5975.620200210948496533
6647.877831841338775121
7309.394198423502530204
7955.309321733717297320
8579.042618228117135004
9175.913798651010438334
9743.474249202217833954
10278.534597287682117894
10778.150025549481142662
11241.010956375494060921
11663.832781080642234883
12047.345620427920948714
12393.004933535841701087
12705.193737316731130704
12983.596114867161304574
13231.266905215130464057
13454.661437942500924692
13649.572030033190458198
13817.931135035054467153
13962.128180123734637164
14083.173693604243453592
14175.273997589423743193
14256.698104084114675061
14397.068576581936213188
14501.242258653901444632
14613.264675859014460002
14728.068215035747925867
14856.899581083482189570
14448.974595097230121610
14061.156173511431916268
13694.920324533739403705
13353.302997357935964828
13025.693161120268996456
12717.838340093801889452
12434.873639381961766048
12172.533604132691834820
11921.556490922597731696
11661.492650314950878965
11396.451936710152949672
11149.085805987990170252
10921.338861140146036632
10708.245799447118770331
10504.795343678211793303
10307.479002864731228328
10114.746548231358246994
9927.174146610530442558
9747.569332729663074133
9580.935968163057623315
9434.149943572787378798
9314.591757253221658175
9220.240525063412860618
9109.732196407945593819
8984.397996127205260564
8891.960941251705662580
8818.848841480945338844
8761.418533051559279556
8726.501808017796065542
8714.155417646532441722
8731.575314567733585136
8779.055776202158085653
8844.007556810181995388
8911.622962786343123298
8985.428450506669832976
9058.576328832708895789
9125.166610189879065729
9185.246116608639567858
9247.273028825613437220
9318.435824888390925480
9394.422306171389209339
9473.814613013186317403
9556.311119666177546605
9542.555181116042149370
9535.690286214128718711
9539.194816352992347674
9554.012082259141607210
9576.547438787740247790
9606.096850589921814390
9632.799290714676317293
9661.490598111602594145
9687.876061089289578376
9709.586856091669687885
9726.679607555053735268
9732.899260520065581659
9722.658933481819985900
9694.401571868951577926
9646.960027667069880408
9579.549707161866535898
9491.835037275104696164
9381.978428025406174129
9250.355300465356776840
9097.811864428127591964
8926.813519710027321707
8743.184263924877086538
8555.563928632465831470
8371.951018369038138189
8198.066565198218086152
8038.371416487816532026
7895.772614219917159062
7547.266477710154504166
7224.877983165121804632
6930.256651584491009999
6662.481855840843309124
6419.232553423194076458
6195.214254395766147354
5982.466090717851329828
5769.896708583508370793
5548.978871872639501817
5309.533344918369039078
5045.595665479621857230
4749.087398273948565475
4398.845584030457757763
3986.005692693810487981
3513.970011729366433428
2956.754085419652710698
2345.680321895276392752
1692.636160019914541408
995.804127747625784650
248.553385913712020283
0.000000000000000000
0.055946199965028004
0.000000045499310489
0.000374324139537845
0.000000000000000000
0.000000000000000000
0.000000000000000469
0.000000000000000000
0.000000000000000000
0.000000000000000035
0.000000000000000000
230.827155740499449621
512.491293562258420025
757.715752382246819252
973.844731880553013070
1136.850150869204981063
3519.639913310985321004
3494.737194124244524573
3463.096363331327211199
3444.852467198930753511
3452.925977066887753608
3475.594902172030288057
3499.944624553955236479
3520.632869627033869619
3529.486419649823801592
3525.462125910477425350
3665.604020675149968156
3854.332086025367971160
4083.663756609008942178
4320.088001629611426324
4587.826607578492257744
4903.233862905612113536
5246.549250587170718063
5580.276289174397788884
5881.788678479054397030
6188.225971373075481097
6507.469673138731195650
6810.085171203177196730
7101.596734104830829892
7397.919299349263383192
7691.246664998594496865
8038.390288958808923780
8413.912731880276623997
8790.699934087417204864
9083.950615660103721893
9336.171240526075052912
9518.531323478360718582
9529.407714411872802884
9538.595925309275116888
9576.377540857387430151
9673.161718670853588264
9904.225151490089047002
10522.077192182527141995
11193.233284505204210291
10316.530405956915274146
10349.926446982513880357
10318.876463401960791089
10453.796464655017189216
10570.808799213005841011
10610.046146389462592197
10654.014367474366736133
10746.807349040389453876
10873.777410360107751330
11331.650121956618022523
11978.494666051157764741
12653.074761141702765599
13395.188376126634466345
14339.525146950454654871
15872.653090051124308957
17754.234670941277727252
19284.510193159803748131
20293.137471904174162773
20803.066287718633248005
20859.413047573838412063
20489.893226938143925508
19694.856867786398652242
20798.409710718911810545
21432.098279799400188494
21548.162850486267416272
21074.944302006813813932
19951.312710163052543066
18373.335917722095473437
17527.588919131590955658
17529.690457784832688048
17308.137742523718770826
17274.649017553314479301
17550.451591933389863698
17947.399935530997026945
18403.548007527642766945
18651.161286032936914125
18582.397181546497449744
18409.575893818953773007
18403.790306377002707450
18389.535067080938461004
18462.869832642783876508
18716.225271483628603164
19118.305329660095594591
19453.942320262147404719
19559.915407448581390781
19572.947722776447335491
19569.517697450817649951
19603.509035166458488675
19699.243369326432002708
19819.505358820915716933
19901.032011007289838744
19925.984121703921118751
19969.322164017201430397
20013.086565262503427221
20066.642437483529647579
20119.709436610472039320
20196.934239215097477427
20269.793822777348395903
20249.458084067420713836
20204.076467444119771244
20191.529308015280548716
20183.352673478930228157
20157.703173160560254473
20100.345710413868800970
20004.010675715235265670
19918.173948110055789584
19862.116709867616009433
19872.173696655569074210
19975.082433121300709900
20142.574717042531119660
20296.987793794836761663
20387.812236389912868617
20425.862939275997632649
20451.123975402591895545
20528.495246995615161723
20682.383346438546141144
20859.446097612173616653
21056.999825099679583218
21276.840838860651274445
21491.869769695753348060
21689.409075802421284607
21872.310874084756505908
22082.308088308873266215
22274.996254687710461440
22439.749137328675715253
22468.990568081659148447
22315.581697317760699661
22262.137754103638144443
22336.634815746048843721
22328.463150439922173973
22811.959194274226319976
23070.129782355550560169
22948.400787285998376319
22729.508470697914162884
22953.581237891525233863
22865.889222904686903348
22700.295410086859192234
22788.642343771643936634
22482.730812630325090140
22650.269688309352204669
22689.866072080440062564
22617.620604224182898179
22579.147729493768565590
22683.396146470262465300
23062.764038310979231028
23728.371295317447220441
24406.045887058331572916
24835.159975297669006977
24995.153341814089799300
24956.702420284040272236
24810.632635644014953868
1859.723141905636566662
