1022.319288331074289999
1088.166709339977387572
1180.665392924812067577
1311.207154978667858813
1268.683489042393148338
1290.099151710626756540
1386.524356030462740819
1563.490398277955137019
1820.725134713298302813
2152.875916453715035459
2947.857261983057014731
3793.761860623994380148
4677.222376007107413898
5585.927637922940448334
6505.762327234541771759
7423.738938687791232951
8329.322819670089302235
9213.800918087932586786
10068.983834266829944681
10885.359207510198757518
11655.752189718949011876
12375.665583156285720179
13040.245632970496444614
13645.231688216814291081
14188.328462939416567679
14665.508593842714617494
15077.049449951449787477
15424.148925975408928934
15711.025032260002262774
15936.986488007021762314
16104.612561857098626206
16219.771118913096870529
16277.309130636373083689
16278.436137484799473896
16225.100314094925124664
16118.278010749354507425
15952.702814186533942120
15748.156603703122527804
15576.211136974405235378
15342.131472963377746055
15092.471786372792848852
14825.446075290086810128
14556.594316326034459053
13140.662440989946844638
11740.698859558007825399
10367.352254660556354793
9035.395315766629209975
7748.240282739348003815
6527.238062387630634475
5394.145261406133613491
4362.379936088237627700
3443.858395848355485214
2643.342032078757256386
1960.194516540601171073
1389.618042037561281177
905.961588077545911801
504.094421689639887063
203.056859233668433262
0.411529247439373358
0.000000000532050325
0.001516682635755197
0.149498521920216898
0.348085154168425670
0.664122030810981090
0.236071007910906044
0.067105635879495321
0.338276733254056661
48.817415180119425600
285.722545066331463204
663.800203968650066599
1146.984484193169919308
1709.751965261920986450
2322.685234110326746304
2968.323638525643673347
3627.936084231877885031
4275.131516104862384964
4885.776809183364093769
5458.095844735651553492
5983.245313002680632053
6456.274513901862519560
6880.827580594123901392
7270.884541013141642907
7639.744988198241117061
7988.817239094834803836
8322.090741089587027091
8644.256638517703322577
8783.000435909629231901
8922.531096798957150895
9069.249912663455688744
9226.146114484352438012
9390.807717149335076101
9562.954335216832987498
9646.370703090975439409
9731.430354251087919693
9812.821251126419156208
9886.904106553662131773
9952.345047120124945650
10001.431469511719114962
10027.184488559898454696
10026.884397173094839673
9998.505449612825032091
9940.725292455144881387
9852.976378232855495298
9733.461402662089312798
9582.936755608368912362
9403.065441919201475685
9197.683633611548430054
8974.600382976543187397
8744.983396473899119883
8519.764888449222780764
8307.874769243922855821
8117.058283704479435983
7953.236779837324320397
7710.401372461421487969
7506.595042658887905418
7342.699578166510036681
7215.438969464439651347
7118.706724729551751807
7042.366873408815990842
6972.981986147434326995
6893.715549545969224710
6790.323494338193086151
6646.922912010322761489
6452.216273157651812653
6194.568745075005608669
5851.580610957867975230
5415.276810940599716560
4884.504654281493458257
4217.800804719711777580
3441.891948013547789742
2565.084633274300358607
1583.356619002717479816
490.610847959269904095
325.909783477148152997
180.100411046002363946
45.002245317980282380
0.037541176921869937
0.000012945265098463
0.000001435966966398
0.000000551200504107
0.000000167904799541
0.000000127547239364
0.000000235073064903
0.000000204153028915
0.000000263025076611
0.000258377641569348
127.183047778987997845
380.277922690682203211
693.995050464664927858
3297.670082241315867577
3278.594879251978454704
3253.008996214436592709
3241.233964936102438514
3250.408960778419896087
3275.015872216570187447
3302.317748657522315625
3327.070694233972062648
3341.122713826801827963
3343.402067118017839675
3495.515711472537532245
3697.150054702564830222
3940.216958788101237587
4191.109246488852477341
4473.976850119134724082
4805.135021974449955451
5164.816269211263715988
5515.547467725085880375
5834.758887136528755946
6159.713418428773366031
6498.401644067072083999
6821.364986443451925879
7133.962165522310897359
7451.672142929154688318
7765.738302051845494134
8131.939160865930716682
8523.090879942492392729
8910.351287303121353034
9207.291589423921323032
9457.631028413485182682
9634.722164430339034880
9639.531105331836442929
9647.058848417673289077
9689.570123741184943356
9797.346629177805880317
10044.022433502363128355
10679.935144822969959932
11368.527644790105114225
10506.315709257054550108
10551.980145894118322758
10530.240163501721326611
10671.732342107405202114
10793.050770504796673777
10810.646532617931370623
10831.981070411628024885
10901.826707587737473659
11006.005908253020606935
11441.290802096091283602
12063.188257047393562971
12698.096839029398324783
13338.772081278535551974
13947.507601643856105511
14573.944995096901038778
15285.700443125713718473
16124.463982722432774608
17525.615793673041480361
19302.120427656664105598
20645.568642531889054226
21440.384460371380555443
20003.891438959944935050
20845.376192022897157585
19815.982685026217950508
18170.157417464779427974
17092.497707565900782356
16814.578227456062450074
16970.312236890869826311
17255.800771838181390194
17503.928107590643776348
17316.357264560821931809
17290.983912499770667637
17572.997613081941381097
17976.519886955404217588
18438.240801592342904769
18688.409627823777555022
18617.373788826298550703
18436.310673235871945508
18416.454532821131579112
18383.969290526452823542
18437.979732504565618001
18674.325481865023903083
19063.669902537010784727
19390.148092196053767111
19488.448085208452539518
19493.926621058348246152
19482.429042003579525044
19507.902714453051885357
19591.572752646672597621
19699.581176121075259289
19768.923764695235149702
19781.967805259388114791
19813.900946014553483110
19847.011869332007336197
19887.500305838591884822
19928.995542399199621286
19996.720485845620714827
20062.894630594022601144
20039.547733775187225547
19995.905235579579311889
19990.800519715270638699
19995.943121692947897827
19988.418722588263335638
19951.445391642857430270
19874.233471046922204550
19803.118266968842362985
19755.486351384020963451
19767.615163017813756596
19867.487200958090397762
20028.493557604950183304
20174.448282674507936463
20255.912370918045780854
20284.362481580727035180
20300.171641615834232653
20368.519140865315421252
20518.731585722045565490
20693.103056634230597410
20889.217274470895063132
21109.060768834446207620
21325.661692981713713380
21526.614950900464464212
21715.780690406307257945
21938.159828281044610776
22158.153457029580749804
22385.113901583146798657
22537.816789257030904992
22558.289966268286661943
22651.569948559044860303
22721.758221018790209200
22547.994072933877760079
22915.166592583322199062
23115.856009096460184082
22983.556751022199023282
22770.678372171340015484
23000.891138669197971467
22934.768657956963579636
22780.863650964405678678
22880.903513980832940433
22595.515294505938072689
22782.499982693952915724
22838.975477062012942042
22768.612857395499304403
22685.981302169653645251
22639.251756804704200476
22698.734825098686997080
22938.125337229485012358
23270.011361530945578124
23546.078486581180186477
23818.226777274903724901
24098.806192533531429945
24467.739477058876218507
2052.611830822253978113
