45.541767500506864508
46.557204667629648043
47.719352285519647694
48.743117186509167027
49.411647629659441350
49.908483740291195829
50.399618749850070287
50.941307836501373174
51.582207842392016062
52.066334063813762612
51.475967480815874922
50.219658514482993894
48.612105673671003103
46.877860344993699471
44.727414029801565221
41.947512351445269019
38.817580378046947942
36.075387410911275765
33.857885470737414835
31.652975025491159045
29.363759735677945173
27.370898099474629817
25.606568877760921055
23.858967241783361146
22.201282561972561780
20.650137090851387711
19.079343233878631736
17.938939300376503638
17.519144708832754986
17.941462486259453613
18.892147172823811729
20.170175990554611190
21.632656853990553714
23.105976652479341737
23.930014990930374097
24.017581319288566988
24.207626766179956235
25.440157286872761233
27.443021258697086751
29.409904899489689001
31.031868414418539714
32.660119404772160578
34.333165780420074498
35.999554347059898873
37.197974809364808380
37.474318550190957922
36.767711439029625353
35.362337257643844168
33.493233001935323045
31.364000441054258772
29.491702129800756893
28.803025383486783539
29.341094915379329677
31.165697540042401670
33.638891544503877640
36.039891874650720638
37.640488360473000284
38.143134270025683463
38.003510242453018009
38.136284766788520528
38.249507382257036170
37.334140847298215249
34.129049244294748178
28.567881327281128279
21.731074972450272753
15.161386542430449254
9.687421740301488171
5.563931643035004981
2.540021663211689429
0.114932807877039522
-2.170600840138831700
-4.484146901067305180
-6.686182181414494607
-8.458135891547414076
-9.409068845816705107
-9.460943203874194296
-9.033259288656580566
-8.876520807069141483
-9.793300145694701087
-12.201774860708326287
-15.515700599137431936
-18.375119767789641401
-19.941838711455488919
-20.508769107646116936
-20.668810541598134023
-20.918313770764029869
-21.459906610574819297
-22.110234151589111207
-22.575419827484722646
-22.799145825424432132
-22.981132800241084624
-23.202817705708866924
-23.473228664034024860
-23.729598141464748551
-23.919084191400827422
-23.999287868797807732
-23.915637469378737023
-23.781159764141079904
-23.786674070428603045
-23.948089946854111076
-24.070530989829705959
-23.975319494353925620
-23.601099046766250922
-23.066063402006591332
-22.693006771961847789
-22.765398690915105817
-23.372429901897703530
-24.297893467614130714
-25.135355469473438461
-25.606067216965300304
-25.737409858518162764
-25.801670795458448993
-26.141582140257639821
-26.908057582390995321
-27.989844173361177582
-29.280586576408325072
-30.701861803457347833
-32.131644332266432684
-33.483519907107393010
-34.747554068192414434
-35.938265983038547802
-37.008409257639584666
-37.800609362565523952
-38.073182458896894786
-37.801369833460796599
-37.232543482351161401
-36.448525822120927842
-35.481879922620123580
-34.427392453067284350
-33.340813708468147070
-32.275240351406353057
-31.314216969967276327
-30.445751404278325936
-29.539898383795389236
-28.506332727404810612
-27.325310113577359061
-25.988124158486641591
-24.498713578582282935
-22.876618790036729933
-21.170055227627756267
-19.450717092453714940
-17.772385332194858165
-16.145350711376408981
-14.533462272001486326
-12.855292911068090689
-11.010269307951546125
-8.982258152339056778
-6.881729926397440522
-4.888081119529374519
