143.869894888962619461
144.816844922212595748
145.904961855329162290
146.883096007404759575
147.549127776173264692
148.067965866844247103
148.593833667287924527
149.176335465534691593
149.854722452093028551
150.361326103195892756
149.781691691891126084
148.550548002519548163
146.996337060781513628
145.343346262756426768
143.298579078772206685
140.644854928498659774
137.657727276831366225
135.071203313394221368
133.018576984613702052
130.984212921742198432
128.867820006803412980
127.046800109126522216
125.450201622974361726
123.863213164811796219
122.356160321493916854
120.942993381955318455
119.495127147700273440
118.460582325522906899
118.128040912308890142
118.618003458381508608
119.616228834940926617
120.921573455334893765
122.391171057778066711
123.851298624947432359
124.641323238448748612
124.672960080111636216
124.783432525065734353
125.910440530732486764
127.779032977821600525
129.579623742628541549
130.999425683941495890
132.384990875097258822
133.769014406654889626
135.092620238350264117
135.884935684933680022
135.679645054602161736
134.400779187681621352
132.314918894509418124
129.638344799806645824
126.557333341821475869
123.577246219339343725
121.625184524565923994
120.765781267411256295
121.110403273576167749
122.105272103490932523
123.137020704492186951
123.589317310413605355
123.261347150846489740
122.680715840384976900
122.807370919262581310
123.359688688762702213
123.296773092695872265
121.289703356361542319
117.179286157157292791
111.938845696149002151
107.003267555220134000
103.107419263303484058
100.437476792873667364
98.701641574408682800
97.381977348909430248
96.020118814409471497
94.460981287317679289
92.861957890082351241
91.561098492305433183
90.969042396686376151
91.183264938072909445
91.802702107910477025
92.093060681471797579
91.264494358708532218
88.907371756690167786
85.612502921272891854
82.741457724474230417
81.132545980643214989
80.492860119423596643
80.230388659773041127
79.851145856499385900
79.156594440931371537
78.335722632977422109
77.688944948668222423
77.279207677705358037
76.912853183693471237
76.513546842192454278
76.076218224632611964
75.666432832399152630
75.338800353894157524
75.136674414309027270
75.114982562390935072
75.160593094712794482
75.082179806732710858
74.862973365381549229
74.696753470223995919
74.761052717197230777
75.116216632757527805
75.643252150325622551
76.018710640549386426
75.958461548285526987
75.372538402270322422
74.476311933306362789
73.675559805082684761
73.248874100618763805
73.169434819206003340
73.166217696677051663
72.898208306894105135
72.216289554266154482
71.233187877014756850
70.056033333369271077
68.762994414148920441
67.474506833481143531
66.273710702266384942
65.165142275650737247
64.126320645354155658
63.193824321922534182
62.512220981448479051
62.309807735289666653
62.599813657274069101
63.127899707789367767
63.811842034565245285
64.625574717295137361
65.486062908374890412
66.351722823609748048
67.182982671596846558
67.905792862996861459
68.533456096055488160
69.186601196240417266
69.940812303470693223
70.803895741513031226
71.773394338726859587
72.829465727793206042
73.932729657475249496
75.016021714502414852
75.993642123412200817
76.805094504890007556
77.441566512909048470
77.947379249864070516
78.415209026940829062
78.958852329819933402
79.614450590563365040
80.306762030379672979
80.912345643680112062
