46.455561235223029826
47.393455314179263382
48.474075160790519590
49.445562555670349525
50.103233299313856719
50.615157739687454352
51.137575789171222596
51.720124321712859228
52.400801592430468645
52.909708634411131811
52.330963991566989080
51.100310091913364374
49.547038549260818741
47.895375649382657457
45.852055296160941111
43.199640145304528005
40.213477325889201097
37.627415730645878966
35.574629990324922346
33.539395695758585703
31.421355765281560934
29.597863449442257888
27.997931483142167508
26.406722608608845348
24.894544187465498908
23.475334636544246791
22.020502582199512176
20.978068052168126201
20.636717944732225760
21.116963533352134164
22.104580554725217212
23.398448849781715353
24.855732776297784881
26.302748120847169844
27.078910398199610654
27.095994726357474747
27.191298140617007562
28.302610521759291373
30.155089776508063437
31.939280607174296733
33.342549664678443833
34.711623179131493089
36.079382378862391079
37.387134572864766824
38.164166953311394082
37.944273076246133769
36.651505230757408071
34.552322372032023168
31.862649599823100743
28.768043524628581054
25.772746813011877975
23.802927505091872717
22.923944314050601179
23.249653938223644900
24.228224328319669212
25.246803819029338456
25.688858323715095366
25.353262223006538534
24.767542238725638981
24.891889031370993735
25.444996345483815503
25.386164544518720732
23.386863649453829339
19.288848292757876379
14.066758572592306109
9.156100895151723762
5.290005756421976457
2.650621169763155649
0.942218558183611776
-0.355337391008163195
-1.700305774011241056
-3.246015261265569052
-4.833066364479435606
-6.122004029007911186
-6.701523551889550845
-6.474008220382273748
-5.840621295006428682
-5.535811442410931704
-6.349580294781304701
-8.691722920368476935
-11.971616602655331008
-14.827908740254144959
-16.422535516840866876
-17.048666802615741744
-17.298556804909480888
-17.666347865219279356
-18.350578013531503530
-19.162094596881843245
-19.800228973749597117
-20.201792160243655871
-20.560272772857956625
-20.951926044355388967
-21.381822740594941479
-21.784455360834613202
-22.105301954277081222
-22.301099460839736821
-22.316994626325765694
-22.266168452264537336
-22.339970884094498160
-22.555172590900781415
-22.717975959678653908
-22.650813317524637114
-22.293289303401934376
-21.764337077125617270
-21.387342766097276581
-21.446380421792582638
-22.031372689455906766
-22.926919878718081236
-23.727227626942124061
-24.153694538872059638
-24.233135256248203859
-24.236572628985015854
-24.505026138126254409
-25.187628004329326359
-26.171682058734518250
-27.350110460287112346
-28.644824668107673915
-29.935497820154125748
-31.139123514106643142
-32.251317032873942026
-33.294720664900182783
-34.232918111680362472
-34.921493732061890114
-35.132280527920272561
-34.852150355115099956
-34.335517274920732689
-33.664667591982777139
-32.865728142959881097
-32.021786621221622227
-31.174451269768383099
-30.363262042699091126
-29.662103207698521601
-29.057233523141519527
-28.427379642850723940
-27.696670581394641886
-26.857653388683615958
-25.913039290286974392
-24.882276920509582396
-23.804049322580056014
-22.745076112768401799
-21.790869126732900440
-21.001758872389530097
-20.386262740847541863
-19.899509790391959996
-19.447912854362016333
-18.916455503741360644
-18.268282333643412585
-17.580305972843063955
-16.979327865224547622
