247.740123979231952944
572.806630413181778749
901.146348261973116678
1248.387840909842907422
1282.780988960421382217
1366.751182261263011242
1511.157912466970856258
1721.147261354614329321
1996.233944614167285181
2331.068671090727548290
3469.387404399841216218
4641.164259401700292074
5830.783028925232429174
7023.765230415399855701
8203.998997135389799951
9356.850932345434557647
10470.652752393918490270
11536.134325570330474875
12545.080193317144221510
13488.403496337074102485
14359.806610810966958525
15156.059342257944081211
15873.799464621306469780
16510.387549286653666059
17065.219768040427879896
17535.903881924681627424
17924.345495742261846317
18233.241771709988825023
18468.019378641220100690
18628.566350251865515020
18717.481561272419639863
18740.011764064063754631
18689.425563152679387713
18564.992241902291425504
18366.497833771707519190
18092.735144805257732514
17736.525868278346024454
17316.764063591697777156
16904.269780643171543488
16399.859640962553385179
15848.707397633408618276
15248.421260890236226260
14615.432412082476730575
12924.425512499557953561
11221.627717775743803941
9521.546795354708592640
7847.056701931328461797
6215.080076361190549505
4666.538618471667177801
3250.062421946528502303
2015.039612274096953115
1019.786531026866214233
326.844779802965774707
11.696536687747329353
0.192764907924817042
0.007347584160408351
0.002344971340533485
0.024183713405068152
1.449233860013400266
459.374239388817898089
2.119396755897541507
0.035039948479264185
0.019556649594878416
0.075564078839474053
0.071074368989538964
21.256722284760130037
257.048179885667082090
748.656060334298217640
1434.493236794950462354
2222.858886523091314302
3049.070674239520485571
3872.091069632861490390
4657.440355787140106258
5389.807883511588443071
6056.046271713211353926
6635.390342093935942103
7108.304037346960285504
7477.178776358755385445
7735.972440048717544414
7881.845149631576532556
7920.746085441844115849
7869.193988365253972006
7741.908765267425224010
7539.823271403378385003
7266.260876485722292273
6926.236097334538499126
7432.282143684932634642
7894.406940301905706292
8326.021884236473852070
8735.741292551812875899
9125.731722429303772515
9499.876098949102015467
9639.872460635564493714
9765.319735351866256678
9874.010918773303274065
9965.245233983314392390
10040.368837485921176267
10093.917975306914740941
10120.849605716397491051
10120.139120104746325524
10091.154474736697011394
10033.618413590011186898
9947.631093090223657782
9831.661788305651498376
9686.362432624375287560
9512.921918639993236866
9314.356784995212365175
9097.340870377305691363
8871.596617625909857452
8646.294273366720517515
8428.323500548145602806
8223.214973948057377129
8034.647821738426500815
7917.093538906495268748
7823.341967746760019509
7751.927458919963100925
7697.919961892579522100
7654.536304321636634995
7612.016935841148551845
7558.279250317134938086
7478.642279015909480222
7361.693989808804872155
7194.708814325298590120
6969.685138371528410062
6677.786377553491547587
6298.057476765106912353
5822.972058474401819694
5249.668739558472225326
4531.803441569288224855
3692.859076949272093771
2736.881134457506959734
1654.473528222812547028
434.214346648256423578
0.001180361396637613
41.869957797554839374
34.970536650813144774
13.198293212706673216
0.965834707734959386
0.790652503641615656
0.156905840221512327
0.030037702994099746
0.363509075407095095
0.164869832052746468
0.067692235159540967
0.034012818386784952
0.051812543057907542
0.041147131206064544
117.930827299697824628
777.257923347793280300
2602.082292638943727070
2600.430049454009804322
2591.448702995367057156
2595.897502381712911301
2616.091494306536787917
2651.650949601777028874
2689.860330148117554927
2725.492709982410815428
2750.421316296241457167
2763.607788913898730243
2941.107165731149507337
3168.130299628009652224
3436.525777557591027289
3712.616830400558228575
4020.477024786157471681
4376.339453552711347584
4760.343672556431556586
5134.899284919604724564
5477.275882986941724084
5824.519628732266028237
6184.314834686926587892
6526.769047141425289738
6856.677947361915357760
7188.823534490449674195
7513.622162735234269348
7886.049897341861651512
8278.136260076882535941
8660.508869172155755223
8946.578869630808185320
9180.773770184463501209
9337.782842404572875239
9320.430348802836306277
9306.473242818590733805
9330.644502036533594946
9425.273851649888456450
9665.392055472631909652
10302.054047906542109558
10998.169485740909294691
10148.780693049990077270
10212.571526452287798747
10212.468826870252087247
10377.759390168417667155
10523.694688335393948364
10570.257595752673296374
10618.835420764195077936
10712.926755094040345284
10837.031149302632911713
11286.424665839569570380
11914.430932945351742092
12543.661088715860387310
13159.706649776073390967
13709.711056064617878292
14209.984693191219776054
14653.922958685287085245
14925.243265798424545210
15237.580394233453262132
15320.894945774052757770
14781.918771448996267281
15308.002646074699441670
15619.906917672504278016
15588.872736939669266576
15613.757399294288916280
15791.853759200428612530
16147.743688968166679842
16621.583553250802651746
17083.946070940219215117
17473.951862432018970139
17742.399166373470507096
17533.884724494229885750
17466.672603323077055393
17694.335204120037815301
18035.566240563839528477
18430.499771378101286246
18612.580000221154477913
18475.260211557146249106
18232.602183682665781816
18158.200269748878781684
18079.282130757157574408
18094.498069105840841075
18297.404284992200700799
18654.798176340460486244
18946.257687229917792138
19002.754630588398867985
18957.856870103023538832
18887.344198950562713435
18846.374139556912268745
18920.447021329749986762
19014.919771972359740175
19068.609953598403080832
19065.244527553142688703
19080.973235110570385586
19098.791632092928921338
19120.390889125894318568
19145.061003323200566228
19198.596942149240931030
19253.771839897421159549
19223.073401543904765276
19176.041574639075406594
19171.579762719840800855
19181.103466252163343597
19181.004720915636426071
19153.448533350176148815
19086.395425148664799053
19025.009322384925326332
18985.787035927762190113
19004.577164192003692733
19109.397433349819038995
19274.024080319341010181
19422.851958177379856352
19507.064266389479598729
19538.674596568031120114
19558.436485847330914112
19631.722320372573449276
19794.443105500529782148
19982.105120464329957031
20192.038017375187337166
20426.110165859838161850
20657.526572075763397152
20874.391206136009714101
21081.324319612831459381
21324.176218406551925000
21567.875951862799411174
21821.020629603939596564
21998.122335486856172793
22031.187149694771505892
22112.771897804152104072
22139.082098658254835755
21897.224026324434817070
22200.405949025047448231
22356.068458858804660849
22203.461033654552011285
21991.214154378711100435
22235.866884346189181088
22186.878248603901738534
22089.152789378171291901
22243.370240953849133803
22064.760317141503037419
22292.411023831864440581
22379.745952494071389083
22323.001969221793842735
22231.135170123019634048
22145.469233744293887867
22129.751078246285032947
22252.660463660271489061
22422.167198631286737509
22484.376643900974158896
22475.502782965289952699
22409.645791707811440574
22401.592066919140052050
2689.140158849679664854
