1705.991613288515509339
1649.104022897118284163
1570.113579179674388797
1477.569395593104218278
1493.725946450037781688
1526.725940797142357042
1592.041497477331404298
1699.795198134024758474
1853.788081529359260458
2051.847406251381471520
2482.583147587667554035
2939.465952229274080310
3412.959768847601480957
3895.221252719720723690
4377.485449657848221250
4852.998720990081892523
5318.174775345029047458
5771.725159751470528136
6213.136951320707339619
6640.663680250415382034
7054.783151062602883030
7458.389317835270048818
7853.854095831453378196
8244.092226862561801681
8633.083586530601678533
9021.378248076973250136
9408.597675137219994213
9792.853425253546447493
10172.882721305995801231
10547.427806023275479674
10915.555955615973289241
11276.347375024171924451
11628.489776360771429609
11971.248167975438263966
12304.889018728801602265
12630.731508754184687859
12944.216716797387562110
13250.807634419972600881
13611.257160960245528258
13931.385015571793701383
14248.763656773657203303
14555.030549773535312852
14858.997221881449149805
14612.359914366972589050
14365.835652202826167922
14119.547104147102800198
13875.943192502472811611
13624.630569962617300916
13372.068108795256193844
13118.528367322891426738
12858.360618048078322317
12609.837298839320283150
12375.386361214932549046
12155.004870616516200243
11948.363987448970874539
11754.966765028195368359
11574.290663546316864085
11405.931381238893663976
11249.730278020888363244
11105.868742327205836773
10974.924786957655669539
10857.898749200234306045
10756.187171996207325719
10671.464589169478131225
10605.451345935298377299
10559.599552247418614570
10534.772864963060783339
10530.691417298396117985
10530.881950320008400013
10521.965003593622896005
10511.173461081350978930
10503.744993271917337552
10498.675926368279760936
10503.167692110337156919
10518.100633634019686724
10531.744536972366404370
10531.207262161518883659
10522.237681232532850117
10500.327689111478321138
10462.973293717563137761
10412.378812656794252689
10355.687724606865231181
10302.722211611080638249
10256.784094537615601439
10220.339544608828873606
10196.032501322149983025
10041.132046274540698505
9906.883595675928518176
9798.891016629782825476
9719.260289745279806084
9664.677747500049008522
9633.684526379716771771
9669.824737716089657624
9720.611322952039699885
9779.063722000226334785
9839.906177840179225313
9900.313636389535531634
9951.372760366923102993
9985.044966812711209059
9997.341652484119549626
9984.379560309809676255
9942.348967550466113607
9868.401240407412842615
9759.770684945791799692
9617.192869145152144483
9442.178149808900343487
9237.663701162395227584
9010.131889999105624156
8769.430411092360373004
8525.346154166845735745
8285.924309217576592346
8058.448589899218859500
7849.021515088410524186
7344.587883774544025073
6874.417260725181222369
6443.808758450509230897
6054.794990182503170217
5706.991401476807368454
5395.981143215324664197
5113.773298839651943126
4848.678039023570818244
4593.288034142982724006
4350.665457389634866558
4100.301395538232100080
3824.497766011862950108
3511.803228268544444290
3154.330928716281505331
2747.977772618391554715
2292.738189785222402861
1793.092385061217783004
1259.064597155621413549
719.913234959615806474
173.749537108104135541
0.084507658585486187
0.400433361777357333
0.006119297292583914
0.576668664788000940
0.000190716933463873
0.634409417136929221
1.014373615632246040
0.000247194989480087
1.704923303467138718
153.946773567469847421
316.432636788894967594
462.263487374093244853
577.720736420679827461
659.934753911345751476
713.958409389448888760
749.092860132578948651
3752.835567940153850941
3727.989820596520075924
3694.599492917454881535
3672.845765271267282515
3683.341655436434393778
3707.210881148836506327
3731.871120868245725433
3752.260018209677127743
3760.386068866955611156
3755.282155109956420347
3890.439172458718076086
4073.819769439021001745
4297.417744663471239619
4527.697518445990681357
4788.870148300817163545
5097.269678382068377687
5433.053237065121720661
5758.489816447377052100
6050.364649249439025880
6344.219613205420500890
6644.059653326357874903
6911.999089743312651990
7134.550122811254368571
7290.539204615800372267
7332.581660186679982871
7292.598566634072085435
7215.969787283957884938
7172.972082149151901831
7204.817389960402579163
7339.176441191583762702
7583.932320731367326516
7937.682760934961152088
8403.516435921232186956
8969.337061541895309347
9601.434474771609529853
10246.751697019421044388
11006.292760597578308079
11744.806294202573553775
10973.672969357921829214
11027.825133346688744496
11005.824398377239049296
11145.665747520020886441
11266.267903619305798202
11308.295852192741222098
11353.910414130323260906
11446.888442197550830315
11572.413121207562653581
12028.335237200501069310
12689.121531671200500568
13572.063551878824000596
14829.213960479104571277
16009.900363140053741517
17045.986159599528036779
17923.863462634919414995
18635.385942746564978734
19176.469987003536516568
19545.843677302953437902
19743.435296041112451348
19768.843280140717979521
19620.326920647334191017
20154.330986939090507803
20502.898659406168007990
20656.415614928726427024
20605.773102166538592428
20345.415130637607944664
19876.931162588149163639
19212.031196694504615152
18379.995614235464017838
17791.849898144278995460
17755.066182825048599625
18039.649233164778706850
18443.146712736655899789
18904.185485024830995826
19155.555218925976078026
19089.250523359340149909
18914.349969998656888492
18881.053093137466930784
18802.870878842724778224
18772.348723932507709833
18865.751948825007275445
19079.573422464371105889
19319.118796505797945429
19442.640496412212087307
19481.330234511813614517
19496.324188659593346529
19545.651095950513990829
19634.093851926201750757
19757.325626142977853306
19845.050658244355872739
19877.461396860708191525
19929.033569042680028360
19981.753650072983873542
20047.193247802653786493
20112.658409795745683368
20202.160047127017605817
20285.673781993667944334
20271.578637772196088918
20223.122320288253831677
20192.128198925660399254
20148.955666143465350615
20083.975910589826526120
20009.558865595507086255
19940.635864352807402611
19919.636018818029697286
19938.097730977988248924
20008.726286169752711430
20152.330657541348045925
20345.175785743282176554
20515.404427441742882365
20616.628327306778373895
20662.247267675189505098
20693.863066701593197649
20777.360903390137536917
20933.758015850839001359
21113.357004686498839874
21313.169519331509945914
21535.131814406744524604
21752.853896874868951272
21954.835036692391440738
22145.968237350745766889
22370.407579641687334515
22538.565024297357012983
22301.855014315369771793
21907.948427012164756889
21556.136170382120326394
21325.430809110930567840
21262.906763097922521411
21389.746832850723876618
21702.992060292308451608
22175.136041231460694689
22735.184127084325155010
22931.326046998699894175
23164.109648413123068167
23074.051201168214902282
22907.111825990461511537
22992.760798286122735590
22692.853685464295267593
22864.226235834747058107
22988.948397188789385837
23523.090099292494414840
24316.748244904669263633
24798.039176507067168131
24987.684043308003310813
24978.080151111968007172
24855.050121726813813439
24685.281862725089013111
24514.196670642213575775
24368.591762340620334726
24261.126927660599903902
1783.484613770731812110
