45.665217890335881634
46.694256284708622218
47.897067317359343974
48.972262522425879183
49.699634277458798692
50.219437052120390774
50.657598604691500555
51.042276180005316633
51.427099145913935274
51.655268580779171828
51.034240030331645244
49.806640536733212343
48.209614121650822938
46.433777084444415095
44.180882730214491971
41.249679539369822123
37.968158478822815027
35.152149055813282530
32.945786677148063859
30.797298264227052300
28.602524364700556703
26.768145506375802256
25.222077219377567303
23.740853461677417613
22.410656802330763071
21.247146701387976009
20.072973824963298739
19.307883377639157629
19.206657650770495138
19.865070763489597994
20.927220973874810284
22.200632536634884673
23.622005769579971002
25.110190625187698288
26.038396627185477428
26.337884765565675593
26.787880256072966745
28.124413499888362367
29.948557316401434036
31.607232135873474022
32.942248692323659043
34.368191702048775937
35.891148991824024961
37.412011692642664684
38.432394633981715515
38.502708705752638707
37.622007778187054328
36.128773065672874054
34.200017713810268560
31.918527473266209427
29.729420413063309070
28.563883148933030043
28.446557195994785161
29.452306238970265895
30.948498538443487860
32.258016276883495266
32.744895788197737829
32.280217771988787945
31.525770776586909960
31.536605224081853294
31.992870228598917492
31.769951863590023322
29.445183749837980258
24.842379093048350569
18.991016424351414571
13.412567893920424922
8.881995700328332077
5.599421663150536688
3.290390226540495178
1.476321868732128451
-0.277795317633064087
-2.152759327152750757
-4.048275698969860059
-5.667900485600711136
-6.584954645864627309
-6.651848867102842178
-6.245812787052528847
-6.132735204985465316
-7.162540546534330588
-9.783123414027699027
-13.370786123437198967
-16.475980201604357944
-18.207502374020066327
-18.884015679064276583
-19.146476927130493095
-19.532398248512919281
-20.260976475165620059
-21.131899712786037071
-21.820685215358395226
-22.253779666123165271
-22.631277750342519539
-23.028751632808848626
-23.447262009094572477
-23.816028243984249002
-24.083169451155583829
-24.216171847045018239
-24.169955384537558984
-24.071878860801234623
-24.126959900404074233
-24.350042210204662751
-24.526627380796071520
-24.456336357207760557
-24.064319472312320158
-23.472464825109398134
-23.028735988567802906
-23.042999426669894092
-23.617327353743007734
-24.526046779797354702
-25.338635296500171989
-25.759189031667290237
-25.816979990244760756
-25.801420460458928119
-26.076623952656461825
-26.802411490316842446
-27.859867066024435189
-29.136261116953619421
-30.548199005245407989
-31.963766756817278747
-33.287423299089482498
-34.506050722230611427
-35.637365485777763752
-36.640436917085310142
-37.362336986872719535
-37.562247759385002155
-37.228912110461010343
-36.632574427170141007
-35.847257025923113360
-34.871583474044768991
-33.779625188040824924
-32.645245021899995663
-31.540100437192393201
-30.535720355277987892
-29.613643178218353569
-28.668551583470502919
-27.613104901986446293
-26.392223070108911998
-24.990894809442409041
-23.466989303350089813
-21.920641259070919205
-20.460041146971946091
-19.173536039985719981
-18.093934621892856285
-17.194673824326230260
-16.415929113310710363
-15.681423457372545727
-14.906316164806469260
-14.069540441448907586
-13.236516034089902405
-12.506853582241603817
