45.523362899034069073
46.534718793772469780
47.694052845914214345
48.714178688194976985
49.376082513869143042
49.866140392495083233
50.352641643635244861
50.892728621569624181
51.535339645781689910
52.024383494361401858
51.441113072251262395
50.192150919193089464
48.591128565322335930
46.862292945777163311
44.716038733374588787
41.939067115662545859
38.810779935954677455
36.068939762686483164
33.850506063253689604
31.643391941753606034
29.350710009810711654
27.353120395678914178
25.582795376396390452
23.827915556132438724
22.161648477419220171
20.600588712784443146
19.018516215392551771
17.865432998582932100
17.431521541492358551
17.838256003532563909
18.771886693726401063
20.031437138719880409
21.474148398241069913
22.926673851325460873
23.729346915516813965
23.795674290520892669
23.965599359020728798
25.180456220263778278
27.169781332800639007
29.129302980287505420
30.752412748916157170
32.392776076394113716
34.091197841305927341
35.797963317044263931
37.052496647598985646
37.400021454686196876
36.777346644399443676
35.464670809613124902
33.691586897593964522
31.655167521515977569
29.865392231662298173
29.242101538110460979
29.822863852989286215
31.664175943809965474
34.127591618771504045
36.495360253837162645
38.047559889540508493
38.499608226792275900
38.321711923588338777
38.441612168039512198
38.571922620105596025
37.695781123951746849
34.536534225698545697
29.012019281725486053
22.191474322724133117
15.612943481484620634
10.106188294963942553
5.930027573109242667
2.836423486756785906
0.325274046138474660
-2.059899892948322986
-4.478940377673097828
-6.782475931743277897
-8.644325056486650283
-9.670242818735374613
-9.782272150864429250
-9.401121947161954040
-9.278278386517882836
-10.217144360936146086
-12.637033680301726690
-15.953250167551857430
-18.807602471318489279
-20.363618083941787518
-20.915685644277488109
-21.057847960574918034
-21.287272711387117852
-21.807129177489741778
-22.434363063651062475
-22.875166432516891746
-23.073093609730278786
-23.227653220038234849
-23.420162012361515735
-23.659782620199621306
-23.884197078494878497
-24.041254172762478447
-24.089331213460241088
-23.974567387970466825
-23.810543521785177745
-23.788448114709410675
-23.924384729214978051
-24.023516379172917823
-23.907071651856767858
-23.513496893674130206
-22.960734000255115461
-22.571338813347779251
-22.628625987372458894
-23.221759321018510036
-24.134629994767124117
-24.960976863978373785
-25.422227234716956445
-25.545889856780036098
-25.604330330960408446
-25.940361639113632464
-26.705063400683911823
-27.787516707587258225
-29.081928383087358725
-30.510686041067856422
-31.952793428870450043
-33.322998984304092573
-34.612517914161458066
-35.836790228352924714
-36.948981583318584399
-37.791329241871380873
-38.120779791338634368
-37.910302528600254846
-37.404495707133889937
-36.682493320100036271
-35.774717286500560931
-34.774415098423048676
-33.736072143167632476
-32.711396780732172829
-31.782226627190652835
-30.934830155701433796
-30.038491074333080633
-29.002889008045315222
-27.806117771758124491
-26.434482964114465631
-24.887899133859889389
-23.184989873181677922
-21.375301327830470655
-19.533280964615244102
-17.716982196333162847
-15.943501833153106872
-14.188975994950908444
-12.393564613955845743
-10.484594842122191949
-8.464591537404828614
-6.440298787898427690
-4.571471196523475555
