10653.463822864665417001
10650.505967902383417822
10646.564427333420098876
10643.147216989300432033
10642.380763866591223632
10646.568735697310330579
10657.676541892093155184
10676.864202943152122316
10704.170465182929547154
10738.409983197907422436
10777.280202214033124619
10817.635996705337674939
10855.871642700762095046
10888.333249500594320125
10911.691171429043606622
10923.232427742692379979
10921.049316548822389450
10904.112313611505669542
10872.243123677617404610
10826.048381650627561612
10766.833225320038764039
10696.477279090096999425
10617.289267566387934494
10531.867584229066778789
10442.960944014837878058
10353.331531796447961824
10265.628997524534497643
10182.273560803690998000
10105.358939292827926693
10036.574021467651618877
9977.143153693990825559
9927.777246886369539425
9888.648367087396763964
9859.387793872754627955
9839.099091918262274703
9826.372077770742180292
9819.319398257075590664
9815.634972776249924209
9812.663841415251226863
9807.495370701923093293
9797.095732863384910161
9778.466434278219821863
9748.813137895158433821
9705.726736545349922380
9647.366799858997183037
9572.641047448716562940
9481.351748143410077319
9374.273900085841887631
9253.157438284495583503
9120.673339366903746850
8980.291610549358665594
8836.076054269167798338
8692.423098614332047873
8553.780554631179256830
8424.344718683407336357
8307.744425218446849613
8206.748765236576218740
8123.048611018407427764
8057.172708751197205856
8008.564146901391723077
7975.778872574547676777
7956.706725632273446536
7948.832680574919322680
7949.522088939742388902
7956.292356360449957720
7966.993904424452921376
7979.872509536933648633
7993.544143144662484701
8006.923757486220893043
8019.135719669023274037
8029.420886650834290776
8037.053170970485552971
8041.275703581528432551
8041.264589287265152961
8036.125981158291324391
8024.923678464258955501
8006.736080579018562275
7980.747769049749877013
7946.378807120138844766
7903.440287365966469224
7852.286421682138097822
7793.893985079296726326
7729.830985105072613806
7662.187868995605640521
7593.507365911151282489
7526.620591543905902654
7464.404292022160007036
7409.493634737201318785
7364.022732293833541917
7329.444611478950719174
7306.434228528035419004
7294.858144410253771639
7293.863857186097447993
7302.024456635550450301
7317.514671619669570646
7338.267544159527460579
7362.092849195612870972
7386.756430942066799616
7410.022046594614948845
7429.684221532445917546
7443.611407581463026872
7449.804443801783236268
7446.480930844467366114
7432.185100403127762547
7405.916276289500274288
7367.284825813199859113
7316.644532190472091315
7255.177038349033864506
7184.889157079065626021
7108.523486120058805682
7029.416372460939783195
6951.306206821103842231
6878.072299324251616781
6813.398928848227114941
6760.397422279743295803
6721.280955175398048596
6697.104546503119308909
6687.618303207723329251
6691.289081067798178992
6705.458614749667503929
6726.609683483519802394
6750.705397815440846898
6773.564206229228148004
6791.223679641768285364
6800.241530449539823167
6797.921014791058041737
6782.573103931796140387
6753.623372465307511447
6711.634347241383693472
6658.246848117628360342
6596.022057390031477553
6528.169687082408927381
6458.192735631982031919
6389.517073692585654499
6325.165276710016769357
6267.496911024229120812
6218.032249032399704447
6186.202544536014102050
6171.255740701672948489
6170.783043847592125530
6181.244277931174110563
6198.636020207364708767
6219.134982989746276871
6239.583756154718685139
6257.768975942010001745
6272.507649423959264823
6283.544360889345625765
6291.297360499756905483
6296.516159535958649940
22.281817997557748612
221.407958098652926537
421.422470071425664173
605.202534752919177663
768.366329957914899751
908.223123236388914847
1023.040152365231506337
1112.318019816145579171
1177.314737642989712185
1221.259791902460847268
1249.106068084948446995
1267.009366436984009852
1281.755074290567563366
1300.240370810464128226
1329.034837203764709557
1374.015543376333198466
1440.074239129772649903
1530.898314381394584416
1648.826833919076989332
1794.780345392956178330
1968.260773863984240961
2167.416453451863162627
2389.167224976296438399
2629.385039490592589573
2883.125779404833792796
3144.907203920011852460
3409.025656660734057368
3669.900522432346861024
3922.431077525167438580
4162.346190684596876963
4386.524409158603702963
4593.261180973820955842
4782.461955194539768854
4955.744707069025025703
5116.442533139656916319
5269.505297667135891970
5421.307557210299819417
5579.376871378555733827
5752.061076603878973401
5948.154701484036195325
6176.503459401180407440
6445.602229567084577866
6763.197062901017488912
7135.896578826494987879
7568.793784397931631247
8065.096877064334876195
8625.767930448497281759
9249.172452905724640004
9930.751435771944670705
10662.741278575900651049
11433.985583041212521493
12229.904194238029958797
13032.703802807465763181
13821.921416747038165340
14575.373811699881116510
15270.529794579175359104
15886.224224093897646526
16404.510460995792527683
16812.344341869666095590
17102.764357380696310429
17275.317233961919555441
17335.661007939990668092
17294.488416130356199574
17166.063322562797111459
16966.698806892130960478
16713.435912026634468930
16423.059565249233855866
16111.470522901025105966
15793.353772182319517015
15482.050797770019926247
15189.544149149340228178
14926.481704824640473817
14702.192017376011790475
14524.663534806721145287
14400.476383427061591647
14334.685654766448351438
14330.661142880537227029
14389.892159518301923526
14511.769381583395443158
14693.360494414357162896
14929.204114516900517629
15211.157782306894659996
15528.350087387048915843
15867.301246689186882577
16212.284545458909633453
16545.993463463670195779
16850.545393980930384714
17108.786943075829185545
17305.775743147067259997
17430.226972336509788875
17475.670454898187017534
17441.099400559771311237
17331.003586163380532525
17154.825262493905029260
16925.994446295473608188
16660.750049118072638521
16376.933547226832160959
16092.882134219917134033
15826.483128811933056568
15594.401909558280749479
15411.466566776902254787
15290.179243173628492514
15240.320436951133160619
15268.614192798040676280
15378.427590007193430210
15569.487690158783152583
15837.614381557361411978
16174.489979180543741677
16567.516879332742973929
16999.851825286026723916
17450.743360870998003520
17896.323691469940968091
18310.993433030773303472
18669.458134392116335221
18949.310566674437723123
19133.823346971170394681
19214.405313227787701180
19192.109083467337768525
19077.749544603859249037
18890.569563336081046145
18655.799194749142770888
18401.701759972991567338
18156.699490268740191823
17946.984301429973129416
17794.776477495503058890
17717.201418915687099798
17725.653664237630437128
17825.499524938335525803
18016.006433076428947970
18290.451118624525406631
18636.429658085613482399
19036.453968116526084486
19468.953230057035398204
19909.782952123812719947
20334.258868579192494508
20719.575427738807775313
21047.274169461568817496
21308.162771022380184149
21497.809700152261939365
21618.814545332410489209
21679.546084313697065227
21692.108649240850354545
21670.071808104348747293
21626.462794276416389039
21572.341998531064746203
21516.070374686310969992
21463.210840287072642241
21416.905755328727536835
21378.531873397161689354
5866.890942590761369502
