46.710138053721649953
47.575198387932680077
48.600911460941091491
49.465461801781444251
49.911980884872136244
50.154139973636475247
50.383239810455805241
50.664645352935060885
51.064369622523400949
51.377677919889649161
50.823138583721025441
49.705561563454615737
48.273875671337812321
46.692423315857865873
44.627828924546783185
41.848788105986969299
38.659900129727624574
35.859970377043943301
33.586498976517624726
31.286519384817914613
28.858726223987446247
26.716995995730854929
24.800542710204496188
22.900528600801223433
21.120004320197224956
19.495375560785859648
17.877713978763324576
16.717575495444435774
16.297149580266008684
16.731973531731554772
17.678303882152519577
18.942526715445410446
20.442876312257610039
22.071820680302437268
23.176370240067669215
23.668029434031979008
24.328977798937771126
25.924060302753829887
28.058235771795906999
30.032119912300174747
31.650706293311557715
33.317731685900440652
35.044987724995110057
36.744860512968870125
37.928351291517927280
38.152552228895771691
37.421979630219539104
36.087800947913734717
34.358461179904452365
32.356585376042318103
30.558334035504913118
29.911140641146403141
30.440749476851806321
32.207259742087188670
34.546056245907209359
36.730462320079794836
38.058184340871520135
38.320178652597064684
38.098496533806297748
38.388551660991481640
38.836223098457310243
38.306664643812325721
35.393380324264825276
29.963436858654603157
23.111798428203627509
16.438476033841197932
10.798719964404000393
6.462614674049319774
3.204029631319485816
0.567644696396882864
-1.873495462078352602
-4.295953423865114473
-6.597347390629380470
-8.486423678185161634
-9.554152252091142827
-9.681268980882606456
-9.274117496539219019
-9.119947830144553791
-10.082173428277855010
-12.616927034295912335
-16.104640136316731969
-19.096317105330086861
-20.698294343646011839
-21.224368869824729700
-21.309308136926773614
-21.485532251405572879
-21.971633818319276088
-22.573178720071723546
-22.976903041397349625
-23.122662006694895354
-23.223241529973506658
-23.364536605275191050
-23.554944589977054648
-23.727857746301538100
-23.832314216989828992
-23.833997075181173386
-23.684924571994059761
-23.509724189195878807
-23.510653590369201993
-23.699476599965862533
-23.858669486825363037
-23.785121068967612246
-23.401455494362039644
-22.826859819117942152
-22.406223551115260761
-22.446610365653896224
-23.048188497499211280
-23.984434052531412362
-24.825094256951274474
-25.275807570151755499
-25.368761180887020146
-25.397473203967138033
-25.730798284365732798
-26.533255311248240105
-27.690287365905703609
-29.093553618760154222
-30.664791184315333794
-32.278232199733508878
-33.844588154777909494
-35.354795355709654814
-36.824977816668308606
-38.203479989239212955
-39.315724168079839274
-39.889515122592399621
-39.877867299327931505
-39.520477100833034001
-38.877051816684684127
-37.954788523832860392
-36.853248015818564909
-35.675459581847519530
-34.519813640520226272
-33.471414884761372832
-32.490244248348062683
-31.414040675981993900
-30.107495679546161682
-28.507643136670253625
-26.609106360328723895
-24.472033323796324567
-22.190960091282477151
-19.878549413946302593
-17.652942071482812025
-15.602514868039975227
-13.772325853375605220
-12.172991695066059492
-10.776491530258510920
-9.509728730064637148
-8.330705952220000654
-7.273319337396856099
-6.414859149692631490
