45.872565311485473671
46.814296712800810951
47.894924588111578601
48.829857233815239681
49.399482722996012285
49.811280865176726707
50.252097505262547372
50.790926049915974261
51.487187868675448499
52.097971971466343177
51.707009850078151203
50.691367690136893032
49.340718536203098665
47.867948158024404393
45.977757950559293931
43.453741961249349401
40.573257321189160507
38.072378706757007194
36.086449135696327062
34.101773694681114080
32.019873993266713796
30.219837300817900427
28.632273868571232356
27.043816654781466013
25.526128732312045599
24.094408265213104414
22.621252373203219577
21.555826975883149998
21.187949890490813232
21.639268614501816046
22.596707996767818827
23.860302444337236238
25.288355246520566766
26.708274277342653136
27.460481078017338064
27.457620515546722118
27.537654378653314780
28.638741131835857345
30.486008382990775090
32.269486170433538064
33.675507899647129761
35.049282081612119555
36.421769419285482172
37.732016627687812615
38.506665297456265762
38.276299988260376495
36.961087446395822553
34.823332997934755895
32.075699393581942331
28.902881802339493333
25.812187730447760714
23.737981653891409906
22.757928327532653157
22.997951976009971986
23.913036145952588640
24.890389631820397653
25.310179354779819505
24.967808954725285275
24.387060160840690060
24.523120860201402138
25.091135487866040421
25.051323266317069738
23.076769208135090139
19.008066489695011114
13.816670267837565689
8.934937281279673016
5.095237314928368733
2.482069516623113259
0.803207335028304215
-0.458877358700931381
-1.762175631365465733
-3.262001731191702447
-4.801740440733738069
-6.044237225696775795
-6.579462431626581065
-6.310143892337293892
-5.637315280170781762
-5.295297568401679200
-6.074251348772577330
-8.384483060974616819
-11.636102657008279948
-14.468403736011566707
-16.043492598387729231
-16.653972010572147155
-16.890904508125800021
-17.247190160639547685
-17.920828119517182131
-18.723196885882543938
-19.354913066828544288
-19.754154564708585440
-20.115337656434178371
-20.515026721206425009
-20.958055194952976308
-21.378314145068259222
-21.720508049878844758
-21.940567071343764383
-21.982864657938876007
-21.959860491986717079
-22.062238353215093412
-22.306154951545352105
-22.497234776671461987
-22.457342628342018998
-22.125512234796417488
-21.620121736829787551
-21.264070294566124630
-21.341072087286534043
-21.940843585520042325
-22.847895551283443183
-23.656358968820427435
-24.087446516029558552
-24.167592325926250396
-24.167259872512317997
-24.426850982213807129
-25.094992458128217550
-26.058732489004626132
-27.211038526793799974
-28.474141060713179741
-29.728250160494383181
-30.891081813646394494
-31.959177576904494344
-32.956366633869095040
-33.847722481570428954
-34.490589326831525341
-34.658707321039685212
-34.340848773749144129
-33.793237630276848904
-33.099960957832365693
-32.289217567881621562
-31.446651878116938406
-30.616240067632020327
-29.837367850728867325
-29.177888459170219448
-28.610723651519833766
-27.998666902886043317
-27.256787051944115774
-26.377900849557590846
-25.365077724502327783
-24.239343479563729034
-23.056531790220617495
-21.908778039940500548
-20.896614922554647364
-20.079746089950333499
-19.457726189480297307
-18.976677099270659710
-18.537088658555205711
-18.020628019535024578
-17.388177494260446565
-16.714268815404977886
-16.124529868480919959
