45.795356402304875587
46.799102932706276192
47.947685881568467892
48.957337529512386709
49.607131716800864751
50.091537591786959638
50.584729510913668094
51.144307128245756644
51.814845321294029645
52.331127238294932624
51.768194081851611088
50.539142004892894988
48.962024141486779172
47.260857713106958045
45.144717220049074058
42.398944468182925505
39.301735217434902836
36.589808117692101064
34.399213263031185761
32.217061895991761844
29.945750557843282991
27.965294470690338358
26.207288665126270644
24.459413033932264625
22.794430412510450878
21.228652950774758779
19.635728343062126555
18.465700229099851981
18.008980847394326474
18.387462480452754221
19.287984503654357127
20.510293098961142277
21.912427780157557322
23.321839289221060199
24.079564636468347771
24.099617749875847039
24.222149269599981380
25.388307762754948271
27.326984285274747322
29.232780794178296446
30.797534615874027963
32.373087388748103876
33.998432518195585317
35.622444128508504946
36.783967144548569195
37.028857129444730845
36.295988768472255970
34.869054809424397945
32.982350061314519962
30.838499588756803860
28.953400274273633386
28.252431435921721459
28.777256519884474528
30.585918169815499823
33.038210384542452402
35.410397883192899826
36.970890972300509247
37.419303656328111174
37.210517770204432964
37.261678772356304989
37.286679589000840451
36.284411514647644026
33.001651404147764879
27.377939997119113968
20.496497276287385603
13.899911820782932637
8.414746536068918203
4.293105984224382610
1.281759653932567744
-1.121622664998454866
-3.376979287717006173
-5.651762814699139881
-7.805875485823293047
-9.520138162727050712
-10.403322138642749906
-10.377591102327102135
-9.863159593102892586
-9.611747918132095947
-10.427666061046437562
-12.731342632560682659
-15.939185447836962339
-18.694058302133441885
-20.160457926866911293
-20.633567686889421111
-20.707936085586027275
-20.880852666269333895
-21.355194523413615570
-21.947263010505537295
-22.362384049760237303
-22.543148003148360203
-22.688055504777082660
-22.877353636783823276
-23.119037261355742885
-23.349529185640221840
-23.515400150424795811
-23.573839565569244314
-23.469985930157804432
-23.316663532727091024
-23.304563030185420303
-23.449530104699022104
-23.556666568613479740
-23.447274318317454345
-23.059931762591929783
-22.512690481931770137
-22.128118976823486719
-22.189392296846392583
-22.785356383098417155
-23.699412699639367474
-24.524671662134153394
-24.981838744266610775
-25.097644398168426960
-25.143628408880204006
-25.461704772834309551
-26.201939338629244958
-27.252268726899103513
-28.505674380776440557
-29.883371562728200388
-31.263472233990341920
-32.560456172853207590
-33.766375569830984205
-34.899220172481477675
-35.917030072711668254
-36.669584497351138452
-36.923719316429298942
-36.663333435044819453
-36.142760392470393072
-35.447164539517473258
-34.607558775564541520
-33.712239161763022821
-32.806835256339354601
-31.932910315048900429
-31.163185277802028850
-30.476898946501535193
-29.738446503298746393
-28.855265629730013188
-27.807108420243309865
-26.585006223428706562
-25.193286484100610778
-23.652974773967002875
-22.013741665336283404
-20.347240514345742213
-18.704934830204251739
-17.092984550103210495
-15.472289290769310810
-13.763915676009048639
-11.874730329430860820
-9.795612421213547805
-7.641400924494973879
-5.594485737577656437
