45.430488456871003677
46.437918288440670267
47.593327052616302808
48.607332618777917332
49.257150446367660379
49.737107177218014442
50.221889738414418503
50.770695929594502616
51.431640402724113414
51.945223729806556889
51.388033164930654095
50.164345934451759490
48.586679890790840375
46.878410057887748508
44.749287310591618905
41.985590168092485897
38.866499335981913532
36.129738671067158862
33.912385470924789388
31.702582982218402208
29.403746756684867592
27.396893162846453151
25.614597200184292092
23.845487193506642143
22.163224245548178715
20.584941213512379932
18.984991781784728460
17.813968121743215534
17.362637465021506955
17.753038489281763646
18.671963494850956522
19.918965431620421214
21.351819114975413072
22.797729088713893475
23.597591958459631201
23.665453648969730693
23.841704048851426023
25.067941608812844834
27.073700720000289266
29.054395895459677490
30.702819809318924626
32.371873526290130485
34.101637173861490737
35.841941375521344071
37.132161588981745126
37.517768665233518277
36.935637517578300049
35.665006323523527954
33.932488608891503645
31.929469719319030219
30.157671086346852007
29.527479357175224095
30.068655489278029336
31.835711686133890908
34.198371298124328632
36.458523078520499894
37.922624739478834499
38.331307335673699299
38.170561759799596757
38.367698970766753064
38.621183978628209843
37.891987365608457594
34.875970830485783836
29.461923160160040425
22.695375372318892460
16.102506485116919066
10.515636429237218863
6.209201142414769947
2.960211264906149609
0.296271309532528448
-2.218530638352802953
-4.735778805569367478
-7.107053152465141466
-9.010264901574146279
-10.054438591814658821
-10.163596282882451760
-9.760607158991263077
-9.600212361832916486
-10.489756633192058644
-12.852413241809216515
-16.106867933492736711
-18.897767132552019120
-20.390973512798325373
-20.882751482416438193
-20.968585452092668220
-21.146672853539712378
-21.620853560906141411
-22.208499640146953880
-22.616143481527160475
-22.787714801314905344
-22.923145901760165088
-23.104134204118849993
-23.340054638397418785
-23.568555967003533169
-23.737210566277724411
-23.803922065213384940
-23.714192608370581183
-23.580803050194901971
-23.593962895967479199
-23.768614456102454824
-23.908607511910076937
-23.833774053183958586
-23.481177370567138496
-22.967494886368285734
-22.614226913275842890
-22.703899765166795532
-23.325175448195977879
-24.261714760568736438
-25.107259633726300763
-25.583427027251275376
-25.718059130254061984
-25.783970914420251574
-26.124533098234110184
-26.891497634937081784
-27.974733404951564353
-29.269326512797022133
-30.698579186124277385
-32.142357236258078501
-33.516098101980787760
-34.811382136892575545
-36.043533235370318835
-37.165017344446312109
-38.016834549065947613
-38.354430612707972159
-38.149500358866077931
-37.646138072012206521
-36.924053285304921701
-36.015099190225669190
-35.013993624458692011
-33.975802037038135950
-32.951464547010004935
-32.020478196699514228
-31.164762399323421960
-30.247546345738157925
-29.172718488669772796
-27.915014087513725372
-26.460179668652472174
-24.809173867916683776
-22.983655975282147210
-21.040271560512053384
-19.066872420081892869
-17.142479891926768687
-15.310711731494734522
-13.571947345429293819
-11.878303979752672603
-10.153647605455205394
-8.387912909131955530
-6.672852819201580132
-5.148206219208077528
