1391.298896137777319382
1337.302140644169185180
1315.723774370690989599
1338.717395230153670127
1250.828570736917754402
1235.063637314126935962
1303.776256393822450264
1463.694695770504722532
1715.274554326495263012
2053.238906688328370365
2666.029078612007651827
3340.520617062216388149
4062.993228379323682020
4820.868305752448577550
5599.962842735526464821
6387.387812279067475174
7172.791021949788046186
7947.657113096740431502
8703.973401787952752784
9432.365840456743171671
10125.724771189799866988
10779.537756155586976092
11388.888274175842525437
11949.419993176206844510
12458.713651131791266380
12912.628148327963572228
13311.305815798896219349
13655.841811248161320691
13950.451643128613795852
14194.746879160336902714
14391.896476190397152095
14548.689543288588538417
14661.421428935045696562
14732.876602852391442866
14766.623056530890607974
14765.178704100002505584
14724.601538536555381143
14665.393905002891187905
14659.607268319914510357
14614.545680216962864506
14577.158898328467330430
14545.506145485616798396
14534.029474238061084179
13350.385364296344050672
12203.578717374399275286
11103.624539255206400412
10062.691851213325207937
9079.267403473293597926
8167.256899983545736177
7338.334524164769391064
6593.024436608834548679
5927.087856867467053235
5323.604840449019320658
4750.764458134331107431
4188.026567904192233982
3649.850982811221911106
3133.153695206058273470
2619.361683043745870236
2097.314720196670350560
1541.564173333454164094
960.984952789358544578
917.826042276492216843
0.431682839951220476
0.090016176685826912
6.029533374549579605
15.662409014492480352
23.573286801567448379
71.030904727954535360
211.250659046610365976
438.712755907286123147
745.326268929773959826
1125.968842852638090335
1565.177800996895712160
2054.037805683803526335
2578.262391343370836694
3113.404708920140819828
3635.992095427033746091
4144.146323764622138697
4628.691625485246731841
5084.201202365846256725
5513.616828063954017125
5930.100093366764667735
6346.559160774734664301
6764.781563849881422357
7189.341573242181766545
7625.251518884895631345
7866.534308034027162648
8130.142100762584050244
8421.198709701089683222
8740.876245832514541689
9084.584807897374048480
9449.573315671303134877
9510.779682441178010777
9583.312833067806423060
9660.155778565169384819
9735.977072991150635062
9807.858258841737551847
9866.707633185451413738
9904.333143078065404552
9916.949896060103128548
9901.628393130613403628
9856.296332517988048494
9779.782047068227257114
9669.835545299913064810
9526.923241045686154393
9352.600705191154702334
9150.778656633028731449
8929.508043706624448532
8700.337879978726050467
8474.696081125041018822
8262.119307484332239255
8071.074645321232310380
7908.304468522967908939
7578.948515293376658519
7292.349116423530176689
7051.033841254184153513
6853.247108813573504449
6694.108732558187512041
6564.344025754110589332
6451.030064996508372133
6337.608781243318844645
6210.051332845801880467
6052.999498364807550388
5856.096600612981092127
5607.997692890055077442
5283.722463711140335363
4869.095138425147524686
4361.450438466527884884
3730.752562599651355413
3010.511401255423606926
2214.022285842787823640
1340.914219065245561069
389.172951743883061226
199.117692845258773104
73.119150528457069527
0.804112132894217346
0.029414328793961209
0.000034694341920378
0.000013612789609872
0.000071679915996430
0.000046868418758586
0.003524351602119848
0.023903907849536436
23.620093823580603498
347.209662729621470589
752.625885302830511137
1153.804053055941267303
1497.401558343755141323
1753.844306889900281021
3501.512583040940171486
3474.856357915502940159
3441.763749424031630042
3422.555574798677298531
3426.590594610868720338
3446.133143029087477771
3468.491159626459648280
3488.491421235077723395
3498.033484741446955013
3496.047493916221355903
3636.040457316936681309
3825.727550033901479765
4056.958180234038991330
4296.037701901016589545
4567.011890801105437276
4886.069431954313586175
5233.285782993790235196
5570.995335471072394284
5876.397839758012196398
6186.479162992845886038
6508.934106118645104289
6814.055981494640946039
7107.065105924044473795
7403.550125888697948540
7695.352524719835855649
8039.328433251443129848
8410.288599637218794669
8782.037711353108534240
9071.250792784301665961
9323.085406506226718193
9510.875752441643271595
9533.879067370227858191
9561.552217431972167105
9621.609380577056072070
9741.128419700979065965
9992.448883223751181504
10626.194944910863341647
11308.616290239398949780
10439.631075994167986210
10476.887591125969265704
10447.153088234965252923
10581.623905702803313034
10697.118527700620688847
10708.134905159262416419
10723.776413619376398856
10788.471740038639836712
10887.569099809563340386
11317.243411897241458064
11932.638710551935218973
12561.342227909006396658
13203.370938916927116225
13853.881157234425700153
14691.690408460442995420
16132.784761830926072435
18197.573134572041453794
19969.376790550377336331
20981.482513046114036115
21245.209381520751776407
20820.238900709358858876
19722.305140664087957703
20821.867974930188211147
21208.159989859021152370
20824.726913240003341343
19621.612060461815417511
17897.432005186954484088
16990.604474666753958445
17047.211940468056127429
17281.573383180711971363
17108.635066688511869870
17096.403278964960918529
17389.011176533258549171
17802.401470979177247500
18274.934383630155934952
18537.968218838952452643
18482.164532899780169828
18317.800942018631758401
18313.643440077299601398
18292.868023841921967687
18352.033698739371175179
18586.863171865170443198
18971.539800924609153299
19295.960677144397777738
19398.845772636348556262
19415.828027911291428609
19421.120877313216624316
19466.600991006602271227
19568.284750609018374234
19695.870210332435817691
19785.596266153013857547
19819.421239080660598120
19872.280297401513962541
19926.265022386480268324
19978.203720202502154280
20030.681205911027063848
20108.615213009070430417
20183.818773247025092132
20167.840456505280599231
20129.366671490814042045
20126.776901322184130549
20131.671081145828793524
20121.579058228784560924
20080.794000815178151242
19999.997740927330596605
19926.845745076647290261
19879.477577394856780302
19894.144351707946043462
19998.248217159529303899
20164.429026926096412353
20315.854795423521863995
20402.648493993201554986
20436.034250349268404534
20456.240878616208647145
20528.360354616313998122
20678.068731593546544900
20851.430059870875993511
21046.261552237501746276
21264.732023248816403793
21479.822879828316217754
21678.703670992617844604
21864.097221260733931558
22078.080834272299398435
22277.567960828619106906
22454.286418703904928407
22497.195410383959824685
22334.481027637884835713
22230.960761390979314456
22242.394190905837604078
22219.267780137950467179
22761.279283677642524708
23082.713052153158059809
22998.968384745097864652
22795.568112789977021748
23022.663264292859821580
22943.710828049039264442
22778.312372369884542422
22868.087400072308810195
22569.748638572375057265
22741.515440498318639584
22783.278148180073912954
22703.270039858005475253
22625.493404810062202159
22613.533719261064106831
22754.390418997045344440
23126.353235906120971777
23650.423027154782175785
24135.977027663393528201
24559.593459396262915106
24879.502899635448557092
25115.348602906051382888
1885.989586654103050023
