61.260870863869996583
450.797263652825222380
839.517687441807879623
1240.741105118554742148
1305.597336326939739592
1412.036709363579120691
1570.408283911462831384
1785.127789385604955896
2054.973113422221558722
2374.084225206232076744
3571.921200602767385135
4793.274445604775792162
6023.392991726669606578
7248.787201573521997489
8454.391862619855601224
9626.627168830906157382
10754.837847052380311652
11830.682591669310568250
12846.760829731976627954
13794.677424220666580368
14668.701833785184135195
15466.048809958219862892
16183.694059509234648431
16819.245204148377524689
17372.267435840436519356
17840.477158948993746890
18225.821045396700355923
18530.976966428359446581
18761.301442517618852435
18916.593060487073671538
18999.316682900120213162
19014.541174811300152214
18955.354888046240375843
18820.767766220298653934
18610.229715551369736204
18322.131964372121728957
17948.835062254733202280
17508.672276254499593051
17071.963986704846320208
16539.487649204100307543
15956.176559719164288254
15319.476429953761908109
14645.734987775320405490
12970.201430158578659757
11278.604997982442000648
9585.375335186990923830
7913.293448849463857186
6279.273242110727551335
4724.531098552724870387
3298.439313297420085291
2051.648716505517768383
1044.298356070557929343
341.276353688794017671
14.728586034041029507
0.290625847482002597
0.009715526178874771
0.009238425985346415
0.762936447182407051
285.545102190076249826
1255.721094421779980621
294.922217321723564964
1.120806801390243912
0.125353602797672187
0.196219921801036895
0.374892444276695991
52.997248188185892559
379.759895016971313453
968.940596911446050399
1759.322301369757497014
2658.434613899949908955
3601.143046741166472202
4546.294983761310504633
5459.541135561564260570
6325.921517084658262320
7132.951050664865761064
7860.944349204577520140
8491.794450999568653060
9029.499954259074002039
9469.774021838857152034
9811.499798621902300511
10062.120571506307896925
10239.310090540022429195
10358.601495929233351490
10421.292899757503619185
10430.327243136587640038
10389.405728459581951029
10362.388209353508500499
10298.422711959929074510
10205.810794188577347086
10089.805356523822410963
9950.503369829979419592
9790.558437311436136952
9971.180987071458730497
10131.720586771496527945
10270.102903589669949724
10385.746727732410363387
10480.095056483687585569
10547.727333217762861750
10583.618988210790121229
10586.755759371144449688
10556.498841493066720432
10492.541988850798588828
10394.937047412115134648
10262.090823910179096856
10094.593251549236811115
9893.592725854907257599
9662.119756718026110320
9406.962596018258409458
9138.089025249510086724
8865.033733028287315392
8595.140979159401467768
8334.476093062521613319
8087.333047647445710027
8014.078444492260132392
7962.481591727874729258
7931.070521345028282667
7914.760025883324487950
7906.499795266827277374
7896.161834420342529484
7871.219085058534801647
7816.501741436759402859
7720.079665837850370735
7568.684487771127351152
7353.753269052671384998
7065.960765958338924975
6684.059343228122088476
6200.228342324007826392
5611.389604443280404666
4871.219953462557896273
4002.632182015680882614
3009.106163754529461585
1880.649109428446990933
604.751506692093244055
442.257374018478287780
336.880837756432470087
192.271977480923368375
68.900275307880193054
4.337287133209908774
0.094208158250942226
0.075962595325594628
0.222685533040142103
0.051668830681244990
0.014459174156084767
0.003503134313887617
0.001258631853591914
0.001897480491939677
0.110820556969830106
30.406742229201956462
589.364012224940097440
5289.082945122926503245
5291.677705630090713385
5287.178796489446540363
5296.020865926559963555
5319.790040333700744668
5358.707021209806043771
5400.036229909031135321
5438.522712080900419096
5466.011040985849831486
5481.441586154304786760
5664.339954436240077484
5896.462044606125346036
6169.687506275740815909
6450.374671140567443217
6762.633531632891390473
7122.732936211056767206
7510.845657396432216046
7889.410252446391496051
8235.719908437537014834
8586.838862007314673974
8950.464096654413879151
9296.710719627322760061
9630.377799122361466289
9966.247473969478960498
10294.733738043933044537
10670.808859188888163771
11066.496775950421579182
11452.418413187944679521
11741.977912100663161254
11979.597672720801710966
12139.962653275229968131
12125.894002328481292352
12115.149349969557079021
12142.461603526569888345
12240.159523889440606581
12483.272250053958487115
13122.852259908047926729
13821.803025046447146451
12975.165681184822460636
13041.650609644981159363
13044.200166068285398069
13212.121427975787810283
13360.690214109574299073
13412.371893691923105507
13466.132245074953971198
13565.496307004634218174
13694.989647818218145403
14149.917790030507603660
14783.647696896056004334
15418.853467193110191147
16041.211254388646921143
16597.972555720556556480
17105.584669664389366517
17557.778143260915385326
17837.300325510826951358
18159.005619827123155119
18252.287147646591620287
17723.914443222613044782
18272.942894508480094373
18617.158777523603930604
18562.560933960128750186
18572.538036819983972237
18748.396915089866524795
19102.674434351971285651
19575.733534127703023842
20039.331614041129796533
20432.506766518854419701
20705.291438416057644645
20501.917264738844096428
20440.521455900943692541
20674.608437846818560502
21022.828039036747213686
21425.284499300825700630
21615.404581282858998748
21486.642369804838381242
21253.084954585006926209
21188.372649820663355058
21119.790420187502604676
21146.057023049070267007
21360.799874267293489538
21730.881533904768730281
22035.934798281035909895
22106.976953395213058684
22077.607452917043701746
22023.609819047200289788
22000.108555431230342947
22044.493587107310304418
22109.882796152855007676
22134.902892460289876908
22103.159513198861532146
22090.731128738880215678
22080.573632179493870353
22097.863809312075318303
22118.389039229674381204
22167.952511000581580447
22219.332945949801796814
22185.020971328784071375
22134.555756916906830156
22126.838542124154628254
22133.282816191665915539
22130.278789772510208422
22099.989999015888315625
22030.376252809703146340
21966.601858001027721912
21925.165770599702227628
21941.921208438645408023
22044.894164908033417305
22207.874452772241056664
22355.276477076811715961
22438.307245206480729394
22469.005707745571271516
22488.150701678401674144
22561.139105070811638143
22728.167554259893222479
22920.478243483827100135
23135.385433361469040392
23374.729760352322045946
23611.677672914920549374
23834.284414820234815124
24047.113405294167023385
24295.953006104366068030
24545.667758040443004575
24804.789990257140743779
24987.769254677124990849
25026.558445222675800323
25113.679248238324362319
25145.310925202298676595
24908.547930568256560946
25216.611090542653982993
25376.930818344695580890
25228.758262058301625075
25020.735415978168020956
25269.399564969782659318
25237.917757171740959166
25125.902810695966763888
25266.661461138170125196
25028.863739818138128612
25244.277096999117929954
25323.513099962128762854
25260.104163271509605693
25162.054873838518687990
25070.672365699902002234
25049.839957728490844602
25168.182868855205015279
25333.675242402870935621
25392.416383026637049625
25380.614457265983219258
25305.010309232602594420
25286.382534319152910030
0.000000000000000000
