46.281311705296566572
47.237789737227203091
48.338817006209737315
49.326789400079505299
49.993484132684727683
50.509921644752957093
51.033890899801122032
51.615368539246318846
52.292806825993281450
52.797294951493782378
52.214009331068382380
50.978891356483586605
49.421270811213545926
47.765584109495449638
45.718769355382718800
43.063539260657343277
40.075340706710107952
37.488083664304710396
35.434975778668459157
33.400306179549573926
31.283718359584156588
29.462557742956079210
27.865823847209753694
26.278662750983073693
24.771363006801010442
23.357843086121974352
21.909491507977818969
20.874309066074943075
20.540965291068488341
21.029956670510031813
22.027046930540294056
23.331106217410535919
24.799290500197628262
26.257907331206382651
27.046363569432443796
27.076426052851346071
27.185386563937470328
28.311037003453449756
30.178549307645752720
31.978497915320744482
33.398296106033924957
34.784730752028451661
36.170748265598803073
37.497705278452770017
38.294885237567285685
38.095966026735652576
36.824694222912739860
34.746952499167946371
32.077766670933129944
29.001484591493181142
26.020941635899987432
24.060855569761230299
23.185503925377929590
23.509768872020146091
24.485372933072113710
25.501927245108532816
25.943019366042022966
25.606793781822631217
25.020020800556295626
25.142272869608916608
25.692020755489920703
25.628969966381021095
23.625459877342990467
19.524396982061233530
14.301959540845132324
9.395498941205204346
5.539091845489565458
2.912431437275984081
1.213663563880942320
-0.082883405727983472
-1.437049266449434981
-3.000311165603193331
-4.610193875580051781
-5.924581075469916414
-6.530456095778532699
-6.329274461594764034
-5.721680566743742702
-5.441763090115102841
-6.279263276569963637
-8.643834961877814749
-11.944842292131056638
-14.821037320108757740
-16.434562350806800168
-17.078867423004396642
-17.346498384394351433
-17.731785968055305602
-18.433229405978693194
-19.261385488415953660
-19.915162189225497968
-20.330976715926567522
-20.702053540427129974
-21.104541606505279105
-21.543550274212350359
-21.953718896851455611
-22.280730365747103860
-22.481536082087700379
-22.501474743859262162
-22.453884072437062969
-22.530236271249236779
-22.747396853052634924
-22.911644296717099678
-22.845475997027449466
-22.488555818707823164
-21.959872102727558740
-21.582860740407284084
-21.641636804379970727
-22.226151585604952743
-23.121019042496641305
-23.920442321119139706
-24.345801591051838386
-24.423879181071697531
-24.425657836998595940
-24.692120754978645891
-25.372380311594952218
-26.353739704751831141
-27.529126186237704133
-28.820439344237797741
-30.107304970298912394
-31.306626881545412289
-32.413891879899040305
-33.451585677499167559
-34.383122078028293345
-35.063919472711233993
-35.265665860234889806
-34.975121593330015912
-34.446627019847028350
-33.762428399923351208
-32.948638079866896078
-32.088349282473132007
-31.223196924457170098
-30.392778833645365921
-29.671096235876632363
-29.044626301772041188
-28.392383198871073091
-27.638668400150493198
-26.776075486443403406
-25.807535343362303593
-24.752873438660458305
-23.651087408577211590
-22.569104848018412213
-21.592568987935919722
-20.781881286889699822
-20.145575022619652827
-19.638716124447114453
-19.167501375869278490
-18.616451634922668745
-17.948102116236952952
-17.239334655282959829
-16.618435258832391810
