1411.667939826927977265
1380.761838482199891587
1371.412181244990051709
1390.605650041369699466
1380.959656375396662042
1415.974310376100902431
1502.767168491566962985
1644.885751584792615176
1842.162798609491574098
2090.876487864250975690
2657.709442612246220961
3258.900157302822663041
3885.798813580575824744
4530.969219602829070936
5185.171586590664446703
5840.161161635213829868
6489.884660003041972232
7129.746423483578837477
7755.258346122871444095
8360.181130923052478465
8940.138919840581365861
9492.946588933738894411
10015.639208532486009062
10505.456391886980782147
10961.229105118245570338
11379.773887651497716433
11761.868875642550847260
12108.969093085423082812
12425.411097260297538014
12710.833879667892688303
12968.232284103367419448
13203.992504598043524311
13413.884942208769643912
13599.763564178430897300
13763.884397420697496273
13907.057887738692443236
14023.220930449620936997
14130.275213118371539167
14297.431412085954434588
14429.197996737453649985
14569.142783840625270386
14711.705158450180533691
14867.626644411733650486
14507.045277674935277901
14164.891706500060536200
13842.116154986289984663
13541.261846828654597630
13251.296878844776074402
12977.654811313082973356
12725.063194968108291505
12487.636196065132025979
12250.457123558289822540
12001.539796587469027145
11765.168099500713651651
11549.517638495237406460
11350.608997063069182332
11163.399810739500026102
10983.609220320402528159
10808.258460547333015711
10635.949232601762560080
10466.981274461119028274
10303.431574242649730877
10149.137609284609425231
10009.504521202003161306
9890.953630189358591451
9798.385964873670673114
9714.304042610549004166
9602.414899171346405637
9509.100000915615964914
9428.008925989124691114
9356.482969837143173208
9301.979342217897283263
9265.372345559637324186
9254.833070374010276282
9271.646099815383422538
9304.131535770035043242
9338.292043979106892948
9378.356156572181134834
9418.025048836228961591
9451.782603659532469464
9479.879780052122441703
9510.801614615513244644
9551.637049937347910600
9597.913329735321894987
9648.016392991965403780
9701.443261812970376923
9665.124654718660167418
9635.588772062212228775
9616.221596482788299909
9607.934388790925368085
9607.159640456828128663
9613.271456921234857873
9630.849147972152422881
9650.558461580458242679
9668.280082948351264349
9681.827284953573325765
9691.434318281540981843
9691.022055578383515240
9675.165193537124650902
9642.435524396916662226
9591.758886523968612892
9522.412084064781083725
9434.097289898476446979
9325.000627156827249564
9195.495995496597970487
9046.389535941583744716
8880.049802254199676099
8702.137524936324552982
8521.072191690145700704
8344.593284658656557440
8178.136787547990934399
8025.863987865965100355
7890.389024050911757513
7537.705575332420266932
7210.430374030211169156
6910.157090560864162399
6636.028435657372028800
6385.908587060956961068
6154.794825136195868254
5935.099873044253399712
5716.160098286431093584
5489.901881534174208355
5246.614590143806708511
4980.767725690138831851
4684.557152719631631044
4337.078350064256483165
3929.665913455730787973
3466.024637392560634908
2920.993898833545244997
2325.662139584401302272
1691.783485005972352155
1017.248116796345016155
294.948841437468217919
167.191321665106045202
59.239538261238614325
0.826586839046920985
0.073865679808150814
0.000010931720477705
0.000000002629255635
0.000000000135206122
0.000000006967732401
0.000085352393310269
13.272020733612594157
166.002814214748013910
377.778259353349938010
616.532661809009368881
853.958432507932343469
1059.002408634833045653
1213.176635139067229829
3530.290339502557344531
3505.172381969568505156
3473.270686518450474978
3454.712436906389029900
3462.844500447557493317
3485.497695761916020274
3509.739660673483285791
3530.213874617736564687
3538.741071107326206402
3534.280513082529978419
3673.484101802853274421
3861.179087970798718743
4089.389144263283014880
4324.608960425326586119
4591.061343943479187146
4905.095185864264749398
5246.937002522137845517
5579.067131286184121564
5878.820736683057475602
6183.270563192008921760
6500.209034332245209953
6800.103255896383416257
7088.365343742250843206
7380.813870240563119296
7669.644357634393600165
8011.729395777783793164
8382.012375409642118029
8754.038638133770291461
9044.039196461406390881
9295.062035177776124328
9478.650614520664021256
9493.260488592493857141
9507.251613676098713768
9549.933344764749563183
9650.985279485916180420
9885.283341153575747740
10505.177174505439325003
11177.779832746249667252
10302.685259393836531672
10336.997403959467192180
10306.639011320772624458
10442.071822910220362246
10559.453567783619291731
10599.763574741064076079
10644.591087556817001314
10737.967707012870960170
10865.215682115396703011
11323.245264847217185888
11971.501640752139792312
12657.069074814617124503
13462.941161599541374017
14671.229719944845783175
16470.486364037878956879
18140.772522137121995911
19367.446480054619314615
20152.550099925454560434
20541.574713668756885454
20577.303610634440701688
20286.161461571551626548
19672.380944664051639847
20618.692228924614028074
21211.215125226466625463
21412.446799430930695962
21163.074501352130027954
20394.512761079615302151
19092.089471160281391349
17810.224421143153449520
17568.927323586987768067
17316.803673344111302868
17278.968794791875552619
17554.169094296245020814
17951.061758688505506143
18407.201657238678308204
18654.876366669730487047
18586.377692046095035039
18414.179681783538399031
18409.446928801640751772
18396.596142306025285507
18471.372637329834105913
18725.737572665551851969
19128.092839450771862175
19463.451180710733751766
19568.990190595941385254
19581.589300926651048940
19577.797596358264854643
19611.487726602274051402
19706.940897524898900883
19827.023416924628691049
19908.431699656877754023
19933.286232132821169216
19976.496966413382324390
20020.060550855338078691
20073.870317369630356552
20127.010903476169914939
20204.057855266506521730
20276.411931402741174679
20255.181648779034730978
20208.416981165999459336
20193.928511869024077896
20183.331673530003172345
20155.034774578885844676
20095.211076061830681283
19997.029102646796673071
19910.197243345734023023
19854.010455569223267958
19864.592220474314672174
19968.404286125351063674
20136.966467349699087208
20292.491564113701315364
20384.409077129210345447
20423.514663471141830087
20449.793633590634271968
20528.148138513148296624
20682.542941760573739884
20860.053770372956932988
21057.973057358754886081
21278.081642449327773647
21493.282752236118540168
21690.912293273817340378
21873.816635238370508887
22083.616174135313485749
22275.509078123905055691
22437.828569157747551799
22462.062785221041849582
22303.692290169521584176
22248.649361398860492045
22328.286077980028494494
22331.368078458617674187
22817.897804602202086244
23077.104682550816505682
22955.411542946181725711
22736.529921441517217318
22960.917879756671027280
22877.577252085135114612
22707.190999296046356903
22793.098342599052557489
22487.099381584463117179
22654.453295308292581467
22694.264497937081614509
22623.599552067666081712
22590.466714718360890402
22708.384743648282892536
23111.752769143171462929
23800.088639086625335040
24464.950035614205262391
24868.944607880559487967
25008.185453386799053987
24960.911957791053282563
24815.996495961317123147
1851.529630204295244766
