20026.501023548742523417
17203.265040629237773828
17753.178377101095975377
1427.102416266852060289
16266.965803313041760703
13207.730636177491760463
6938.855030373493718798
4540.350270672565784480
8404.066854599688667804
1952.865782234783182503
12692.069200789563183207
13197.293417355773271993
13162.523192167976958444
12903.769300625832329388
12667.512783710048097419
12482.335837659362368868
12375.349418095674991491
12292.017738982400260284
12181.340618947428083629
12001.455855706317379372
11744.427606824747272185
11438.891855012172527495
11135.336706344554841053
10886.705417441460667760
10729.153324269762379117
10598.144580517315262114
10342.579347033451995230
10171.844712891026574653
10122.301912188146161498
10133.674721160061380942
10221.927373926759173628
10435.997795819017483154
10618.556776807843561983
10719.475678486904143938
10725.718434062664528028
10580.791783305732678855
10089.725547808980991249
9478.608224727924607578
9941.508557835179090034
9807.033983956776864943
9786.991567540177129558
9712.606554881047486560
15135.106298076716484502
9832.286792907065319014
9936.076945615090153296
9951.960092246077692835
9836.779522123188144178
9367.311854556475736899
8667.285601552053776686
7960.750057942271268985
7371.567017866937931103
6960.900027626225892163
6714.147843485115117801
6563.635733418464042188
6565.327778973301974474
6571.100949739107818459
6792.816083247580536408
7480.132086018237714597
7413.878028357612492982
7395.646035610700891993
7466.915517855349207821
7474.159687458349253575
7427.377152558344278077
7338.483918621085649647
7224.028655498766056553
7108.662783246653816605
7032.384034661999976379
7049.419107424079811608
7449.319389540852171194
7772.876612007029507367
7891.505703171236746130
7909.110587001508974936
7832.023137412091273291
7814.507867505866670399
7892.005640761424729135
7913.636106281564934761
7737.264446701078668411
7584.967985133443107770
7512.251892796605716285
7563.353300760333695507
7738.319799761101421609
7981.218806400810535706
8209.178445099250893691
8327.289977752223421703
8261.861616700718514039
7991.906277978519938188
7560.597685242482839385
7086.757458292392584553
6726.762198881174299459
6605.873761100751835329
6755.817290487455466064
9609.728129357103171060
7449.545651876982446993
7696.223936213596971356
7734.624407617659016978
7587.653056454480065440
7354.941116500985117455
7107.376954767394636292
6935.658058709564102173
6924.471534524254821008
7050.099097747464838903
7262.178796370134477911
7494.876665950233473268
7649.448881758523384633
7710.970442026123237156
7654.691959816683265672
7497.023984283057870925
7294.300555902177620737
7118.554772999950728263
7020.495811726613283099
7000.956762864613665442
7007.975848973483152804
8008.941511197873296624
6846.629429461991094286
6666.378313637766041211
6509.350668548891007958
6460.589359860365220811
6530.881673412995041872
6660.944516401308646891
6772.182266971205535810
6803.923811368398673949
6795.175712818401734694
6799.142366109069371305
6856.664802334915293613
6961.557919273878724198
7028.944122174802942027
6975.374556305551777768
6896.359359728050549165
6338.708311007663724013
6050.394731192403014575
6429.357356220939436753
7142.837029199207790953
11.750581576321842192
7623.302312947021164291
7413.918072571850643726
6754.229635565957323706
4889.646508933013137721
4448.217446932983875740
5045.522447668965469347
5980.314991238325092127
6648.651610035287376377
6852.744427525251921907
6609.281054766857778304
6048.605277262341587630
5467.012276004703380750
5195.659977801073182491
5423.880538391000300180
6111.733837323910847772
9544.094852471713238629
0.000000000029035645
111.667129730203484428
106.508335399060626969
108.106570188204855754
116.147167585400652001
130.635240927302390901
151.608497687284682343
178.848681639484567540
211.735411242644829599
249.377634525310241997
291.015895018975072617
336.506570532878924951
386.651256103496791638
443.267123660666015894
509.064556209894533367
587.457911744307011759
682.387608332688614610
798.141322568998361930
939.107002003300976867
1109.367008682953837706
1312.073171186491663320
1548.609160329480118889
1817.659587723642971469
2114.430459895119383873
2430.375890418323706399
2753.753811485358255595
3071.162200894382749539
3369.849486580244501965
3640.203729153392941953
3877.627905673343320814
4083.166735418926691636
4262.738514669611504360
4425.365502957341959700
4581.058430836204934167
4738.963578253708874399
4906.098888723282470892
5086.763660009677550988
5282.574329177768049703
5492.993878985670562543
5716.240439472948310140
5950.348229743620322552
6194.123577968339304789
6447.657253471456897387
6712.133893683238056838
6988.765592793527503090
7276.896960503418995359
7571.483565197933785385
7860.471060531076545885
8123.136882532768140663
8331.076899036601389525
9330.915120277502865065
11316.669507179069114500
13036.372448873231405742
14360.565424764037743444
15226.726212632573151495
15677.391517146248588688
15830.558310181662818650
15826.928397644949654932
15793.297192170308335335
19577.343073712225304917
15989.999760679111204809
16317.683987367625377374
16253.457245747300476069
16194.048254091432681889
16174.323410329092439497
16131.653993846133744228
16014.477833941897188197
15795.663829111839731922
15482.589302908765603206
15115.394293605782877421
14751.515507359412367805
14445.066814687164878706
14231.523364976654193015
14121.448717183378903428
14101.067610842468639021
14136.896504955127966241
14183.871788356835168088
14197.625981506420430378
14149.791736749775736826
14041.150066745805816026
13905.484773673506424529
13801.390304602671676548
13797.070540681457714527
13955.976463891332969069
14326.086605118098304956
19727.024194557558075758
15733.727988418177119456
16632.872197609205613844
17416.618262857031368185
17842.923360290751588764
17791.946609394846746000
17360.925659183842071798
16780.573359003137738910
16260.721268875198802561
15912.233177253185203881
15750.300672977189606172
15722.951220581711822888
15740.555253625667319284
15709.840695424760269816
15571.334372994280784042
15323.017301506954026991
15014.774201635391364107
14720.644851791033943300
14510.421619263543107081
14434.067052971988232457
14518.065531183196071652
14766.986220934544689953
15165.492723606996150920
15680.128210426641089725
16263.823400737064730492
16866.910130229422065895
17453.295960909657878801
18010.208829661652998766
18536.023244662399520166
19007.253801776911132038
19355.259460361063247547
19493.147765169891499681
19382.925976925787836080
19067.089660254048794741
18630.829271877322753426
18153.159289676696062088
17693.156781217097886838
17298.223954938406677684
17011.043461453697091201
16867.726796050850680331
16888.424505176335514989
17062.645007252052891999
17332.345174150763341459
17586.864426102201832691
17702.043499824510945473
17632.532928778804489411
17479.291924363475118298
17449.067597028843010776
22886.878895698679116322
18541.851293905823695241
19802.094826394724805141
20842.590668672171887010
21713.009676444555225316
21788.165860529963538283
21296.496736122568108840
20748.075498651847738074
20530.421703814557986334
20748.375474705964734312
21202.809552675586019177
21480.403972729636734584
21222.352142197280045366
20344.248429904557269765
19044.717314940022333758
21410.835940989491064101
6423.434214954249910079
