1222.039318496754276566
1263.270881307625813861
1316.960940142602112246
1389.276374907855142737
1419.918490183636549773
1484.862025962228699427
1590.950793735271190599
1741.457671397753529163
1936.065247143878650604
2171.093202058600127202
2873.609382021290912235
3599.611285263855734229
4340.533240840483813372
5089.100503197862053639
5836.237886846506626171
6573.852149958104746474
7296.039150871426500089
7998.358654155563272070
8676.482152522828982910
9324.333999337333807489
9937.731558467252398259
10514.724457353331672493
11052.609369026129570557
11548.918613340540105128
12002.821393152571545215
12411.487774407347387751
12776.109041600682758144
13098.565088966877738130
13383.598961895893808105
13631.047563545844241162
13843.989959007736615604
14028.799849626127979718
14180.987186012425809167
14302.299896373659066739
14395.032225322549493285
14460.203978329314850271
14492.137980880546820117
14509.404972753929541796
14581.995171894588565920
14614.904291576576724765
14652.700548458411503816
14690.981513080409058603
14741.840315121680760058
14025.750716291695425753
13330.894881812637322582
12660.777556176559301093
12020.841882928096310934
11403.139965337286412250
10816.136309621939290082
10267.757121791311874404
9757.282266440715829958
9282.839306840351127903
8835.876528418799352949
8402.605227642125100829
7967.355968120744364569
7517.396082736692733306
7080.233945563702945947
6679.873742317110554723
6318.357700615460089466
6003.564525566944212187
5750.215571031077161024
5551.649144891608557373
5408.368301228022573923
5300.710297776163315575
5192.132806301782693481
5083.211224639615466003
5002.188243964702451194
4968.888443676949464134
5004.730358525001975067
5086.601882977323839441
5205.890665216272282123
5364.294939491644072405
5556.697398323152810917
5785.448036901228988427
6046.724154567117693659
6324.635671361897948373
6601.759762234131812875
6879.634335420839306607
7150.077479958871663257
7406.493544468822619820
7648.873713684726681095
7886.169480824930360541
8126.318538825263203762
8365.717502799432622851
8603.588204388268422917
8840.189052351892314618
8946.233832875821462949
9055.656159622576524271
9172.252959696403195267
9297.246526654007539037
9427.293469803127663909
9561.966827055934118107
9603.601471425399722648
9645.498697119515782106
9683.684611230457448983
9716.078083725851683994
9742.976840650186204584
9758.301724300907153520
9756.593863348161903559
9736.400651738284068415
9696.648081381077645347
9636.636950312342378311
9556.081349093421522412
9453.094232071325677680
9327.862469393830906483
9180.883262308672783547
9014.147420884768507676
8832.937406297762208851
8645.324193649141307105
8458.713077839116522227
8278.200045110213977750
8107.602183681729002274
7949.200444975340360543
7686.127781918381515425
7442.709948976978921564
7219.599077859407771030
7015.003151729629280453
6825.948597082878222864
6646.722447693901813182
6469.144257197442129836
6282.004129594261030434
6076.607449507039746095
5842.240671745587860642
5572.238973421019181842
5259.383059890727963648
4886.062377210333579569
4448.770567581536852231
3950.785586565663379588
3355.806255544272517000
2693.523698864230937033
1975.318586445356686454
1199.909761644187256024
361.415304020415703690
237.462705048863426782
101.755374926650645762
4.238686753294214071
0.103562261054274588
0.000003249445799829
0.000000000003610813
0.000000000000000459
0.000000000000000112
0.000000000000020740
0.000000000455207901
0.000377173905143821
31.460640690760367733
201.769663224713326599
425.254950796202138008
646.810016696988441254
825.528432474669671137
3428.298178716603160865
3408.197520263539900043
3381.002921415549735684
3366.817214346257969737
3378.881797667819228081
3405.146799384448058845
3432.697704104254626145
3456.194678678728450905
3467.479316955111698917
3465.540389905135725712
3613.557169373542819812
3809.906933684117120720
4046.687690865945114638
4290.487830309217315516
4565.647247200185120164
4888.661865455501356337
5239.933926128705024894
5582.144325679148096242
5892.852696999743784545
6209.408145163954941381
6539.853187675324079464
6854.745870025050862751
7159.391587763072493544
7469.134151074350484123
7775.001612193594155542
8132.412295726069714874
8513.778661745345743839
8889.803901548333669780
9173.676215337267422001
9408.760089383329614066
9568.364425036861575791
9553.799107219387224177
9540.606151736021274701
9561.988372775758762145
9649.293338698002116871
9877.145974439434212400
10496.633179948743418208
11171.672530342159006977
10298.910223411801780458
10336.950847924514164333
10310.231952998279666645
10448.989305249746394111
10569.339414505115200882
10602.224983528902157559
10639.632287796757736942
10725.815150502821779810
10846.114561604243135662
11296.914857936035332386
11933.973736091600585496
12585.822124259169868310
13252.247634275201562559
13916.608145982907444704
14684.647231799908695393
15749.461274555094860261
17312.517749577997165034
19475.055627849989832612
21340.577011089771986008
22141.802185839482262963
21719.476723046085680835
19840.689584924257360399
21464.559225099783361657
21577.193400187716179062
20343.428263419522409094
18516.001948270753928227
17320.762718792022496928
17037.086570209830824751
17180.023977043158083688
17389.276455225412064465
17190.005909740757488180
17157.647700400597386761
17433.143936617008876055
17830.620016113316523843
18287.903170450241304934
18536.719082224692101590
18468.854428092956368346
18296.675703526085271733
18292.029874303054384654
18280.678223149028781336
18360.319289863062294899
18624.450827869950444438
19040.985451951219147304
19391.697839671207475476
19509.982065871387021616
19531.048370227847044589
19531.394802075072220759
19565.925574581186083378
19659.198949135603470495
19775.542169227697741007
19852.395924454751366284
19872.329417722583457362
19910.545826166213373654
19949.251493201023549773
19994.432331459713168442
20039.654740309557382716
20110.003825877367489738
20177.584507445128110703
20154.351808268900640542
20109.446783395582315279
20101.681908716072939569
20102.910340506481588818
20090.549516290964675136
20048.348244564811466262
19966.180011269425449427
19891.002646779241331387
19840.693503709055221407
19851.754182388958724914
19952.131766952814359684
20115.005489318031322910
20263.885521925752982497
20348.999058112800412346
20381.507246445715281880
20401.498761389844730729
20473.876289347157580778
20627.346590786135493545
20804.202351312240352854
21001.724472052144847112
21221.716291890195861924
21437.209787425475951750
21635.970828228146274341
21822.110522156865044963
22040.853085159600595944
22256.764898841389367590
22479.223419266116252402
22626.885972832427796675
22640.931451288881362416
22723.146964357623801334
22774.036787189896131167
22572.229479530724347569
22906.539567199135490227
23078.199732129309268203
22925.193230072472942993
22700.286383827089593979
22925.490725000403472222
22848.865237081361556193
22683.740038682226440869
22774.272091791845014086
22474.161419565105461515
22647.890883558211498894
22689.364001409558113664
22602.379332917007559445
22502.619232280063442886
22441.073079178557236446
22492.849790832678991137
22738.096840245776547818
23102.367752050060516922
23463.710818258481594967
23875.087671856912493240
24366.218580139346158830
25024.004980180248821853
1955.013327573963806572
