1863.288890995817837393
1651.862510815405130415
1472.358415825072370353
1336.197139789549737543
1086.168926568685037637
916.883163877876427250
857.100560664908698527
938.982489251435367805
1197.206573677167170899
1658.510788613304839600
1733.365488097392926647
1992.584796405642009631
2403.749870883694256918
2936.022432680322253873
3561.344103827327671752
4261.837290229217614979
5029.290705806828555069
5859.193927010372135555
6743.091795505438312830
7663.890667666906665545
8605.942837322458217386
9556.400010323521200917
10497.731480395161270280
11411.433464975343667902
12282.910876917014320497
13093.725859408510586945
13834.926386786748480517
14501.533898156883878983
15094.323393274242334883
15600.825375830589109682
16012.063497044391624513
16331.528267339668673230
16551.271934935339231743
16675.417514629396464443
16704.613600663553370396
16635.816721275190502638
16453.758879545293893898
16199.902138997074871440
16029.803959294928063173
15738.050813607254895032
15416.412380914975074120
15056.772934326892936951
14689.723916191238458850
13453.658814991656981874
12243.043425675652542850
11076.493582486475133919
9979.909696305794568616
8950.987950200931663858
8020.983837578743077756
7215.548495414882381738
6537.311264888042387611
5984.654793452266858367
5540.725020898960792692
5186.419009964742144803
4907.988691997040405113
4660.797849985021457542
4432.816840835079347016
4188.299533024107404344
3884.708913027004655305
3654.794214047066816420
3517.861255673906725860
3474.256177690851473017
3502.466645656929813413
3561.459175046182735969
3630.144624573549208435
3736.384437460454591928
3920.337527383970154915
4205.540818868199494318
4621.496632740908353298
5098.018340751766118046
5596.556841545791030512
6104.583251644475240028
6600.197478396918995713
7084.358019402425270528
7551.152005316041140759
7971.791620752631388314
8315.915016886088778847
8595.048208217955107102
8797.989123193654450006
8914.774003159553103615
8955.923439843358210055
8962.450663416158931796
8973.414913706061270204
8993.241402565321550355
9031.975189029626562842
9100.748070451300009154
9002.807220691425754922
8963.378713326685101492
8997.334709125463632517
9109.562044975536991842
9289.098304362325507100
9530.065621360805380391
9661.644707896042746142
9829.554774965572505607
10016.585628470578740234
10209.306418149048113264
10401.518821850113454275
10573.131073480137274601
10706.170971400932103279
10793.562606644713014248
10831.607151701526163379
10817.421388228980504209
10749.110084966732756584
10621.162560394104730221
10430.816155358514151885
10177.504082664900124655
9865.251373625809719670
9508.223465404773378395
9129.742692740113852778
8752.945533355954466970
8396.473185401568116504
8077.419018008999955782
7810.171492126966768410
7217.113730223568381916
6717.115468132024034276
6322.655519448424456641
6036.376694672991106927
5854.552426430392188195
5762.687836899979629379
5737.258675608250996447
5746.331160550167624024
5764.405816768731710908
5764.312186986872802663
5736.476729224185874045
5676.867572462349926354
5542.206534011902476777
5279.643742446458418272
4846.348628029668361705
4200.245258824450502289
3408.958767559006446390
2527.376461505646147998
1540.516097451718223965
408.351779752312666005
52.783285348653357971
5.186494082741957889
0.289281996570354749
0.079924846993724541
0.000008074254706688
0.000000000368658551
0.000000000002882598
0.000000000004516229
0.000000005197273207
0.001151668749781872
43.716300989493291240
316.593669249081074213
692.893680191027328874
1080.760041527585144649
1417.444452192609105623
1662.817762419141899954
4274.516154167978129408
4220.433914375382300932
4161.007115020978744724
4118.544268395245126158
4092.675633646610094729
4088.046419164933467982
4093.458867856129927532
4106.296743611791498552
4121.165742717369539605
4139.627377239075940452
4221.792350686894678802
4363.422163718012598110
4555.055196599053488171
4766.681456996649103530
5021.773140361063269665
5335.998576764759491198
5687.671946081471105572
6032.155779209468164481
6348.435854300621031143
6675.385845118404176901
7019.408706278893987474
7346.797586516709998250
7659.992129592039418640
7971.442021082015344291
8266.980079733941238374
8584.554542776189919095
8896.693373579790204531
9164.005150251745362766
9317.646024861220212188
9430.854888834644953022
9562.554007847797038266
9673.390108499339476111
9842.808558696651743958
10051.473359855001035612
10322.744537803340790560
10726.099528102784461225
11459.086775099414808210
12215.673532998109294567
11647.097838868565304438
11727.318551678956282558
11718.319924455066939117
11823.137828665130655281
11902.749474604292117874
11838.915801130880936398
11787.196104269438365009
11792.793143881866853917
11843.496627777623871225
12173.255071584666438866
12660.120844985094663571
13162.276817344605660765
13664.593717566545819864
14107.189962350279529346
14506.345804738952210755
14858.488699163639466860
15100.037506758111703675
15475.885086619775393046
15972.073383367964197532
16848.417475100312003633
18464.727392754914035322
19562.027922378772927914
19633.539650468286708929
19023.808558412449201569
18023.326813200947071891
17172.021100959613249870
16860.753951868184230989
17005.016353629496734357
17340.949204662330885185
17668.648872071153164143
17635.707104161585448310
17725.911732661010319134
18061.211754207975900499
18491.673798966330650728
18963.112779628179850988
19248.545072814580635168
19236.555919370119227096
19077.111740793603530619
18980.166373689742613351
18814.558227841611369513
18703.004859871009102790
18803.338252468220161973
19129.939928119012620300
19448.710794632781471591
19557.306132507274014642
19577.858306906680809334
19582.684304200618498726
19629.004311513876018580
19723.725395376884989673
19847.164568054067785852
19932.802994514320744202
19962.245247499347897246
20015.500774947136960691
20074.698839395103277639
20133.959764640530920587
20196.582723018280375982
20280.981624785741587402
20365.672692198997538071
20369.020370875088701723
20350.940496671999426326
20368.638434028889605543
20400.236131396839482477
20415.242748666187253548
20394.964408880292467074
20327.963189941765449475
20251.561449441687727813
20197.101234514539100928
20202.689998976708011469
20297.348856860215164488
20452.677138935719995061
20588.594619018083903939
20653.974487355626479257
20662.402662560165481409
20657.815976710255199578
20709.560212974247406237
20810.876114550443162443
20939.838214838629937731
21098.207964794964937028
21295.768148748444218654
21505.422174658640869893
21711.262315028008742956
21912.478650705579639180
22144.246536193622887367
22367.857355594471300719
22570.203466763337928569
22600.719674456169741461
22280.986459486204694258
21801.229382990495651029
21456.373078143271413865
21481.774391964980168268
22157.323353661129658576
22825.018375520907284226
22997.909364496470516315
22887.903366755101160379
23050.593324432196823182
22997.144963384154834785
22893.296878649227437563
22980.923863826705201063
22650.155472185735561652
22785.240200623891723808
22823.938118599060544511
22779.552065194835449802
22756.540074184402328683
22801.727861331663007149
22967.670488974945328664
23291.082533965131005971
23698.468979720575589454
24040.497956707615230698
24338.275926085665560095
24608.680065404587367084
24902.938287104825576534
1081.321349914420807181
