45.519350979703062876
46.534466044722208267
47.697614376048214524
48.722445104594953591
49.392067792224814582
49.888672364946451410
50.377159955734406083
50.913716175014073428
51.548095014816169623
52.026587268932935615
51.432902807079621255
50.173718816616876381
48.562558244210997316
46.824015372236004850
44.668870698736853342
41.884139425744912444
38.749456009646110033
36.002744117144857228
33.781068383866625027
31.572411903401004452
29.279940525096080250
27.284361864575174650
25.517895010529869637
23.768767747280890035
22.110193022057060830
20.558805112946572535
18.988414426953752923
17.849041803725967270
17.430873803779562081
17.855366750726034297
18.808717209809032056
20.089836489052459001
21.555763183279424311
23.032818588054027487
23.860832065963890614
23.952595472028349377
24.147096948655260462
25.384456800181766312
27.392732658243147625
29.365921661015960353
30.995489401979526178
32.633122138149559532
34.317846070110107348
35.998720650763260664
37.214883956261473941
37.512535246722677584
36.830869050026194600
35.453775548865507972
33.615496083571485997
31.518204495800063114
29.676839496914254823
29.015367226150942770
29.573975682364363138
31.410048438927560710
33.884812553597697615
36.279181344652101870
37.869411466841171432
38.364152266765898958
38.224758757321211533
38.368521032780563473
38.501576485491341373
37.608879829382885873
34.421405465176093230
28.865945923823801422
22.019326913260556466
15.424533043888885686
9.913294932979255236
5.744716449936476010
2.671998547670227708
0.197461348985598306
-2.136115650706358338
-4.494968419797714887
-6.738710599092939901
-8.548301669741334763
-9.532684680157188950
-9.613926972413082694
-9.211676540597096619
-9.076527777545749132
-10.011121769658245739
-12.433774284122478093
-15.758499316065780249
-18.625697457284900338
-20.197567276437411010
-20.767376574155036906
-20.928300180284907128
-21.176869791252670439
-21.715803225832587486
-22.361746410927935358
-22.820731892455398793
-23.036269453379929928
-23.207868243305483702
-23.416789038921308475
-23.671998179243757932
-23.910825221627135306
-24.080673982399332544
-24.139490699590794520
-24.033094316932874790
-23.874913432432265381
-23.856167990423102765
-23.993163324589318108
-24.091405140008191665
-23.972567420992049847
-23.575599934143497194
-23.018956539258567773
-22.625663944380505654
-22.679424757093443077
-23.269682301758393805
-24.180494307333162851
-25.005667264371197689
-25.466620474772753369
-25.590798943059326120
-25.650455728018926038
-25.988234760335672036
-26.754974045399023908
-27.839426160363359486
-29.135378799289298968
-30.564722333878876270
-32.005916553454937912
-33.373170292333441012
-34.657233331449958769
-35.873238199485001587
-36.974284301874206449
-37.802836717268405664
-38.116344499306137550
-37.888432329155193656
-37.364302618013311985
-36.623448156736401415
-35.696358041959854290
-34.676234708803974627
-33.617692765250978937
-32.572932335397126735
-31.624730334834509904
-30.760715613241188748
-29.851432829361442600
-28.807355009641867127
-27.608105693006336878
-26.242671505884231919
-24.712893215738858999
-23.038167122153993205
-21.268530369681400316
-19.479107203505520829
-17.728844930129810109
-16.034502077391607600
-14.365274958368672742
-12.642141166535054708
-10.766087896369640475
-8.722819799402202534
-6.623460795944822621
-4.645623425501810289
