45.750922645863965954
46.649702438332582233
47.708693995577220903
48.611944401585958531
49.118650793358661133
49.423072332499430104
49.699546651138739151
50.009382477840958359
50.424198210834362044
50.753780190702038055
50.229430918320474575
49.151019854467008940
47.765351699497280435
46.239491079692882636
44.243326819068293787
41.548287637926165417
38.460956291242496263
35.781263522172885416
33.646869276197271859
31.503905539519280410
29.248989497474781274
27.292608641998583607
25.569171758120020854
23.863605927096031678
22.271427944176821256
20.820532836155408063
19.353039356318490150
18.310826419009927690
17.968493638334734896
18.435853606400812055
19.365923971638139278
20.564704443185917171
21.952951853010816308
23.428305732479230983
24.345068040923635522
24.623447559973158150
25.054968009970565390
26.413727097585947945
28.313235146186315205
30.061515898158404525
31.469572944799438119
32.945686592458116593
34.504817960183387981
36.061360484660411885
37.127452239481229412
37.260794984871765223
36.466355085400579128
35.095933213929839667
33.359020951599660521
31.379703968350469268
29.635672824069843045
29.075196677869854511
29.722999174363195607
31.634933163054114402
34.137751553465960797
36.491397062226752723
37.976398926531430789
38.365117327758326837
38.222911722676315094
38.533832265898240621
38.940502708640678975
38.314549742127297804
35.265511227259963789
29.683373817180182641
22.687786781999477626
15.899213614306546560
10.184674499380747648
5.816114223285381968
2.561317816130156189
-0.045259771561603657
-2.441032682947422927
-4.810639255785048363
-7.056602287506450466
-8.890019854594982007
-9.902765975645024810
-9.975871537000131184
-9.515751279837274978
-9.309691015362403732
-10.221320423167668423
-12.707360035248314034
-16.149231292305842089
-19.099180935826495897
-20.664791300040576516
-21.160859436243157461
-21.222723856228526529
-21.382856261971909362
-21.859384852003529431
-22.456983709009364247
-22.861217900948361148
-23.010656714559132752
-23.116830101921692631
-23.264519317079276561
-23.461225275320771289
-23.639695980057979341
-23.748581997396371435
-23.753434391657748392
-23.606406528694122926
-23.432544473270013441
-23.434799414103792969
-23.625839350107867176
-23.789123289770202518
-23.722418757954358171
-23.348934807799821556
-22.788005509511265245
-22.384170900881883881
-22.443685876064648710
-23.065562410555799033
-24.021918861870574347
-24.881080290367549424
-25.347293508074585588
-25.451418639677797273
-25.485680170314651605
-25.817586677230963232
-26.610145719811725940
-27.747026720514497811
-29.117816609266640171
-30.641945388211752288
-32.191312865220993444
-33.674698974067382551
-35.082232898181416658
-36.431395434267244582
-37.675222722916373641
-38.647956137628796114
-39.090022626878123901
-38.968932716685458217
-38.537575292342125977
-37.864363822660948244
-36.958928509031807152
-35.917274642014831443
-34.834795932737392832
-33.800768225273429834
-32.892532911107480231
-32.066170251466417085
-31.159923475091943601
-30.041207238972447158
-28.649426299950221164
-26.979559432671294417
-25.087813249006103433
-23.056938277048004693
-20.976746807078484380
-18.931649112986576711
-16.969866392049993919
-15.096531234939050137
-13.293719871033943036
-11.531560664069957056
-9.768663146192409386
-8.018148534984220532
-6.372378913158570413
-4.953932560295129406
