305.895150526155646276
613.346293207333701503
925.178647168999191308
1256.542758393411759243
1292.057035464705450067
1376.122429853211770023
1519.047473837977577205
1726.029126009744459225
1997.041950313067218303
2327.236995989860588452
3453.058690515301805135
4612.260611761041218415
5789.337370041762369510
6969.902007900636817794
8137.918778870760434074
9278.815385960300773149
10380.970229430049585062
11435.147498803049529670
12433.157586290475592250
13365.937462126707032439
14227.219740359301795252
15013.819806654762942344
15722.445743601087087882
16350.562473752816003980
16897.711923134374956135
17361.694976335071260110
17744.651537230492976960
18049.544589392677153228
18282.074552527206833474
18442.394964381914178375
18533.319105692895391257
18560.227685416801250540
18516.449880117434076965
18401.198565323222283041
18214.104429954364604782
17953.736930457373091485
17612.661841950059169903
17209.494411305789981270
16814.803864089743001387
16329.264811292952799704
15797.852649264672436402
15217.989538607074791798
14605.894971172376244795
12916.965091045203735121
11216.494621226422168547
9518.977213166006549727
7847.255542016855542897
6218.189790182048454881
4672.589051312717856490
3258.898152290032157907
2026.218590682339481646
1032.499875881661637322
341.133607016002827095
28.278950551459626439
0.175817850621606431
0.007602831812796337
0.223747689307047526
0.024407137009522004
6.506434006843528906
436.185960054596705504
8.078669175029329352
0.042720452380598101
0.021477173771882439
0.075985112835329299
1.781718710761586832
51.366557926975019654
307.966179831490023844
808.195138555944936343
1498.495962945881046835
2287.903060955630280660
3112.651320379728076659
3932.690596510854447843
4714.287207970671261137
5442.624215304783319880
6104.865019556427796488
6680.427630333857450751
7149.870869007469991629
7515.619580973655502021
7771.624590745250316104
7915.007853822628021589
7951.655856211671562050
7898.007052339900837978
7768.691582868770638015
7564.548161712431465276
7288.803677361004702107
6946.381141914976979024
7449.741600253537399112
7908.867050662850488152
8337.176454787413604208
8743.327324025949565112
9129.558410367619217141
9499.843510514121589949
9635.913298798257528688
9757.543107407856950886
9862.624711297581598046
9950.537679334056520020
10022.687479500407789601
10073.649457081211949117
10098.402951773023232818
10095.934133747628948186
10065.616013256483711302
10007.176045843965766835
9920.723280101770797046
9804.743277840861992445
9659.912901396113738883
9487.454210918345779646
9290.421408810132561484
9075.523215644956508186
8852.503385961499589030
8630.526865718720728182
8416.438270014827139676
8215.673034323590400163
8031.760829784981979174
7913.210227040418430988
7818.592602620965408278
7746.456270898991533613
7691.875314947718834446
7648.060319631048514566
7605.236293759806358139
7551.298140870390852797
7471.537602596753458783
7354.512400504153447400
7187.465083396702539176
6962.361780973838904174
6670.334634212659693731
6290.400387828291968617
5815.011782735209635575
5241.299199056843463040
4522.932454535173746990
3683.445084491224861267
2727.010038139530934131
1644.557876445212741601
426.544093921694980054
0.093864286304198866
52.117560915824398649
53.549238974242747702
27.552239751903570664
4.929399031618530103
0.639968771284100235
0.102690521933026996
0.586937974816089891
0.198455055025852062
0.079061904613452069
0.033395821649594801
0.019666634374148777
0.032917552106702670
1.538171835160763834
108.865011305737098724
769.306838685559910118
2102.179858562212757533
2100.161911361863985803
2090.633351064198905078
2094.463823218620291300
2114.682626953273484105
2150.227787207865276287
2188.365560703409755661
2223.869311209401530505
2248.626361936121611507
2261.616546549553277146
2438.600594924877896119
2665.106634384835160745
2932.988298604422197968
3208.572998288779672293
3515.937821532998441398
3871.318753322198062961
4254.857656280810260796
4628.965935165952942043
4970.914611008742213016
5317.751111877492803615
5677.161236592692148406
6019.254595697280819877
6348.829779861193856050
6680.672850239861872979
7005.205605934321283712
7377.410905491691664793
7769.326293148700642632
8151.588148601454122399
8437.616470282027876237
8671.846858866631009732
8828.975125318138452712
8811.829841360731734312
8798.169531934454425937
8822.725742517917751684
8917.823848335987349856
9158.487990617997638765
9795.764953676187360543
10492.555586507662155782
9643.893945875814097235
9708.456468990405483055
9709.162717014105510316
9875.291452799869148294
10022.084909361206882750
10068.743522017914074240
10117.425247998507984448
10211.628088106888753828
10335.850297689259605249
10785.365326358087258996
11413.492098551176241017
12042.834000394914255594
12658.970041436525207246
13209.020293373510867241
13709.221722035084894742
14152.561269427369552432
14422.992385213388843113
14736.200594612975692144
14819.699472691803748603
14280.019918413887353381
14805.790674120889889309
15116.861711310148166376
15086.635015278914579540
15111.364405609634559369
15290.132945344048494007
15645.620299594660536968
16118.340174078857671702
16582.711660721837688470
16974.301938342909124913
17243.508662458807521034
17035.341185519657301484
16968.253948549147025915
17195.912075076867040480
17537.063934890815289691
17931.878528344193910016
18113.822361626433121273
17976.362605938371416414
17733.569326571585406782
17659.041377199391718023
17580.008296544609038392
17595.120489109896880109
17797.932931109669880243
18155.240763385514583206
18446.618942278953909408
18503.035894977652787929
18458.055900286730320659
18387.455060582713485928
18346.387389752861054149
18420.350957119331724243
18514.701045564630476292
18568.255629534323816188
18564.743509741383604705
18580.317441131017403677
18597.976754512172192335
18619.414017448671074817
18643.926432782074698480
18697.313029386361449724
18752.350242513173725456
18721.528213991947268369
18674.388490704008290777
18669.835384056688781129
18679.284832128534617368
18679.129079672678926727
18651.533336926149786450
18584.458510797532653669
18523.069221537349221762
18483.863344032542954665
18502.690888497421838110
18607.571187542696861783
18772.281978781877114670
18921.219055070199829061
19005.565440127989859320
19037.332888519267726224
19057.271020641801442252
19130.746082057932653697
19293.427357781449245522
19481.055669604374998016
19690.961241681288811378
19925.012604587383975741
20156.414490900217060698
20373.270209627589792944
20580.199051169409358408
20823.050151819468737813
21066.751262270336155780
21319.898116923490306363
21497.001408733576681698
21530.065868796984432265
21611.647079611368098995
21637.949639361340814503
21396.079437018492171774
21699.245094997873820830
21854.889133774842775892
21702.265666536182834534
21490.015694232315581758
21734.707914535341842566
21685.316483887068898184
21588.580160233348578913
21742.961692651464545634
21564.017209434190590400
21790.267527125783090014
21877.605588118898594985
21821.667171904013230233
21730.284092992194928229
21644.555626486933761043
21628.842159236297447933
21751.753839035245619016
21921.260256653851683950
21983.466388468481454765
21974.702147976553533226
21907.828588083204522263
21899.908123423163488042
3190.248524576376439654
