1518.959982845100284976
1472.374264721548115631
1434.811390856569460084
1415.837471856357524302
1413.195834781133044089
1456.044917004402577732
1557.684434943411133645
1726.686199939940934200
1966.509437891286552258
2276.264013249975050712
3295.374473614876023930
4369.900375511832862685
5490.600887453693758289
6648.853320638229888573
7833.734328375031509495
9034.970524675174601725
10244.331150213511136826
11455.109222244956981740
12660.966525406749497051
13854.203473574869349250
15029.459767392421781551
16184.098829936159745557
17315.241764729904389242
17466.898610268479387742
17590.293150868430529954
17680.637470032757846639
17737.037956589341774816
17759.226520073210849660
17749.793505124602233991
17706.487739288801094517
17630.423738583289377857
17526.176531673223507823
17387.676177583347453037
17215.315512488137756009
17010.306827527234418085
16772.912621004379616352
16497.105310357619600836
16201.586591046456305776
15956.884734276956805843
15668.814742087693957728
15383.445233459189694258
15098.425820570941141341
14828.346335401729447767
13969.232190879509289516
13139.799536713171619340
12347.005604918367680511
11599.628147634210108663
10892.589171269772123196
10236.328132568280125270
9639.535321452809512266
9100.772382682896932238
8615.658691939313939656
8170.388462061730933783
7739.829243777166993823
7296.337466675437099184
6849.739514671850884042
6420.781866920724496595
6002.011713033057276334
5581.902107228229397151
5153.893878062420299102
4896.257629245915268257
4639.042330402847255755
4397.719025029007752892
4189.693686466792314604
4007.730858269288546580
3815.349032199831981416
3649.928262514576999820
3554.438899461771143251
3559.407466660848513129
3643.999248316014018201
3797.731097938942639303
4017.317419051418710296
4290.646336499165954592
4612.398212578265884076
4971.456264233720503398
5345.754490902429097332
5713.254713182092928037
6072.602871930038418213
6414.353107559574709740
6732.171465113237900368
7027.653765866529283812
7312.382818199203029508
7597.600426371806861425
7883.449856300630017358
8173.066052732630851096
8470.389976726024542586
8572.717573129333686666
8692.971053339153513662
8836.536904697528370889
9005.174776220821513562
9195.051943557813501684
9404.193073846372499247
9217.546058149442615104
9041.421263505319075193
8868.829181964714734931
8693.797158053741441108
8512.059433677783090388
8312.494682153124813340
8084.307631612734439841
7820.696843800438728067
7515.495432765018449572
7163.389022882837707584
7362.663370895744264999
7510.952882864346065617
7611.648170145576841605
7669.639911750087776454
7692.365656394273173646
7691.351538459311086626
7681.307085682105025626
7676.259340813837297901
7687.576549651467757940
7724.631307234798441641
7794.067946789514280681
7471.877794731663016137
7195.672403764746377419
6967.900567863275682612
6786.465659926623629872
6645.907974175228446256
6536.197855064751820464
6443.555079590418245061
6350.524584873879575753
6242.172368300714879297
6102.182215001261283760
5919.134159956243820488
5680.877358459930292156
5362.851481778044217208
4953.000469261405669386
4449.486658987375449215
3818.691819260478041542
3092.489601702323852805
2283.526024840763057000
1391.598473114537227957
414.926737260249808514
245.372317360473147119
104.221103229807482649
2.310961260121773719
0.000000000000000000
0.000000000000000000
0.000000000000000000
0.000000000000000000
0.000000000000000000
0.000000000000000000
0.083159169707027678
172.615710361840342557
494.953868704969465853
895.186805338818317068
1295.584003694307739352
1638.049006914083975062
1888.884276521166157181
3479.885473174423168530
3454.465633616922332294
3421.710609223118353839
3401.844570261103854136
3410.440791282402642537
3433.534016752162187913
3458.462064630373788532
3480.104450907691898465
3490.460960773964416148
3488.628511426639306592
3646.381787774308577355
3853.576151976958954037
4102.250037501454244193
4358.884458060441829730
4647.677719894745678175
4984.950412736744510767
5350.895546867329358065
5707.957799784136113885
6033.447337562257416721
6364.469022444463007560
6708.838229727930411173
7036.952889739005513547
7354.108773431834379153
7637.328062418780973530
7916.815001411677258147
8249.040670678889000556
8608.147554095377927297
8967.086176619111938635
9241.575175532303546788
9476.387811985983717022
9644.983011716762121068
9647.299021447490304126
9654.562278859593789093
9695.846469565196457552
9799.054171574083738960
10036.689975155932188500
10659.043392422090619220
11331.466410531962537789
10452.991399416332569672
10481.236625199937407160
10442.482100851364521077
10567.751502044651715551
10673.792853828672377858
10698.918851559768881998
10728.325232610099192243
10806.325173803114012117
10918.119243389506664244
11359.688799838357226690
11985.802776753649595776
12623.027742624521124526
13268.046002996374227223
13902.976387192758920719
14657.827998914372074069
15860.456887997132071177
17829.579963211672293255
19917.037697251555073308
21225.943825446771370480
21619.317031649614364142
21133.028525153975351714
19764.293162385652976809
21205.350866987380868522
21692.233094038172566798
21153.589264136891870294
19593.159439576607837807
17732.962024568587366957
17064.546501094682753319
17186.010224742836726364
17421.891406519775046036
17241.787458872546267230
17221.789734196754579898
17506.454038929037778871
17911.634631724977225531
18375.630665581098583061
18629.762458162149414420
18564.679742099648137810
18390.764575385095668025
18377.161565639824402751
18347.610255776773556136
18399.326850021680002101
18628.324171399621263845
19008.280350596247444628
19327.956904139024118194
19425.220907041981263319
19435.623050976220838493
19433.622931489640905056
19471.396534437513764715
19565.787851958841201849
19685.773873212303442415
19767.713710002066363813
19793.637964062050741632
19838.536656992273492506
19884.546672944012243534
19924.861646195826324401
19965.771084987754875328
20032.205711405898910016
20095.966107640546397306
20068.557356897112185834
20018.592946110362390755
20004.342254123643215280
19997.250729285671695834
19974.663280086751910858
19920.683515997341601178
19850.207144223772047553
19786.601152306844596751
19748.137206471579702338
19771.232865727408352541
19883.470620183819846716
20057.660432889824733138
20217.111532086284569232
20312.049532356249983422
20353.760554659718764015
20382.497075369166850578
20463.339174959641241003
20612.676356038333324250
20785.817468360837665386
20980.574220233178493800
21199.109005619466188364
21414.405558501995983534
21613.660698776096978690
21799.721910576543450588
22015.161023862201545853
22218.609762804138881620
22406.972404542721051257
22480.214417692670394899
22375.150235865887225373
22339.154767481373710325
22372.681508271052734926
22297.591332135696575278
22781.418965830263914540
23064.303694510912464466
22965.894843826841679402
22759.167582461795973359
22986.014547158523782855
22909.177779309189645573
22743.992963447009969968
22833.421632573903480079
22534.457700844181090361
22706.961518452291784342
22748.691867254794487962
22666.278841403120168252
22580.377739263254625257
22548.983153998753550695
22653.248658454253018135
22985.153809881805500481
23452.095709715300472453
23896.886356048646121053
24332.864873608272318961
24746.404237130405817879
25171.145144827180047287
1928.123375183782400200
