46.301538091677983289
47.248220482596678949
48.336815060471472805
49.315276002533600774
49.980981819429679547
50.499246829936048186
51.024555165324528616
51.606604654371849961
52.284695573950962455
52.791167995757156461
52.211475397281439825
50.980203059899416473
49.425737234629863792
47.772377197954213557
45.727147057770913818
43.072884261752243162
40.085156987754146485
37.497984633544007238
35.444671559806153027
33.409591428183375683
31.292461036906374261
29.470689338410565483
27.873331280253097475
26.285581768329905117
24.777772581673048080
23.363860109208388849
21.915264963373161322
20.880012986683581744
20.546790152329933221
21.036099397817210388
22.033700184414584555
23.338447855445281220
24.807473933901775354
26.267052832769365978
27.056549561803194592
27.087678384277310784
27.197663208235823618
28.324205963960537247
30.192358854377005173
31.992540455605578131
33.411969753095675628
34.797206047297919440
36.180951684636795562
37.504336135970163468
38.296488491483387406
38.091089453251584018
36.812159880276595914
34.726263987128618282
32.049659839845332954
28.968597627562388652
25.988415619609781970
24.036208508610229728
23.176634466573318605
23.521104623435036274
24.515867683134331401
25.547554949002858393
25.999818804227032842
25.671830681377230121
25.091193428102769758
25.217861292287125252
25.770211285808869661
25.707328919032022441
23.700264429398743005
19.589799275306944537
14.349242518889212761
9.413484717792101719
5.517427156107004294
2.847288168638300476
1.111290411348164753
-0.208500850170139529
-1.570456984182357019
-3.129671427427723529
-4.728759455140107093
-6.029676965134029842
-6.621787161002544053
-6.407614824207854554
-5.788223191096363962
-5.497904862396580938
-6.326505847800802940
-8.683657303622112522
-11.978548718279114382
-14.849609292661341442
-16.458527689495213053
-17.098209398658525515
-17.360663620214552338
-17.739874336059187954
-18.434378337218504385
-19.255188404723583062
-19.901891882648953924
-20.311544303020014013
-20.677804509126474386
-21.077007558265506759
-21.514223620706729889
-21.923886442021284893
-22.251385327981552109
-22.453365620293709526
-22.474898869617163655
-22.429116092610513533
-22.507343041729996003
-22.726348823806290511
-22.892353713491672806
-22.827825255725599618
-22.472418183483625853
-21.945125880482237335
-21.569397283638977569
-21.629363183982604824
-22.214990169827160571
-23.110907480249636592
-23.911337263627899574
-24.337687094592240555
-24.416776496092495563
-24.419629157204212788
-24.687258900618530788
-25.368782274887053063
-26.351472415947796435
-27.528198974904228180
-28.820793275513665321
-30.108819475168957069
-31.309137341336281679
-32.417210453622374189
-33.455519459167078367
-34.387485444212813945
-35.068540157014297165
-35.270385742994108114
-34.979792277356068553
-34.451097975848028909
-33.766526096871018581
-32.952142396145575276
-32.090982144678150689
-31.224630454747966724
-30.392661958458518257
-29.669130738156297866
-29.040738995171693659
-28.386863146456050799
-27.631928048956467592
-26.768133845971590290
-25.797932628261548871
-24.741171556798576603
-23.637256462516972988
-22.553362983569684275
-21.575164531605821594
-20.763122624604420707
-20.126027615416660410
-19.619549370866707250
-19.151006041081586773
-18.606591200994841984
-17.950157970936800211
-17.256973224751675389
-16.650525366871363531
