47.164469142071034469
48.087448820205452193
49.155273362682109450
50.112572172467537257
50.747017381534980984
51.240392986701181144
51.757387964854785878
52.348636238146113442
53.048988436668103930
53.581657285473966112
53.023639576015789032
51.809694584939002482
50.270157778165483364
48.629327909316032219
46.593615742980169614
43.945252096722732915
40.959336405639618306
38.369562218474555948
36.309027027444386704
34.261987626191697132
32.128108327194112803
30.284791097080443478
28.661116973886905157
27.042332290123638927
25.498840609121884881
24.044686362280870640
22.551389635370640008
21.467080987192559860
21.080549554415028979
21.512394238672385427
22.448460712329094235
23.687682738373283087
25.087269154664795678
26.473580290766307144
27.186084533690035414
27.136620057042975418
27.162548979251511128
28.201710896481117175
29.979277024254784578
31.685751296014572631
33.008395297831384596
34.293765107703393369
35.574522475799682297
36.791757479684861210
37.474659774251989575
37.157256543209825850
35.764475652522293103
33.564674115581880187
30.777101359070655917
27.592405553887601855
24.521573826313527888
22.497495798051005522
21.588185176951242283
21.902837540449382914
22.879609198609870191
23.895725046834087379
24.329614438764082252
23.981445175689287908
23.384835406470330099
23.506858467247411681
24.069480664589690377
24.030288033045678731
22.055825284342660098
17.983694786111982467
12.787604621665479954
7.905664080508017832
4.076530165858599730
1.487923474655701739
-0.153764119790849918
-1.370378219894263339
-2.624306434424823919
-4.073463721664893455
-5.561931872539958022
-6.752353884531345329
-7.234607202262878900
-6.911794549005549015
-6.185536026593780434
-5.790540717932117332
-6.516945675069138133
-8.774647293864973108
-11.973164114069788866
-14.751368725746374366
-16.271522019270662440
-16.827196992929884800
-17.011043395600893291
-17.317419063815464142
-17.944709510189170487
-18.703217953008447694
-19.291550361584370421
-19.645879337097824191
-19.959289430313390312
-20.307886910090132915
-20.696807587661567140
-21.060756449500104281
-21.345492797191525369
-21.508028928259648183
-21.493728426026450506
-21.415907873077514978
-21.465972842563587619
-21.660681058217733153
-21.806162417772213757
-21.724720927526050218
-21.355782219142497524
-20.818065348954519322
-20.434735726753899598
-20.489673595795693473
-21.072658571233432667
-21.968200104896652647
-22.770442595654174056
-23.200720378632581742
-23.285760844638730305
-23.296486613542185751
-23.573843537118534641
-24.266968564417766174
-25.263290471809170867
-26.455994456003907089
-27.767384995932957281
-29.077631306389378096
-30.304291633810805706
-31.443582113305467374
-32.518754588604679157
-33.493983025262593856
-34.225387560080264393
-34.485244557628618622
-34.260758459983719604
-33.806592667004224495
-33.205269120277137063
-32.483185204601966234
-31.723688838144767033
-30.968547382806320911
-30.257287356804340561
-29.663322707422423719
-29.171300499047674748
-28.657058793867861368
-28.042019246373627084
-27.317467453353515339
-26.485691701724476843
-25.565842369236747800
-24.596261824803434592
-23.643251414347560058
-22.791872239563019775
-22.102029996428598224
-21.581869533740416500
-21.186234499359670735
-20.821423451446037234
-20.372447552409880700
-19.801788036377843127
-19.183400492217515421
-18.641185960223026541
