56.957910910820856998
14.369773394834133740
13.716660746945480653
9.143048008319523134
8.990627472810309939
8.898620558610756959
8.841059341059516186
8.802062202173484451
8.773710534796762772
8.677565769845820398
8.616772368847856356
8.586146332395760084
8.543012292156447529
8.492181801569625321
8.440376143824551036
8.389491747213813966
8.340565683061957003
8.293905061158968195
8.249683892776696226
8.208576745457342838
8.052668631215530226
7.940156355286850598
7.897046633977229391
7.876461137812468039
7.861472516455128456
7.852036712176584388
7.845056570270955376
7.839217649985621428
7.834435942680409326
7.831093345578547193
7.828713241459201555
7.826899287276451567
7.825464164096803898
7.822356076048173179
7.820617443568393057
