2755.526431075962591422
821.662264846346488412
506.203917032221738737
410.493627003390542995
387.549743017984212656
140.143721445610083265
120.835342581944360063
105.380099239150695212
99.022115651471054321
96.757048535861343908
95.232726025402456571
94.822492534030772049
94.497570530594643401
94.175529775711353864
93.868802579986152068
92.746406659319660548
91.834480165616952263
91.685096705000205475
91.555185831786644712
91.430235315401446883
91.305575023753135611
91.171796049827150910
91.009315041076774833
90.787068906852056216
90.483752044288877414
90.111432737928438996
89.694709957681652668
89.251176925716436017
88.791387083429668792
88.322046881800133633
87.784416939720600226
79.794987341502690015
75.789888726279357911
72.493579811363304088
69.851979629988576903
67.708371666234285158
66.551466485366916004
64.972910892351535495
57.192998339331133195
56.550161919074064087
56.457446560835805371
56.454645276380269081
