46.598580566630403155
47.601224277461369638
48.756069029832687534
49.782197689044920708
50.458856521920665728
50.988006214594449261
51.550481112616360235
52.208324425648541478
53.010518739166904822
53.696016329972351855
53.327355619726226621
52.306263345425797695
50.939435995386197931
49.447796139165824059
47.537327243800433507
44.990584918216548260
42.083140255314319234
39.549183522159232496
37.524088531628947862
35.494315405925974005
33.361227415425247500
31.503679028872895174
29.852016692627501016
28.192446760899798619
26.595858435403059161
25.077348491640449879
23.512102343158403528
22.353066716730936037
21.893389792941746919
22.256541497241443039
23.130278408790303502
24.312477681960160680
25.654687772359949349
26.976457404823733555
27.611990124671407898
27.471236643673805133
27.398858501612963323
28.349806489589894909
30.055338965774993198
31.690534306762330630
32.929351361016472310
34.113679870230669167
35.276457567916168045
36.359887370156940278
36.892240828352896642
36.404731904453143443
34.818652630482063159
32.401899341463575865
29.381854894470563977
25.962788452531924577
22.669055702811192532
20.445150754334690646
19.368921377246095972
19.556571531301472078
20.448872293373796083
21.420797080627863807
21.844887304963521046
21.513087279260503237
20.948572088499162192
21.107440486721287698
21.706058414505776000
21.705638466572366951
19.780879455618162410
15.775799809843448429
10.667645878865386067
5.896332590421195619
2.200692708877596715
-0.233771457677335093
-1.706102904496731298
-2.746426841753020653
-3.825160586642084581
-5.104662297971998441
-6.429611972541096065
-7.461841808792513575
-7.791995795812312053
-7.326191379243084612
-6.468887816670644497
-5.955320617271297579
-6.574573201210256457
-8.735232792633667032
-11.845598637241209872
-14.543272088662462238
-15.988986265908863516
-16.474415534664387906
-16.590095435989212547
-16.828664671664682828
-17.388004800795670235
-18.079441449220382765
-18.603596916590788624
-18.898764847394716071
-19.159633864209808962
-19.463201171235084530
-19.814829324173729219
-20.148835002758232804
-20.409920724397807135
-20.553510296602269136
-20.523439250174476456
-20.432051390491608345
-20.470257108604357654
-20.654643094810978710
-20.791528475399502440
-20.703675886562336927
-20.330991784911873310
-19.792371079767690389
-19.410677216512965515
-19.469254655926533815
-20.057384851089238964
-20.959171686436263826
-21.768404522234504839
-22.206065901167789889
-22.298511660184658467
-22.316286340220244711
-22.600001029349982673
-23.298567964440337619
-24.299352310913377551
-25.495662507491203996
-26.810145128243334511
-28.123565806215538032
-29.354311625752529835
-30.499562316735307377
-31.583498926925926753
-32.571090798418879331
-33.319226428641911752
-33.601034895637781119
-33.404729459539851177
-32.986367886687617101
-32.430790554881809840
-31.767930196484371663
-31.083930137884010492
-30.420196647243926691
-29.814328583500980585
-29.336849207440479859
-28.965122890998088678
-28.563884699262871436
-28.047742825876810002
-27.409215598894434152
-26.655510118861116098
-25.810019220602271162
-24.913458502330854571
-24.032910773189883002
-23.253125110240887352
-22.633001987505338093
-22.179248165668070669
-21.844862012977444010
-21.533596254823805793
-21.126883421988566170
-20.583617726429736194
-19.978512541489862997
-19.443790206459880210
