45.797995849799100654
46.934560395919824316
48.238860645530891702
49.426597701934134932
50.280466963770876987
50.951378175857385600
51.525221016108602612
52.057636572979120615
52.613251305818494075
52.981331118220282406
52.244856439265362269
50.801127551321819453
48.993101290987105756
47.063130368073792908
44.722033653172850620
41.754175034395011323
38.437118713019273741
35.507685125017360406
33.102772636592561639
30.711145535958394248
28.237697790352953575
26.065713807258177326
24.130660480116091549
22.224483839043372768
20.424395779107513249
18.751140416070072092
17.082601598364945517
15.872716964739623791
15.415342508844787517
15.835288669090729741
16.821724717121881554
18.176055039976134253
19.757165334315601513
21.392324506789805127
22.421085541974335342
22.754405019544549305
23.227629418380900006
24.775373813488826613
27.118512885958836023
29.442565443631863786
31.429659543398884125
33.421610839654078973
35.447172576485769468
37.444691602354083670
38.942026456243098664
39.473362470305886518
38.964966920873109757
37.686823218193154617
35.858708807631671789
33.669344747036774379
31.624521709959310556
30.648035271868138807
30.793198403823595299
32.145889180035226218
34.110328986454334199
36.020759241641286508
37.209299256212659657
37.433064857146234772
37.186059157985454249
37.398583947293616347
37.770719692637726439
37.264224636273553415
34.570943605911111263
29.564417554198655580
23.259291791661013349
17.136615919258417762
11.977003040223621610
8.007505642764868981
4.971748413009578371
2.383132325773345883
-0.189297702397908552
-2.876976910513434404
-5.502137977869068663
-7.710313347192396805
-9.079909968713764101
-9.508630536039504477
-9.397681757496940236
-9.483839415022430330
-10.559052195702378185
-13.033363811170545432
-16.315660277724958860
-19.046461687999340029
-20.396043969607831059
-20.675771285161488322
-20.507116394378954283
-20.422783531788581968
-20.664954779459662859
-21.087243872773342446
-21.424621959268222327
-21.637532317697548478
-21.928707193612979154
-22.369581751265400271
-22.948939692352439579
-23.577613531893121035
-24.174588859640948613
-24.671078702440695452
-24.989789244729820439
-25.224697371862760065
-25.550052599840114453
-25.966600012959361266
-26.265680200888539275
-26.256899204268506764
-25.869745960596560508
-25.216083387938738269
-24.615927762646265364
-24.354960989058440646
-24.531240125712031386
-24.945376291214984121
-25.216184224607161468
-25.097841804153290468
-24.656253125263901893
-24.205159305532902181
-24.129526481447840069
-24.621347308945928489
-25.605777063435482432
-27.002375737571014724
-28.741724553166420719
-30.689722879388284582
-32.726922484400631674
-34.793893653070369965
-36.846397150279699417
-38.776795220257611163
-40.371937214278034389
-41.342783903412453128
-41.626629309437248594
-41.440877028116290148
-40.842957466766051766
-39.845810129973187941
-38.533119720730780955
-36.967367523124039508
-35.234790406495562820
-33.470139703576307966
-31.709464904029232457
-29.866842163815817912
-27.904738253729362896
-25.861296780975010279
-23.779223511559735016
-21.702576291067998682
-19.679527300410597945
-17.776605966036356676
-16.074848504567910368
-14.628285774963330823
-13.436854282940089433
-12.443458635176341431
-11.538462754202043925
-10.588661784704527236
-9.540168746202141392
-8.460438989558099365
-7.484041458138449343
