1349.182851366962040629
1312.897047624183642256
1307.073456673077316736
1342.947296568821002438
1272.531044576159501958
1269.460953508739066820
1345.177444633500726923
1505.737572951892389028
1751.298421199902577428
2076.664346972028852178
2717.450690227775339736
3414.423161637427256210
4154.624979711443302222
4926.227505201742133067
5715.727563038387415872
6510.839376423824433004
7301.746901337898634665
8080.412747798956843326
8839.249871059553697705
9569.263266642821690766
10263.682306086177050020
10918.296454524419459631
11528.454995631922429311
12090.034534209600678878
12600.820393329728176468
13056.849719163294139435
13458.424151531246025115
13806.776182015075391973
14106.232038113073940622
14356.452353050619421992
14560.585936388828486088
14725.319156475505224080
14846.723891860712683410
14927.314419887827170896
14970.355484615349269006
14978.045943000099214260
14946.115171067924165982
14894.758369552138901781
14895.718132109797807061
14855.871922617565360270
14821.841306195081415353
14791.382540335182056879
14778.710645094788560527
14079.913035476201912388
13411.966681006886574323
12780.628193749669662793
12193.180232724267625599
11642.869459895373438485
11138.428680762968724594
10687.022281534402281977
10286.097633210882122512
9930.741471818120771786
9607.188539998984197155
9291.049409342360377195
8959.074686294428829569
8626.956598971775747486
8317.280087360533798346
8026.241681980197427038
7746.044264809273954597
7473.021250032769785321
7208.470453497161543055
6958.582487765839687199
6734.737852530128293438
6548.671105527590043494
6388.409191425736935344
6210.096457824393837654
6041.013794991275972279
5921.262926825532304065
5880.035589677724601643
5897.076723404684344132
5964.468966741331314552
6082.906908944583847187
6244.927129460090327484
6449.816806027971324511
6690.523874540313954640
6948.218004559654218610
7203.156518143448010960
7455.348653239108898561
7695.866347054510697490
7918.144875879703249666
8122.927064818255530554
8320.500877972077432787
8520.578214750539700617
8721.694025684262669529
8925.427240049306419678
9134.364403227156799403
9164.912706911825807765
9209.130211956178754917
9272.067525811373343458
9355.546925363554692012
9456.144270503860752797
9572.576633062360997428
9626.855172889272580505
9689.209889885505617713
9753.431069088816002477
9815.020480347237025853
9871.859031470763511606
9915.577131012705649482
9938.621202725922557875
9937.746763740056849201
9910.458862013643738464
9855.022531201706442516
9770.516186482404009439
9654.856352614664501743
9508.578319479836864048
9333.188836469071247848
9132.417523510641331086
8913.998341434124085936
8689.045876306905483943
8468.462868175876792520
8261.184532827246584930
8075.016312624974489154
7916.020574361210492498
7604.121545531856099842
7332.582517947252199519
7103.412171640969972941
6914.561000292109383736
6761.115525504850666039
6634.003485222997369419
6520.677998542525529047
6405.042561016195577395
6273.505107446067995625
6110.943175883439835161
5906.889961593250518490
5649.956522378636691428
5316.496248844176079729
4895.723523804927935998
4386.919558907279679261
3756.570083749367313430
3036.296417302843565267
2238.680369785704897367
1363.629065178764221855
409.061356608359972142
253.974211598798973455
109.937366393433023859
4.153659265779344523
0.000000000000000000
0.000000000000000000
0.000000000000000000
0.000000000000000000
0.000000000000000000
0.000000000000000000
0.000000783395100267
143.221121182944159500
453.644494272475753860
835.963393862702105253
1216.687670967018675583
1542.013410325472250406
1780.404973747306712539
3445.440036813631195400
3419.941810004746912455
3387.957629537897446426
3369.780738446561827004
3375.081804012686006899
3395.750865766429342330
3419.055820651902649843
3439.783854380366847181
3449.810019727593498828
3448.062597649693998392
3589.960436947058042279
3781.350955149937817623
4014.120964741765419603
4254.620980850015257602
4526.945598526847788889
4847.336865550881157105
5195.931283408263880119
5535.135039458074970753
5842.233448106680953060
6154.315899815385819238
6479.199391155235389306
6787.307888578670826973
7083.982713071347461664
7384.880442089721327648
7681.769868579047397361
8031.241811497277012677
8407.470742214556594263
8783.256078768141378532
9073.933171843118543620
9323.728199469758692430
9505.555550488365042838
9518.996936796722366125
9535.458968844021001132
9584.508932407252359553
9694.731464925758700701
9939.297885844118354726
10569.021628417891406571
11249.343186851712744101
10379.087727821437511011
10416.319578154339978937
10387.071873635224619647
10522.286767103387319366
10638.609237834838495473
10670.255541238528167014
10706.383177617179171648
10791.262513224837675807
10910.074763503114809282
11358.812934972613220452
11992.381198983161084470
12637.782480842128279619
13292.911995237313021789
13943.582531352485602838
14730.693056747224545688
15999.831973436306725489
18021.920403565105516464
20088.837101481614809018
21360.605174491691286676
21714.830889566866972018
21187.480829274863936007
19770.743741475591377821
21280.661695343122119084
21826.999733442553406348
21338.754978912576916628
19815.765079844808497000
17927.477736743516288698
17179.555103054492064985
17275.357567871000355808
17505.575266465792083181
17322.809762184904684545
17299.877295497997693019
17580.924095107569883112
17981.886442679246101761
18441.257898876479885075
18690.591947995708324015
18620.803747249068692327
18442.592194492146518314
18425.464406917995802360
18393.409578291870275280
18443.638130520077538677
18671.743315645668189973
19050.646706611729314318
19368.408442725241911830
19462.680022223721607588
19469.261290307666058652
19462.980030889677436789
19496.280986239555204520
19587.420298572706087725
19704.022117245516710682
19782.473101840216259006
19804.806467523594619706
19846.009712257073260844
19888.223622521756624337
19938.274312779896717984
19988.825003643498348538
20064.842901502259337576
20138.215357346132805105
20120.586155308628804050
20080.750899548809684347
20077.186939100789459189
20081.528408003734512022
20071.226045795374375302
20030.365555816726555349
19949.354617736364161829
19875.637445253130863421
19827.296288488418213092
19840.691787563937396044
19943.415787980920867994
20108.278335195613180986
20258.548528032129979692
20344.382982352541148430
20376.999629699526849436
20396.608916090488492046
20468.281959914475010009
20618.281914709281409159
20791.963664361399423797
20987.027225953821471194
21205.544011632100591669
21420.467433947196695954
21619.021146820072317496
21804.104520280212454963
22018.355667009360331576
22220.599783898698660778
22408.500453327586001251
22484.327647012749366695
22388.387974299559573410
22366.879555321236693999
22408.228566407713515218
22322.678117871004360495
22787.767158135593490442
23054.430752363732608501
22947.132513975670008222
22736.813634935679147020
22962.687371862342843087
22885.520296395781770116
22719.382819906422810163
22808.048820574615092482
22507.372872324951458722
22679.323023699511395535
22720.543577120137342717
22637.893210762249509571
22552.624219116863969248
22523.958999175280041527
22632.369025793825130677
22975.476478225202299654
23456.420645758931641467
23915.569777633649209747
24357.998028008318215143
24761.755681212631316157
25155.033310459308268037
1934.570703719923130848
