249.548911363815221875
629.503751038480459101
986.426791354474744367
1329.315831602354137431
1480.910870683845587337
1638.320868617852283933
1809.064905815939027889
1996.571405925677481719
2200.484981468650858005
2417.130534496906875574
3564.932948077205310256
4707.963758421531565546
5837.172509131019069173
6944.794175857696245657
8021.226342163590743439
9057.919169616603539907
10048.699676201369584305
10989.092282748286379501
11874.931981574085511966
12700.461933142622001469
13462.020258229062164901
14158.363146734553083661
14787.562233604714492685
15347.943126877395116026
15839.466379563738883007
16260.002321838479474536
16611.429831537952850340
16896.217256015839666361
17119.481130698455672245
17280.935237408830289496
17383.143072273458528798
17431.531068463085830444
17419.969328254741412820
17348.444601275885361247
17217.507440670462528942
17026.650727934567839839
16769.161152261127426755
16463.726406136545847403
16180.844542001736044767
15823.214714591780648334
15436.066649682732531801
15016.653364307383526466
14580.265175170059592347
13029.489773427625550539
11478.177430503432333353
9936.568669553655126947
8421.151573757862934144
6939.926324798680070671
5522.116744521246801014
4201.497960364197751915
3008.783150495960398985
1979.091876935827258421
1146.227868933049876432
541.886709615124118500
187.603732238125132881
47.832264640621147578
26.459349384641182468
94.677342169668733618
370.260342832575759076
1025.278730459776625139
371.328830907507892789
82.650577761884150618
20.993338972830329681
19.971585849996419171
52.986265757807956334
174.534682153678147642
436.614115343606670194
839.665562784095072857
1369.688939735644908069
1968.000969944301232317
2593.664707301332782663
3222.216025394977805263
3829.793647265085382969
4406.994752809552664985
4943.463327282558566367
5419.693081513943980099
5816.521898882598179625
6135.733182123280130327
6370.318291836052594590
6515.963683501885498117
6576.413378807759727351
6565.479984124770453491
6495.533819639036664739
6365.968697499079098634
6178.692879852857913647
5937.026296851862753101
6585.849087556481208594
7197.224639438187296037
7781.790162344874261180
8346.110990335588212474
8891.016679998552717734
9419.706828586313349660
9553.744605017998765106
9672.693462073295449954
9774.630667252336934325
9859.411625936692871619
9929.100639902766488376
9979.041609152067394461
10004.992884487939591054
10006.617256519979491713
9983.789981633446586784
9936.523329512643613270
9864.950313955789169995
9767.263496798865162418
9643.439071866572703584
9493.507579178271043929
9318.809394049239926971
9123.869624977294733981
8915.901471705205040053
8701.300839710116633796
8484.005750106935010990
8266.616379672932453104
8050.253160887657031708
7918.852018153866993089
7793.550793328503459634
7673.707960711397390696
7556.535337769435500377
7438.528905250320349296
7313.952709938695988967
7175.092626293293506023
7011.634562468402691593
6816.217525676722289063
6579.687108173849992454
6297.082580719655197754
5962.507105273441993631
5558.492088623554082005
5080.905403932389162946
4530.733096009256769321
3866.822396619649680360
3115.799889132349107967
2284.999904682705619052
1368.041131617757400818
353.905871100606248092
0.000000000000000000
3.524551592885432072
0.913425652344951544
0.654157295912529579
0.000003378889205848
0.000000000174196084
0.000030283249833803
0.000000000000000001
0.000000000000000015
0.000000000000000010
0.000000000000000000
0.000000031925747567
0.000004918484482457
0.000000000000002972
150.368801051159749704
699.698826991056876068
4711.220400633992539952
4712.401324118276534136
4705.568891388558768085
4710.970458687485916016
4737.137514012855717738
4776.955240056093316525
4817.562667823643096199
4853.652123932841277565
4877.088493553334956232
4886.883716682057638536
5066.148626069505553460
5293.348201299389074848
5560.570270749820338096
5834.380194975138692826
6139.082255538954996155
6491.120007586686369905
6870.816728549470099097
7240.734592274464375805
7578.263279267434882058
7920.538202429089324141
8275.303519607086855103
8612.699523252440485521
8937.532490505573150585
9264.577025264428812079
9584.227436981494975043
9951.428126015833186102
10338.167391181670609512
10715.026874389093791251
10995.373418369981664000
11223.604214136255905032
11374.392155662297227536
11350.563852175731881289
11329.909693305493419757
11347.209477626522129867
11434.849479832573706517
11667.921408853249886306
12297.536624255999413435
12986.632060347861624905
12130.281837303487918689
12187.343209569373357226
12180.825246763924951665
12340.089922873674368020
12480.436660246901737992
12519.029610868119561928
12560.105403427887722501
12647.104493524073404842
12764.386677622738716309
13206.989091795980129973
13827.890303236048566760
14449.236354940971068572
15056.004454581378013245
15594.544442481761507224
16080.155438976356890635
16505.041029253123269882
16755.518435137812048197
17057.224365370384475682
17136.325811124053871026
16598.430478158828918822
17135.953003313159570098
17457.341705684582848335
17419.815709633698133985
17435.707521776992507512
17615.952125126128521515
17978.017047159348294372
18461.136063884787290590
18937.141126926184369950
19338.053526549265370704
19614.273701369915215764
19411.807905709356418811
19350.012948473955475492
19583.226236373036954319
19930.626874853824119782
20332.595972589529992547
20522.638048831831838470
20394.154917416341049829
20161.121081180837791180
20097.032418157104984857
20028.992838427580863936
20055.535260562133771600
20270.094045129670121241
20639.326198528655368136
20942.661097270327445585
21010.957795936799811898
20977.730285292396729346
20918.725900998164433986
20889.068197214484825963
20976.168622668061289005
21083.326628413662547246
21149.289063434021954890
21157.740891552763059735
21184.815650152348098345
21213.513918256106990157
21239.066111253872804809
21267.263788612224743702
21323.928767797457112465
21381.867426672819419764
21353.603952345816651359
21308.717055033674114384
21306.148780636725859949
21317.349963926630152855
21318.743538588551018620
21292.520808756831684150
21226.663380746314942371
21166.349272904441022547
21128.078128114495484624
21147.685930342384381220
21253.159831711287552025
21418.228339995719579747
21567.224607179381564492
21651.257292258625966497
21682.252244531784526771
21700.866495379414118361
21772.378840906210825779
21933.890940743054670747
22119.609290582582616480
22326.862081236366066150
22557.550911112088215305
22784.941144685290055349
22997.208738942270429106
23199.043776194339443464
23436.354281782070756890
23674.106569374351238366
23920.913666222324536648
24091.286306245230662171
24117.240236622386873933
24191.391892883315449581
24210.026218012233584886
23960.381015341408783570
24255.901348785442678491
24404.177505944498989265
24244.657343128645152319
24026.207087513768783538
24265.523073754698998528
24205.473693898329656804
24091.661065520791453309
24231.357762618597917026
24037.464082126080029411
24250.331981110470223939
24321.767193019724800251
24250.132761023745842976
24143.897461853903223528
24044.522120459783764090
24015.950228749225061620
24126.900304856029833900
24285.420156676653277827
24337.666032223940419499
24319.871561875021143351
24248.951378045163437491
24224.574772909007151611
658.770893912988526608
