45.574253117248375133
46.588739475359389530
47.751525517471627325
48.776541443604742199
49.447213915135591833
49.944357821634824290
50.431645660936560205
50.964729771185353968
51.593450360927164411
52.064772824300220577
51.463425147226580236
50.196770710375794522
48.578686087001443639
46.833951034300035587
44.673429334371505206
41.884149594947402306
38.745707487482114573
35.995947557184862831
33.771824888343459747
31.561193014740055673
29.267076396072226885
27.270033733474619453
25.502129732358810088
23.751433755262937098
22.090997888411394001
20.537295460783582257
18.963979427905385933
17.820921443775148418
17.398172441440436842
17.817071970263299363
18.763724460779769743
20.036981824758512971
21.493869352433023323
22.960763182916181790
23.777649336866957697
23.857624480985919035
24.040186989165420073
25.266235864144803713
27.264934254391079094
29.231744245932773651
30.859925820816215492
32.503148794843951919
34.202325927899778435
35.907882427232948430
37.159310252043098899
37.501719942267982333
36.871570757543736363
35.548540140099675000
33.761708876572299687
31.707782971579831610
29.896369203759121547
29.246365801119225125
29.793272952797082098
31.591838966486221807
34.007769681900668957
36.335832242433355077
37.866681162538185390
38.313844193332954546
38.136186674799688490
38.250225052483671107
38.364338619564250621
37.465902808970611204
34.287915858784543843
28.758448439961370013
21.953842025391196557
15.414315779316154931
9.966744156528704934
5.863158117096020305
2.846779500350322678
0.409211346524102737
-1.911872383156747901
-4.279300705490982182
-6.544682581608725513
-8.381663459950857487
-9.395066187676803793
-9.505483679130662722
-9.131955974078039162
-9.024298322135365424
-9.984278695678739268
-12.429603881975140212
-15.774043674468970266
-18.658023493047522834
-20.243909403428887117
-20.825192194215674135
-20.995285414366833265
-21.250968331616775231
-21.795212559426659027
-22.444895627370783586
-22.906207538784826738
-23.122708425372763941
-23.293874321836710806
-23.500922933174990703
-23.752846922725723289
-23.987109825212826308
-24.151339217055749486
-24.203745357806326410
-24.090406578267561599
-23.924984445423206125
-23.898903916023243710
-24.028654610401758873
-24.119912302617478872
-23.994508512854736182
-23.591535252199889783
-23.029568684435275827
-22.631733847419411632
-22.681805417862108243
-23.269271540411750721
-24.178206514420992335
-25.002403099292791921
-25.463233553392853992
-25.588059702729651690
-25.649013968773090255
-25.988582809788283612
-26.757411761196408406
-27.844027901893468879
-29.141962772984129515
-30.572825238219934363
-32.014780114268887701
-33.381749109514089469
-34.664233920209198914
-35.877195733006715272
-36.973674726388708223
-37.796207714265563027
-38.102433576421105954
-37.866233622955519422
-37.333056909420974989
-36.582566705691931475
-35.645336526575533753
-34.614628919588653844
-33.545178378995672119
-32.489455438713434887
-31.530969353554098689
-30.659428023590805878
-29.749510027003680079
-28.715217118252951423
-27.535076549222310405
-26.194696927202755887
-24.694311430857112555
-23.053084133554079926
-21.320185087731033491
-19.567819521181604614
-17.848959680030930031
-16.171822905765338874
-14.499248411715257134
-12.754341792659374732
-10.848198919513606597
-8.778920278744180905
-6.667682108527856144
-4.697534860857331296
