1898.839024928523258495
179.712781394573482885
77.930340367934775259
24.025665531904699890
2.353843737005647530
1.840228530639137716
1.569496082601281817
1.561425656756039171
1.405972723219842457
1.312555506078518563
1.250238308674669785
1.198611396106381566
1.154703436973916197
1.116644919744033571
1.083333182268326977
1.053984644503104473
1.028003388908370619
1.004917617343220382
0.984344970596019109
0.965970625514907200
0.949531993241509942
0.934807376264496503
0.921607342352842140
0.909768130529443941
0.908012803127092316
0.836523518855438852
0.814480250990195498
0.806487205107721095
0.801545334543031007
0.796618895182826026
