650.755961222445648673
814.903500818018187601
1008.268117728207698747
1245.400158815055647210
1186.269265390237478641
1201.349686332635428698
1302.963239270987060081
1497.086400558088826074
1783.224720248484345575
2155.309570610107584798
3004.988660713191620744
3913.559685222830012208
4865.475635484002850717
5846.156293423804527265
6839.257249860776937567
7829.718716610698720615
8805.189014016073997482
9755.459255849735200172
10671.187013761129492195
11542.039297035758863785
12360.349467682004615199
13121.432065251841777354
13820.484087309368987917
14453.481907446117475047
15018.508177407111361390
15511.982357951712401700
15934.686202347698781523
16288.306949624246044550
16577.455171325604169397
16801.583773398724588333
16963.178402017525513656
17067.731938470245950157
17109.294701903920213226
17088.082649861877143849
17004.890903291303402511
16859.442220545915915864
16645.214714061577979010
16381.049328104449159582
16137.512281470440939302
15816.957391715604899218
15464.083584257772599813
15075.232401355797264841
14664.389018268775544129
13300.256750506143362145
11927.089330782608158188
10552.003441749984631315
9186.697615351577042020
7832.536521172868560825
6510.624571755156466679
5245.138440602724585915
4055.867870373732785083
2966.671526084153356351
2001.855278747753800417
1190.209628654612288301
567.735995729700562151
157.748616723319258881
0.582504088418539401
0.000000000120246539
0.347092037936202302
161.080301141280784805
2.538479200077236708
0.000000000005900762
0.000000309500298445
0.000012013183865651
13.636673899324183168
184.423146854849818510
477.400810977529260981
860.921437580498832176
1319.779027182888285097
1804.958760852185378099
2289.123772572007965209
2761.962961407096372568
3212.771143556640708994
3642.999793313379086612
4050.188237270413992519
4420.514538823112161481
4739.118451068625290645
5010.943607871027779765
5231.724332599266745092
5399.569162115481958608
5520.192633911633492971
5609.098572682886697294
5681.016233613298027194
5739.143904459594523360
5789.799166700316163769
5840.500387905987736303
6371.069959360362190637
6918.178639215551811503
7488.080250355511452653
8082.384256088858819567
8696.506990486408540164
9327.605176069462686428
9407.133931613692766405
9494.556081896214891458
9583.607503203129454050
9669.636382515222067013
9750.320663357813828043
9817.048008220026531490
9862.019359240721314563
9881.800232671488629421
9873.768177429841671255
9836.089252086985652568
9767.709479883427775349
9666.306143518946555560
9532.068196204681953532
9366.073895727491617436
9171.609790949178204755
8956.019586641245041392
8730.090880739624481066
8504.460544096391458879
8287.934167625702684745
8088.444750376728734409
7912.507490948783924978
7573.780029729688067164
7273.579869034296280006
7015.142222197817318374
6797.733191315843214397
6617.763789048382932378
6467.411617120943446935
6335.003197970604560396
6204.462535992516677652
6061.460980053057028272
5890.182862779913193663
5680.063429178965634492
5420.913297395716654137
5092.250874527552696236
4687.736443367997708265
4207.232132784567511408
3609.714808922305564920
2921.884917889669395663
2151.640057783648899203
1293.285958297784873139
336.002870523099261391
0.000000000000000000
11.861277552472149210
0.002570554740394217
1.001158487613836634
0.000000000034684501
0.000000000224119661
0.000005752311859025
0.000112557719395787
0.079666079145222363
0.675635649313314879
0.001302090963956041
0.000000011743915371
0.000000002869107001
0.000000001408345224
1.606828195504822698
207.152078467034385767
4464.001386742225804483
4450.973466820789326448
4431.719360655479249544
4426.621412027391670563
4437.560572253665668541
4464.415706895141738642
4494.447269002546818228
4522.569931694732986216
4540.733866743253202003
4547.805456630467233481
4705.579735105494364689
4913.662702637461734412
5163.929433994524515583
5422.652033270246647589
5713.910111741382024775
6053.955121564756154839
6422.937183783263208170
6783.256618294943109504
7112.140736076653411146
7446.541191080747012165
7793.999783728694637830
8124.432229528958487208
8442.388521495886379853
8762.374284208603057778
9074.530428246960582328
9433.581210972670305637
9811.374186642593485885
10178.442119729610567447
10448.214104353566654027
10665.267207932763994904
10804.583315819219933474
10769.427901719620422227
10738.164185687699500704
10746.279215731208751095
10827.002107887683450826
11056.387969404600880807
11686.563868297329463530
12381.614625722782875528
11538.224157615795775200
11615.312690489725355292
11636.900490918371360749
11832.647898532486578915
12018.253119452409009682
12118.036358659661345882
12229.862494532757409615
12398.076666942411975469
12608.726660049476777203
13158.920313799113500863
13905.090191014978699968
14673.422521049737042631
15452.246071098175889347
16188.446619202746660449
16888.014455505031946814
17516.522289985168754356
17925.304298912455124082
18324.233647296041453956
18457.709974543664429802
17950.630937337627983652
18499.202062525495421141
18820.756954900236451067
18843.382279712666786509
18912.125843332632939564
19131.148247816083312500
19507.162222658254904673
19940.136957296173932264
20249.689883682127401698
20351.104281622290727682
20227.669116694145486690
19584.969688229768507881
19097.681888171133323340
18978.150476166792941513
19082.118205877653963398
19345.393671785481274128
19473.331330352055374533
19331.602818099810974672
19114.813494372556306189
19084.604436712983442703
19061.178094464368768968
19138.731293356362584746
19407.753522182494634762
19832.482962536647391971
20190.009060984863026533
20308.955782618540979456
20321.206956466507108416
20302.502611399773741141
20310.463860937801655382
20414.284203315499325981
20542.155816505513939774
20633.543347251259547193
20671.034033815019938629
20728.844754025387373986
20788.042031099481391720
20834.916383989086170914
20882.001768749611073872
20955.126722128465189599
21027.624339897731260862
21012.731291198433609679
20980.618471162935747998
20990.580384999706438975
21014.144886673886503559
21027.527463116482977057
21012.476667206730780890
20956.382465655016858364
20903.759428443285287358
20870.423447553963342216
20891.569861891886830563
20994.727253531287715305
21153.630084602224087575
21293.429578991112066433
21366.913923061809327919
21388.000827706040581688
21398.781456391337997047
21464.886550912884558784
21611.639270893545472063
21783.118003265142760938
21974.732613108040823136
22185.284600059665535809
22382.793120786820509238
22548.361512870666047093
22683.645724403613712639
22845.117295160191133618
23017.352084723053849302
23218.923778976230096305
23359.986784905191598227
23363.813618842599680647
23417.334141438801452750
23414.674046410178561928
23143.028173508682812098
23417.876032340649544494
23553.209436291410384001
23402.980288183196535101
23235.057789029127889080
23576.270400562476424966
23671.937057539231318515
23886.831956533467746340
24319.826523114134033676
24351.651476909439224983
24697.107963100872439099
24841.348608310388954123
24805.880707702104700729
24713.765222978050587699
24615.429112491136038443
24580.441351460834994214
24680.992561139435565565
24827.696424688961997163
24868.163051596166042145
24839.434360393934184685
24746.087551678250747500
24683.570419412622868549
848.762368566684017424
