79.592272815638722250
80.373085893062381047
81.283658927251849491
82.009717506920168262
82.296695361213338060
82.336556278344673387
82.324529472071020564
82.327374255651989188
82.384914242775693083
82.217777073499476614
80.889959331787096630
78.827246205837724347
76.364677631208820685
73.735418446446360008
70.654065994784531313
66.911969755990185149
62.794740339079218927
59.047959269721076225
55.817887336513592800
52.603106600365606482
49.318638855740971394
46.358110349957556195
43.667476627127612687
41.049228578135455336
38.591033419992626818
36.323805114999487387
34.135097642088922498
32.487827831103956555
31.684005738162085208
31.855708789458589081
32.698491277260487209
34.019314301164669700
35.681869226796436578
37.517549348052583014
38.869372264338636569
39.651021606388056284
40.699602615722028531
42.950103287474362901
46.121806918195304092
49.396063709139212961
52.447829466825254485
55.608728079132532685
58.894791086773039979
62.230021622823187499
65.127456475676211767
67.107222407521334162
68.083585411312725455
68.317890073185907340
68.025736206869822809
67.396521797591958602
66.940714423689030355
67.588807285197248120
69.400844961411706890
72.468286061964533928
76.198728543236228461
79.926006776104799201
82.976664165836638176
85.096848070510930029
86.765262188006829547
88.894391496525884122
91.165887745236915407
92.524102850724545988
91.645840613901043525
88.393015220944903376
83.772540493826909369
79.261096410121382405
75.636622191155538530
73.122949635551236724
71.458121303429010140
70.146982348633088122
68.747660704378006358
67.116774710900870105
65.420653984102756340
64.004171845129775420
63.281937051417742168
63.351960135242165961
63.811165207860938153
63.923188279241287546
62.899128963072485021
60.335530097858566023
56.834929088252977181
53.774516317140978572
52.009263894942932893
51.261122547050035791
50.949205780934050836
50.586129708081955414
49.975531694337519184
49.304851393149533578
48.870308118957552779
48.729129967737492279
48.681328280905688644
48.644263625704070364
48.606965947282731122
48.629592973048715976
48.761615419376312275
49.041068525649961884
49.516892468797891524
50.068956932705987128
50.497806432285926803
50.777445950504102257
51.091419122583033641
51.606166145315057747
52.370460469479667154
53.254002280927636548
53.923366862178170322
54.086857361502097774
53.649997565694320656
52.826581247949206954
52.022856298827832688
51.518709079676966667
51.288526494865777750
51.062312226638709944
50.500697407227164604
49.458129200671692161
48.054057720597768366
46.406258580723260820
44.607641669269867180
42.797216147875246861
41.080077552473937885
39.485627708893673571
38.018601967612028147
36.744219182359756815
35.835582459929526067
35.547463208339024732
35.915816718116332140
36.704663282504611743
37.846417355546350336
39.327087349897567492
41.073559801355372656
43.050978524258880498
45.221176422181088128
47.503561278739198315
49.894360854112107972
52.485370425740370592
55.308705315102486111
58.308445554400805122
61.402575078369807215
64.490002725841293341
67.463123256486426271
70.213251841151986810
72.643783887259644416
74.707769826954347536
76.424004062920516844
77.867584461917317640
79.158555065267989903
80.435349201322878798
81.757862344025568291
83.067249452774944984
84.237921564530836349
