58.690411095345794479
446.815247097705707802
838.498377848180780347
1241.168230634270912560
1307.775793402680847066
1415.451035274521700558
1574.609035650730220368
1789.712329712733435372
2059.599754184518133115
2378.487581431490980322
3584.710600229621832113
4814.143952043345962011
6051.988151794063014677
7284.733769616915196821
8497.308899018828014960
9676.133439363691650215
10810.554577466669798014
11892.233767862000604509
12913.771448525210871594
13866.769438071627519093
14745.487216355677446700
15547.119895316463953350
16268.611557119123972370
16907.524007866966712754
17463.361046392492426094
17933.762795786682545440
18320.587508757616888033
18626.418468363634019624
18856.519912580675736535
19010.611529138459445676
19091.103422901080193697
19103.042405887117638486
19039.532911575104662916
18899.638286588997289073
18682.893536381427111337
18387.795426916101860115
18006.818661489971418632
17558.408590400511457119
17112.987650084916822379
16571.423459956542501459
15978.731966959934652550
15332.439167698941673734
14648.973056180244384450
12970.131545662674398045
11275.230354463279581978
9578.753051757192224613
7903.548867590693589591
6266.624626552276822622
4709.329297804762063606
3281.228327525001077447
2033.257641144618219187
1025.969006079156770284
324.691023788710253939
6.542041378014386233
0.021028215430448308
0.046235978668082302
0.054762528640200016
0.154089008702746971
289.352444295529664942
1259.804963638289336814
299.522708777554214521
0.227575584700480865
0.010868651246025526
0.018528563095469852
0.030818175020789835
33.611818049042227585
346.506147290819967566
930.190321650400278486
1718.233492486458771964
2617.000713594819899299
3560.637314076539496455
4507.511436135770054534
5422.948105460869555827
6291.765125584295674344
7101.326246909451583633
7831.845529223242920125
8465.153246587684407132
9005.213524207902082708
9447.725801731248793658
9791.574543322280078428
10044.214495574955435586
10223.336807166584549122
10344.494998815929648117
10409.008575846502935747
10419.840757031972316327
10380.710383028193973587
10355.154051541660010116
10292.661904147609675420
10201.536500263307971181
10087.028494294869233272
9949.230275574096594937
9790.789665348738708417
9973.373601587303710403
10135.819317414416218526
10276.007408864237731905
10393.318652203155579627
10489.165771800388029078
10558.105597697405755753
10595.097433866509163636
10599.115689170221230597
10569.513269814380691969
10505.977006104010797571
10408.551788714246868039
10275.636559946509805741
10107.812226907137301168
9906.217595824966338114
9673.874641475262251333
9417.566797857367419056
9147.264362396446813364
8872.515953145793901058
8600.694883755550108617
8337.913081367700215196
8088.528798271498999384
8015.375047794418605918
7963.827252608490198327
7932.411646376140197390
7916.044768720054889855
7907.680627804319556162
7897.197062610213833977
7872.073390980907788617
7817.145938284080330050
7720.489884660762072599
7568.840995678783656331
7353.639103702508691640
7065.560339846655551810
6683.357190102203276183
6199.208165638997343194
5610.033789288547268370
4869.509789659312446020
4000.548731606136243499
3006.632594724806494924
1877.775646535473470067
601.494456505591074347
432.383536459490130710
321.495746096675702574
174.360132429386624153
54.219479717950314068
1.286091447191685777
0.099995464663736364
0.103847993263555691
0.014140712586309280
0.106773793004421066
0.039285310584762770
0.012229783525404332
0.004527170440804245
0.005140463245728809
0.060417905358549767
15.192641456549202061
576.149850299985587299
3088.900668721227702918
3092.013985134957238188
3087.677446429100200476
3096.595529667327809875
3120.445649597698775324
3159.423132439159871865
3200.795006790535353502
3239.307906297671252105
3266.808514684480542201
3282.240042866082148976
3465.487509707034860185
3697.945575079284935782
3971.491825321377746150
4252.483660167233210814
4565.030664915466331877
4925.401544717042270349
5313.769051682040299056
5692.571750663845705276
6039.102784447039994120
6390.426198604555793281
6754.238525875823142997
7100.654051191469989135
7434.470541849997061945
7770.468255893301829929
8099.058657015425524150
8475.210823465535213472
8870.944967341680239770
9256.877983663696795702
9546.410071823120233603
9783.960217160100000910
9944.211057794891530648
9929.982933350876919576
9919.034296799256480881
9946.100623997263028286
10043.514638643406215124
10286.310276937148955767
10925.545084017174303881
11624.127484874536094139
10777.103062016223702813
10843.185839593064883957
10845.321716424787155120
11012.821109767088273657
11160.963167966041510226
11212.478619225681541138
11266.073418381722149206
11365.274932742644523387
11494.611625834912047139
11949.392894856342536514
12582.991167951127863489
13218.088418493302015122
13840.372289628552607610
14397.110631099509191699
14904.765910827523839544
15356.957809153169364436
15637.108502877666978748
15958.806346260369537049
16052.068068310691160150
15523.476823264605627628
16072.817338440885578166
16417.053181715440587141
16362.428216956523101544
16371.964034376587733277
16548.091956887794367503
16902.357185524229862494
17375.293489316220075125
17837.885277022709487937
18230.763861640756658744
18503.358050987757451367
18299.902975909186352510
18238.503220169113774318
18472.637389615378197050
18820.937139501427736832
19223.494045846335211536
19413.726094415633269818
19285.081249631330138072
19051.642395445833244594
18987.047121684325247770
18918.578808628208207665
18944.955452454887563363
19159.804320258743246086
19529.988240984937874600
19835.140527926963841310
19906.279117655823938549
19877.004177649494522484
19823.099922453060571570
19799.691460616359108826
19844.150044883073860547
19909.612816808570642024
19934.706456459156470373
19903.036452444444876164
19890.681043945118290139
19880.595852286172885215
19897.976127769532467937
19918.588468236128392164
19968.234219629026483744
20019.690551036390388617
19985.446856742571981158
19935.041391456328710774
19927.374747553036286263
19933.859965490224567475
19930.886934911355638178
19900.618931411485391436
19831.015507484884437872
19767.240681864357611630
19725.793079692222818267
19742.525568526871211361
19845.463836828315834282
20008.397545023050042801
20155.741244696291687433
20238.702553535738843493
20269.321645648742560297
20288.379291589855711209
20361.275017855365149444
20528.305422984984033974
20720.615771148000931134
20935.520287398183427285
21174.859712447163474280
21411.800699047293164767
21634.398752592751407064
21847.217572420729993610
22096.045788165869453223
22345.748174876931443578
22604.857248835261998465
22787.822696361887210514
22826.597493645724171074
22913.703365178109379485
22945.319581112435116665
22708.540596014543552883
23016.587258846258919220
23176.890050289915961912
23028.700289425949449651
22820.660328310979821254
23069.308301647120970301
23037.552228603879484581
22925.293579928573308280
23065.911017572849232238
22827.398893101180874510
23043.679850893091497710
23123.543989361536659999
23060.135400948602182325
22962.065243456745520234
22870.703099159756675363
22849.867429030113271438
22968.207933247373148333
23133.698656971195305232
23192.438423870295082452
23180.629386797227198258
23103.729861406885902397
23085.283927610438695410
0.000000000000000000
