77.788285993319320255
21.177715386944168330
16.773633290949874208
15.678662361367546652
15.212248476417226328
15.156817986048853442
13.905142493637633549
13.788456198509326356
13.712256258151194643
13.651685929720718704
13.599797022391271639
13.553683697333395841
13.512306175066859382
13.417063984129301346
13.239286088766313298
13.191379283843657433
13.167754853079685518
13.152734981988817964
13.141241853762480218
13.129530466308683145
13.128393081949468524
13.104440852712231802
13.092835807148324179
13.080052695266319418
13.067626601763247862
13.057984950393098700
13.048703906460438873
13.040007385514607918
13.031380088437853004
13.022660059373636798
13.000586716377165786
12.982609452703911757
12.974905028142806884
12.971375181681578326
12.969737663173432907
