390.759557679386603013
698.749234979790571742
986.434106502413214912
1282.060026837651093956
1327.803530803395915427
1417.580924216164703466
1561.613729306605591773
1765.408006272923557844
2029.548865661318814091
2350.133605543374869740
3510.489124783049646794
4702.103627890797724831
5909.226911333774296509
7117.370185544697960722
8310.472861839769393555
9473.986943285433881101
10596.349104358967451844
11668.404136501125321956
12682.054284778883811668
13628.327610836347957957
14501.034488002864236478
15297.043519139962882036
16013.081847164605278522
16646.591649578695069067
17197.046480978078761837
17662.132302335878193844
18043.840820301076746546
18344.968609790434129536
18571.059986760461470112
18722.139741619401320349
18800.963441263396816794
18812.950044031975266989
18751.547314990901213605
18616.206047580431913957
18406.886500380715006031
18122.538612228803685866
17756.116810001571138855
17326.619978786438878160
16904.943374029044207418
16391.955444114504643949
15832.861288679438075633
15225.285333739744601189
14585.666114426181593444
12829.258397588982916204
11062.962827451097837184
9302.670737129847111646
7572.941339350635644223
5892.870041882802070177
4306.316423378291801782
2866.101499775921638502
1628.034538851129354953
661.386000810831546914
51.381964092234575503
0.956044396393661233
0.511833064544526040
0.358220504545308738
0.208872562320087968
0.394910842112285942
1.019647558767502238
462.554585054098083674
1.328336729353668977
0.337558161921229116
0.446051902807974965
0.460403291639289391
0.579378184305827437
0.919598665867895737
2.180608985602517702
50.617777284224288792
423.824483330798784664
1016.815473701301925757
1724.206984876945853102
2480.525355198018587544
3235.127538834206461615
3961.637194196428481519
4639.209547372875931615
5241.758995204885650310
5746.211445264509166009
6152.801882197122722573
6454.389357481012666540
6647.913352824736648472
6739.837629063072199642
6747.741737571815065166
6687.709762727668930893
6562.157782305558612279
6375.912278485355273006
6135.334460297760415415
6737.166681258098833496
7307.154974153037073847
7857.243533923931863683
8394.144602274427597877
8917.783107073255450814
9429.605069103703499422
9568.526727369075160823
9694.293192192295464338
9804.500750561497625313
9898.229715743915221537
9976.601956774800783023
10033.941833098006100045
10065.012189970178951626
10068.614807723244666704
10043.968930978628122830
9990.675578907172166510
9908.739680320428306004
9796.560033831492546597
9654.739602518578976742
9484.437921832051870297
9288.661219552217517048
9074.093427866297133733
8850.491504151566914516
8627.090053085787076270
8410.876687980960923596
8207.513408376156803570
8020.838647484664761578
7877.926856699974450748
7759.987085538542487484
7666.371079597169227782
7592.858846378858288517
7533.201549919407625566
7477.957637062602771039
7415.140103725755579944
7329.968470693765993929
7210.789235231562088302
7044.557229979037401790
6822.938498961522782338
6536.801380193060140300
6164.969974022078531561
5699.820287578538227535
5138.529039912473308505
4434.922830089369199413
3612.815475692122618057
2676.691466252049849572
1617.612421104806799121
424.393593679557966425
0.034034850650108188
28.831412989405848180
11.178809718822131813
1.481596549397644402
0.778785383519068120
0.154687586173756580
0.023246794466058592
0.002979531016882591
0.000410075629706769
0.000068528452915376
0.000013831156128111
0.000005320077206083
0.000007467049579939
0.000031980042157111
0.002533945221596259
563.391789788130154193
4624.320460823094435909
4621.557658301091578323
4610.809548276259192789
4613.109962019923841581
4633.731681170695082983
4669.491486846664884069
4707.647250041208280891
4742.987450236371842038
4767.429991661237181688
4779.995732419087289600
4958.343546624524606159
5186.124358311495598173
5455.181200795766017109
5731.836778041541037965
6040.166646781049166748
6396.407278120995215431
6780.702399345263074792
7155.466196492906419735
7497.972975027796564973
7845.273527158043179952
8205.056524577883465099
8547.433507624133198988
8877.203794844059302704
9209.152727042364858789
9533.699837854032011819
9905.824434082182051498
10297.559582884265182656
10679.536979348655222566
10965.172543376129397075
11198.899324641168277594
11355.412861757120481343
11337.544219696486834437
11323.057436680688624620
11346.692560352230429999
11440.786038454649315099
11680.374647499864295241
12316.518366196742135799
13012.130685983021976426
12162.256553519831868471
12225.582071415028622141
12225.035132320725097088
12389.903147334543973557
12535.437860694732080447
12579.214418073710476165
12625.078192518834839575
12716.583705358807492303
12838.298666183645764249
13285.587010000836016843
13911.891147268519489444
14539.991667952594070812
15155.739932240654525231
15706.724182110356196063
16210.186287779682970722
16665.149621073585876729
16936.227850947016122518
17248.345558603803510778
17331.418976520311844070
16792.197951621266838629
17318.267425313013518462
17629.800463105562812416
17598.675844490553572541
17623.129594448666466633
17801.037001176246121759
18156.726164336290821666
18630.628675228221254656
19092.419344760677631712
19472.197939553905598586
19722.399740996042964980
19500.975881837348424597
19425.712113051362393890
19648.482264907255739672
19986.980878724712965777
20380.685046130802220432
20562.590350564274558565
20425.837251488708716352
20184.269762959796935320
20111.336173188974498771
20034.174296358687570319
20051.387040015757520450
20256.518766691428027116
20616.384953243887139251
20910.603822118195239455
20970.199564453261700692
20928.796972891894256463
20862.233587120237643830
20825.718376549441018142
20903.838937858272402082
21002.855365426301432308
21061.522869557422382059
21063.488541730097495019
21084.808712756865133997
21108.377874130408599740
21130.100600922436569817
21154.943072225902142236
21208.690678131879394641
21264.106420476015046006
21233.667997837568691466
21186.906240200594766065
21182.716433218804013450
21192.506977739172725705
21192.663988027539744508
21165.347785431771626463
21098.515391664317576215
21037.328318033567484235
20998.281862148720392724
21017.223913140987860970
21122.172248511487850919
21286.903964011500647757
21435.815758020096836844
21520.093913950488058617
21551.756519117465359159
21571.563011804071720690
21644.892860909170849482
21806.547811374930461170
21993.186135086009016959
22202.171383523924305337
22435.401518178201513365
22666.104037365945259808
22882.396635575845721178
23088.904249660248751752
23331.473914845049876021
23575.025593415717594326
23828.144062230745475972
24005.328458582967869006
24038.573289952975756023
24120.426644396098708967
24147.090148216706438689
23905.671494961046846583
24209.385521803440497024
24365.685836586308141705
24213.839139121842890745
24002.493865362157521304
24248.199815727661189158
24199.583721009319560835
24101.480831721186405048
24255.552771193226362811
24078.059639097984472755
24306.606267460560047766
24393.426416619815427111
24336.799489464967336971
24245.006546330198034411
24159.365807004149246495
24143.706890384491998702
24266.656283855289075291
24436.187759207681665430
24498.408701866919727763
24489.541430111155932536
24413.827272350285056746
24397.241022367052210029
674.034732806225861168
