1506.648371558934513814
1467.360070715675192332
1435.954868707577588793
1421.309862207727064742
1431.294320701588731026
1483.231647575450324439
1589.547398322643402935
1758.202957172907417771
1992.389170896726454885
2291.220103197912521864
3324.165653818024566135
4407.849474635860133276
5533.571108983015619742
6693.308388826402733685
7876.761402524874029041
9074.282292717531163362
10278.250216123284189962
11482.534092204967237194
12681.321390845048881602
13867.378095253478022642
15035.742473000045720255
16184.104305764223681763
17309.838652707316214219
17446.350697591555217514
17555.851479254604782909
17633.727616148345987312
17679.233277476876537548
17692.223452156253188150
17675.390195836302154930
17626.569010758823424112
17546.937725803683861159
17441.107733833629026776
17303.021232334791420726
17133.046399620652664453
16932.334141345458192518
16701.046608505257609067
16433.009527792466542451
16146.717231506834650645
15912.455973999223715509
15635.823113934351567877
15362.561944438211867237
15089.934857804786588531
14832.092385760633987957
13992.067006929242779734
13180.508615388376711053
12403.722750806646217825
11669.817804904223521589
10973.086775702120576170
10323.463687767885858193
9729.313269422771554673
9189.081261418778012739
8698.442446369472236256
8243.630330848473022343
7799.709383966212044470
7342.625942280948038388
6885.598638239475803857
6446.709781182722508674
6018.330989805928766145
5589.610824719614356582
5154.387362728363768838
4891.874734492064817459
4630.674722396881406894
4385.409591454505061847
4172.981017005718967994
3988.930632397275076073
3795.545095444165326626
3624.072091585401267366
3518.426884070657251868
3510.017609636587621935
3578.752311014719452942
3715.101102183989496552
3916.902554312742722686
4173.168987478273265879
4479.560723602829057199
4825.708094436290593876
5190.048844668143829040
5550.829514091389683017
5906.781262566516488732
6248.379703642649474205
6569.067415862662528525
6870.082376207566994708
7162.541177050029546081
7457.159468644546905125
7753.527563602457121306
8054.210923759418619738
8362.594724348980889772
8485.258732756645258632
8624.876099064693335094
8786.457627975209106808
8971.503041113617655355
9176.054028016424126690
9398.168813525995574309
9210.946315897641397896
9033.007613664694872568
8857.761965397130552446
8679.724140821772380150
8495.171149959958711406
8293.555798377261453425
8064.666476780213997699
7802.263789722808724036
7500.698986167616567400
7155.119345693287868926
7347.687573511813752702
7492.412108880213054363
7592.415316405098565156
7652.180513454841275234
7678.594396957864773867
7682.498674184517767571
7677.818513358226482524
7677.738294691072042042
7692.762819722601307149
7731.432114905887829082
7799.668566931403802300
7484.139667036391983856
7210.712748096957511734
6981.558193169473270245
6794.646649675662047230
6644.941541835089083179
6523.129935980980008026
6416.346031894067891699
6308.139551077960277325
6184.567472995505340805
6030.196710145552970062
5834.319365385285891534
5585.404951610162243014
5259.752569464524640352
4846.518107090966623218
4344.899936724554208922
3721.447626064512860466
3007.875847345642796427
2216.897168730131852499
1348.530649683445062692
400.807434466497738867
236.382280012725686902
99.221636954647863149
1.172866934513617343
0.004453713417663938
0.000001759595614719
0.000000230341746202
0.000000113384388728
0.000000066242325315
0.000000140669767955
0.000000910211128307
0.000003024482891652
0.017677111074738922
397.854604495434728051
798.004195646996436153
1143.116819688635587227
1396.603363084641841851
3491.829435816665863968
3466.901130212971111177
3434.599915852032609109
3415.127904650156779098
3424.474131493801451143
3448.195566692636020889
3473.592913227736062254
3495.516975826436009811
3505.952133541522925952
3503.992025790227671678
3662.626666178611230862
3870.515416335094414535
4119.717073404346592724
4376.738697372279602860
4665.807600714307227463
5003.275447931354392495
5369.368903520080493763
5726.569176368576336245
6052.225591913187599857
6383.483245038840323105
6728.202020619353788788
7056.829477120494630071
7374.708616764540238364
7658.464191643272897636
7938.744582353963778587
8271.967188078881008551
8632.133013130123799783
8991.930190531056723557
9266.703035939897745266
9500.827780028686902369
9667.474501288255851250
9666.516863350718267611
9669.512341271001787391
9706.060834998485006508
9804.644683134960359894
10038.239707378481398337
10657.419875791398226283
11327.497752825007410138
10447.266845641686813906
10474.462408813080401160
10435.115015512566969846
10560.116068636070849607
10666.096200169989970163
10691.588454974420528742
10721.423869789299715194
10799.872120919648295967
10912.116403136233202531
11354.153764419050276047
11980.880414386321717757
12619.292703803006588714
13267.349969696077096160
13911.195203060764470138
14692.169237765036086785
15951.901083088338054949
17944.357792478585906792
19966.251090440040570684
21214.958934374189993832
21580.021122216054209275
21096.181502246654417831
19760.125056620599934831
21182.961659636071999557
21684.299066938245232450
21195.060586833278648555
19705.675887406589026796
17837.947580859759909799
17084.175019273057841929
17175.005361404149880400
17403.631991503742028726
17221.580965801022102823
17200.644195620283426251
17484.627882944056182168
17889.271069567057566019
18352.922030830286530545
18607.032152913368918234
18542.455412420644279337
18369.864230958326515974
18358.740379731592838652
18333.006143795082607539
18389.755400102458224865
18624.428165328983595828
19009.792937436170177534
19333.785876382942660712
19433.972291316640621517
19446.123895770986564457
19445.117139213543850929
19483.492053872625547228
19578.876117361225624336
19699.758507727645337582
19782.556407712585496483
19809.310922050426597707
19854.998237958883692045
19901.733968962580547668
19942.203156469840905629
19983.166122174785414245
20049.545057066341541940
20113.140313167590647936
20085.464353059669520007
20035.137136007953813532
20020.438550146976922406
20012.836390416123322211
19989.710014790289278608
19935.212795455281593604
19863.635480099284905009
19799.068374539445358096
19759.836621465703501599
19782.391880786421097582
19894.322379520868707914
20068.417614682803105097
20227.949269182365242159
20323.100198752908909228
20365.120036147582140984
20394.235356306613539346
20475.503637763973529218
20625.729415647208952578
20799.681752122683974449
20995.060631015501712682
21213.939345911447162507
21429.277727440025046235
21628.312466703435347881
21813.967958472825557692
22028.932776457855652552
22232.126250155735760927
22421.335807089366426226
22498.799009134632797213
22404.248193144019751344
22382.946715731526637683
22423.666655013519630302
22338.632152068035793491
22804.983292419266945217
23073.070964425369311357
22966.569038244546391070
22756.540116920357831987
22982.522420695528126089
22904.783615184656810015
22739.003827606928098248
22828.034062521688611014
22528.385356651862821309
22700.426975475755170919
22741.836315771663066698
22659.617964987919549458
22575.340250914519856451
22548.813519660598103656
22663.676985362024424830
22999.257270592021086486
23463.742653470835648477
23928.504342945718235569
24367.417367320733319502
24752.022507836994918762
25113.690246551439486211
1915.502276656632375307
