45.268433991750271161
46.259431893558286220
47.400024765504142010
48.404828803114519076
49.052696559690360800
49.545171653511985710
50.063161869494848588
50.669864490119365996
51.416854227309364944
52.046719441841553078
51.621999678658212929
50.538199470528979873
49.098428019963598956
47.523674609271346014
45.521025537171070141
42.874417839743216518
39.860925311933591786
37.216325487892426338
35.077647007129186818
32.933051650042585834
30.685635674241126480
28.716014929836561009
26.956329846814711004
25.194616935193877794
23.503627731766556508
21.900335085573971128
20.261777224025053101
19.042679633371761838
18.537847533571067515
18.872266552735013079
19.735099786432257929
20.925618320338855938
22.296906199896724843
23.670371065156899704
24.382560500549516291
24.346350842925701841
24.409922819191493204
25.532290805026832459
27.449270660892423734
29.341006248854640148
30.887144472211573998
32.436092822298491001
34.028397271303091998
35.615221065337209438
36.735341543648218021
36.932042223472876685
36.139924534653715682
34.640542840850287121
32.673584783858615310
30.451544095079242425
28.499016006933999279
27.747672053172180995
28.243654417701463899
30.047248554107994778
32.516517404449530204
34.920068680320383692
36.511808650071145621
36.971745900692582154
36.738042306469253617
36.723895863923729621
36.653020375833079925
35.542189853248089548
32.157831176072306789
26.455453704337742238
19.527270905445902827
12.917762836422895134
7.450405849214092768
3.371387889953666672
0.419315597818240349
-1.917605483825553847
-4.106327362348423549
-6.315959366100742045
-8.403971547673734221
-10.048293235274144308
-10.857624432141591342
-10.757268785563383062
-10.170947857749951027
-9.851801181170372956
-10.604040504280476398
-12.847764956661251290
-15.999229766239693618
-18.701330475830985733
-20.118748906934570186
-20.546941304131621564
-20.580689631971637255
-20.717377248387037980
-21.159814595895795719
-21.724085522184509500
-22.115180380544870786
-22.275299399151776925
-22.402565874317986072
-22.576904974023648265
-22.806031025929883072
-23.025985597785279424
-23.182592658733881308
-23.231898452337020444
-23.117996609809779329
-22.953220992712715542
-22.928241100230820848
-23.059201681270224071
-23.151868435158462489
-23.028486513540428859
-22.628600367229012136
-22.070889672922021418
-21.677985814884777938
-21.732749904736806457
-22.323580544064839160
-23.233375689725562552
-24.054717010171884795
-24.507802971136129599
-24.618920259985657140
-24.659228649936721922
-24.970274939624857780
-25.701696161891334214
-26.740894398638658913
-27.980247195016261230
-29.340432384785685827
-30.699267439733375795
-31.971292229950392993
-33.148987591389413865
-34.251065543567449367
-35.236566052585942543
-35.956717034533824062
-36.180371554630767150
-35.893978558827541292
-35.354922698092082101
-34.652088351919132947
-33.820845197512596769
-32.952434473445237018
-32.091764871145414872
-31.277936962693274836
-30.580801972792187371
-29.974327292535292599
-29.316705033758012178
-28.513722969041225497
-27.548150141444068595
-26.416247050731954005
-25.128787498595045236
-23.713178757512537231
-22.224505152042695499
-20.738670943937393076
-19.309990759895015344
-17.945519061319714638
-16.604559606129384974
-15.204849519262438662
-13.650684923493486167
-11.930795435258573889
-10.152633439674445981
-8.483386129313714719
