45.512188031538414634
46.526057881163922048
47.687956911362121559
48.711166709896943416
49.377996519793143193
49.872224491824340475
50.360054755931116688
50.898066378610472782
51.535738963744485375
52.018504512907902892
51.429139374409963636
50.174188511768861076
48.567146661456469303
46.832466526677833940
44.680791584780095604
41.899033133534764772
38.766755062655960273
36.021839039356279955
33.801330045056715790
31.593205938499764329
29.300634914187639879
27.304330613638555292
25.536520136303963113
23.785440917680134021
22.124317819516733152
20.569800381447066684
18.995718449538003370
17.852116828304957608
17.429211109161968807
17.848493500831111191
18.796207087275234926
20.071326344411062337
21.530977704910057469
23.001604056596619330
23.823198509290108404
23.908764452579447379
24.097550692812006901
25.329984226176733841
27.334468877495879724
29.305377703759873498
30.934565900234602509
32.574095192982838398
34.263310069615755538
35.951475726356420637
37.177764899397857334
37.488189420914721950
36.821497929373123270
35.460855658971581761
33.639492810408142986
31.558296456512294981
29.730695705810205709
29.079066043780471773
29.642200143966846326
31.476690513666397919
33.944016982904770430
36.326644934613369742
37.903524884045708632
38.386531723338237043
38.239950069375396424
38.382965718882417150
38.522106058269088180
37.641098226478163724
34.468390263109739635
28.927671791665801493
22.092991898929057015
15.505583395371587585
9.996622937511915552
5.825448187797036326
2.745590808697642160
0.259515305922093376
-2.089537495449292237
-4.466450268051545436
-6.728802247133899073
-8.555661160289446343
-9.554880709734447919
-9.648252725773147631
-9.255517491487978532
-9.127369605357870341
-10.066526880944053346
-12.491467523335870737
-15.816496883710954080
-18.682392803917736046
-20.251745443432611182
-20.818170989765576451
-20.975121956327882344
-21.219337427795778694
-21.753684941481822079
-22.394908010809558618
-22.849080024204113215
-23.059698748001494550
-23.226238539481073531
-23.429953953215203910
-23.679880211752163177
-23.913504046075729548
-24.078446056209600101
-24.132876434670606614
-24.022796369956608942
-23.861745812850585935
-23.840976653522830020
-23.976752251712298403
-24.074475049743227828
-23.955670399126859138
-23.559112112738034739
-23.003070514376929623
-22.610401085688010880
-22.664664512829574505
-23.255202107313209581
-24.166011621928646491
-24.990876108140298584
-25.451218765628311758
-25.574508317407662616
-25.633039631740246023
-25.969521240874712475
-26.734886809597696811
-27.818023029718119687
-29.112892869332938517
-30.541598821659931673
-31.982837254890057466
-33.351057263531743047
-34.637223606797249431
-35.856622740858085763
-36.962409245955370807
-37.796976302676341675
-38.117572381858678909
-37.897532693775247026
-37.381758743532259359
-36.649512814940294447
-35.731156065905508967
-34.719814236705246913
-33.669981164401121987
-32.633624384035499588
-31.693127100239792071
-30.835509902401895488
-29.930579545835314548
-28.888117784661972109
-27.687089201248625159
-26.315902651131182211
-24.776092529390098207
-23.087041398524547731
-21.299065125908327900
-19.487994315468142759
-17.714070709753968913
-15.995901246084656577
-14.304763510975305962
-12.563894901382923308
-10.676961627932826104
-8.632038991618173895
-6.541036698521111248
-4.580221528312165447
