255.938090409967003325
256.211294619702414366
256.583736736638854836
256.765281210239550092
256.530022925495984509
256.078945840893766217
255.592448625996865985
255.133286538855259096
254.755010428631976538
254.209371730211557860
252.575480273919055207
250.226727022227606767
247.450328111628778061
244.458172403961242480
240.955558071223407524
236.728270752239126296
232.057346817662960348
227.683853810859147870
223.749237143731249944
219.746803763498803619
215.585771556340887400
211.653418449212608721
207.888836338014414196
204.087210226409126790
200.328572752534938672
196.636013991404468015
192.889210728096571756
189.543244522811846764
186.892358510097153612
185.060889537533682869
183.736600909524440794
182.718552643601100272
181.862428513423935783
180.991599509065935081
179.441228375671670392
177.117570421971208816
174.851044195370945999
173.571040511523221994
172.992692364824108608
172.294990975682992485
171.152635893572693249
169.899360052286027667
168.555873764696059425
167.053573155749575108
164.915692834721397730
161.675413406679979289
157.262946254894131926
151.958524073822729861
145.999676553887098862
139.600943490272896952
133.301391764555376085
128.063868067244101212
123.984808166891696146
121.196251052866642794
119.150397741140409380
117.228975043560922131
114.808144564107863062
111.682843734516012546
108.376314965402173129
105.837578190445668724
103.773626739890829640
101.141224206926466422
96.616809502651705088
90.050985855494673160
82.431250589973075193
75.209848448249630337
69.137998926412649325
64.412589945239062672
60.745829590490330929
57.618563831946062237
54.567051576773906163
51.428196431990357951
48.350638833415786166
45.663383737362721604
43.766757952217290040
42.745838809077497444
42.185739658408579089
41.339201923312771214
39.407167442600552931
35.976613742190124867
31.641007480139762720
27.768926750917273694
25.207232237416462794
23.670395626725849070
22.570896211484978267
21.415814280121026059
20.004572705313137249
18.521829588988452997
17.262406697112623988
16.283321039187057977
15.385279095998839693
14.486959408797360993
13.579096514169009424
12.723755640133276756
11.972365202284606767
11.364829938527236664
10.951750445947880053
10.614358267456225349
10.154212618349617969
9.545977777863015490
8.973525024975685938
8.603334082758124168
8.483980595146022097
8.484777522512104042
8.271762247548394953
7.552576322609411363
6.231973460179801805
4.522873698202715786
2.830543769211317340
1.433770998386592055
0.305710082494044855
-0.825019234166120441
-2.299343125812981725
-4.264573021413639253
-6.603260403791296085
-9.199938613580968649
-11.964406181001493223
-14.760882507875351166
-17.488171653581673581
-20.121630410992224824
-22.662378273337083101
-25.052447930994901526
-27.127758113939478335
-28.644768347044873735
-29.581412532287913564
-30.190526146870752200
-30.559395685934589437
-30.723648841705369250
-30.778086661683346392
-30.776534992820018033
-30.769651838947936540
-30.838943315400740630
-30.972993305177965340
-31.050230466754840108
-30.997267106419087668
-30.807655056296368912
-30.468355689308395995
-29.971232921020146023
-29.344145795105873731
-28.663811733988154629
-28.030473275664974153
-27.514484354749811246
-27.128768870425290061
-26.830680923164720753
-26.529411793929625674
-26.111303015787257209
-25.537151070469917613
-24.882658059385505567
-24.286167731639466183
