1370.662272003149382726
1326.822099475348977649
1314.126661595151290385
1343.866077053944763975
1269.897488920690193481
1264.041462893225798325
1337.776484191283543623
1497.205441162687748147
1742.519121428274729624
2068.526380859316304850
2694.564807896834736312
3377.676445920247260801
4104.914817046079406282
4864.466726928190837498
5642.858924999042756099
6427.847226518529168970
7209.661584940447937697
7980.308542153704365774
8732.239160087123309495
9456.488445154836881557
10146.303820429811821668
10797.479363239477606840
11405.357600704503056477
11965.797239013039870770
12476.553523954316915479
12933.623872424836008577
13337.256051706199286855
13688.618796670341907884
13991.969917239004644216
14246.919969649790800759
14456.583161787053541047
14627.629420686993398704
14756.151650852869352093
14844.673891858532442711
14896.452773554765371955
14913.652500449315994047
14891.938794653087825282
14851.401522481735810288
14863.661042858260771027
14835.504374952073703753
14813.396823920997121604
14794.917533129108051071
14794.079118847195786657
14137.421601640256994870
13510.957045177987311035
12920.116445470954204211
12371.813130057307716925
11858.897635725130385254
11389.714759066820988664
10971.062339815545783495
10600.024448186170047848
10271.163758284235882456
9969.421730895950531703
9668.515356204681665986
9353.098368596345608239
9046.444809143695238163
8761.164542883792819339
8490.163352618281351170
8225.602821393900740077
7963.763086345492411056
7705.668658669969772745
7457.267747208985383622
7229.509794650022740825
7035.422663778879723395
6872.593233006348782510
6697.318246776743762894
6521.710220163669873727
6389.167145820990299399
6331.936766217507283727
6330.695881950199691346
6378.209269380628938961
6475.057156506014507613
6614.018382084866061632
6795.190549667406230583
7012.195316168099452625
7246.570911626535234973
7478.731540573944585049
7708.728107826889754506
7927.657895969157834770
8128.952269717618037248
8313.313343906922455062
8490.962768235871408251
8671.562573380986577831
8853.640711278943854268
9038.788031541920645395
9229.605508129263398587
9244.517011332958645653
9273.524158839023584733
9321.644162858985509956
9390.642964045284315944
9477.022656927827483742
9579.417353670394732035
9633.411764153996045934
9695.518027099546088721
9759.497965557809948223
9820.833427001005475176
9877.393880494537370396
9920.805399710659912671
9943.514400868874872685
9942.277324858876454527
9914.597794114195494330
9858.734987439438555157
9773.758067636201303685
9657.574720744765727432
9510.714576225653217989
9334.682823954057312221
9133.209364535299755516
8914.027742379425035324
8688.250677470885420917
8466.779095744795995415
8258.550196078038425185
8071.380715297953429399
7911.359744613441762340
7589.152281530210530036
7307.467289459862513468
7068.490270816208976612
6870.370310037869785447
6708.395088722470063658
6573.681072344172207522
6453.849671297462009534
6332.954728963490197202
6197.551387303336923651
6032.717019032940697798
5828.272407683753954188
5573.010774789444440103
5242.892426490922844096
4825.954585843885979557
4321.043580896234743705
3696.465618586237269483
2984.575649770425116003
2198.185539461236658099
1336.983445788873950733
398.555857223388159127
240.409511082515280123
101.081271239200091827
3.233086785359980286
0.000000000000000000
0.000000000000000000
0.000000000000000000
0.000000000000000000
0.000000000000000000
0.000000000000000000
3.689519975386173822
196.654304245626292413
515.344493960856652848
896.557531763174893058
1271.670544246555891732
1591.668887870257549366
1828.700383189361218683
1452.723699456170834310
1426.726508619851529147
1394.264375472806932521
1375.627967976079844448
1380.557696604778584515
1400.867074057439594981
1423.825507856543481466
1444.224927763902542210
1453.944567233612360724
1451.913191978955865125
1592.888038488992606290
1783.373344420888997774
2015.250431559931485026
2254.861400065181896935
2526.290099932832617924
2845.764656435456799954
3193.403246773133105307
3531.588135240640440315
3837.573703320781078219
4148.408368056563631399
4471.860718759952760593
4778.307008477177987515
5073.048721916254180542
5371.731932907462578441
5666.186650209258004907
6013.140200220738734060
6387.067982767967805557
6761.203964297688798979
7051.432329399408445170
7302.260104668558597041
7486.651964247319483547
7503.955412670381520002
7524.657348255365832301
7577.588483575364080025
7690.820820920715050306
7937.319613760558240756
8567.935531620063557057
9248.524582365213063895
8378.378446899962000316
8415.367044279930269113
8385.790545919817304821
8520.655857018151436932
8636.639726614923347370
8669.200129332441065344
8706.235029547273370554
8791.996593660833241302
8911.661890809056785656
9361.256037374216248281
9995.865721972175379051
10643.203352759945119033
11303.643698520600082702
11972.248686253969935933
12821.552214469931641361
14247.340704621823533671
16333.293320335911630536
18201.315153265633853152
19279.587468654568510829
19542.042977204164344585
19034.173796646715345560
17753.590507045515550999
19177.445477265318913851
19757.340534881590428995
19419.778971741961868247
18112.470483666798827471
16241.060239454720431240
15284.010938878367596772
15305.952521763179902337
15520.032973624714941252
15333.567521373275667429
15309.334631309853648418
15589.752757952595857205
15990.393612490557643468
16449.698861972272425191
16699.262890207402961096
16630.042418085256940685
16452.697993794878129847
16436.506999725661444245
16405.031064014925505035
16454.988624151257681660
16681.726683750777738169
17058.453814163302013185
17373.965492618754069554
17466.546065704846114386
17472.150010170156747336
17465.465926271022908622
17498.709657957770104986
17589.912097801923664520
17706.712510378933075117
17785.427352573009557091
17808.054657209489960223
17849.557689893408678472
17892.054501833492395235
17942.897515287630085368
17994.165594161138869822
18070.785896456847694935
18144.596615473456040490
18127.186653741391637595
18087.288511032369569875
18083.330726785046863370
18086.954391920098714763
18075.702599125022970838
18033.845889340780558996
17952.023281997007870814
17877.861169274085114012
17829.514804098704189528
17843.289952465609530918
17946.651451957677636528
18112.280335920597281074
18263.354094873600843130
18349.981271450658823596
18383.363428667445987230
18403.708961267606355250
18476.087843343069835100
18626.381073594915505964
18800.317611165206471924
18995.599343731159024173
19214.303863233206357108
19429.389204862000042340
19628.069163539632427273
19813.175044868803524878
20027.064664301022276049
20227.601470964567852207
20409.644470834184176056
20469.843353782824124210
20344.861987624033645261
20290.788144733967783395
20324.144943326744396472
20268.339481434195477050
20765.043372854870540323
21052.654142566974769579
20953.738858772292587673
20745.622653957823786186
20971.856219606288505020
20893.907220694534771610
20727.360940348626172636
20815.591929877969960216
20514.716417734533024486
20686.002158608458557865
20726.865090513674658723
20644.992262009855039651
20563.435384988410078222
20544.528468792323110392
20674.845335377052833792
21047.850002860988752218
21560.494608344666630728
22043.581829857754200930
22481.991291546393767931
22836.639969286370615009
23122.990217887541803066
3928.989427687214174512
