2759.088885076637780003
824.783303405827950883
509.035443976886654127
413.161015667100741666
389.543721463515055348
142.655132188123900505
122.649058122224204226
106.915604927178335970
100.475306962577320746
98.121233646971802500
96.584930408215285524
96.015933383492765074
95.675860955888595072
95.347294665168575989
94.647879758586697108
93.128705508900964105
92.954976316828691552
92.814026302453839889
92.679698894607255966
92.547834960817141337
92.411204002748362996
92.254073624103384077
92.047360471379661817
91.760845007483325730
91.395046952490304193
90.974847669803807548
90.521653605712458557
90.048471774757103958
89.563346100515161652
89.071533056776857507
87.137741934869637817
80.145767448078515827
76.101854203492933948
72.756256717381432964
70.058346805751440911
69.934173201351114812
65.719799626027736394
57.527004656078219114
57.020103521047964534
56.972412731388345719
56.958864812338404704
56.957910910820856998
