1562.660245621856347498
1550.552126646742181038
1531.342279730829886830
1506.048603139180386279
1644.363993395624447658
1786.284964197973749833
1937.180933312701654359
2099.283901425224030390
2271.375804447159680421
2450.221069504455044807
3630.041911861912922177
4809.947503840001445496
5987.761922207868337864
7162.162102660958225897
8332.559958718853522441
9498.928309754059227998
10602.390195102676443639
11702.720487085765853408
12800.564511100048548542
13896.581847835168446181
14991.393979198996021296
16085.552252834339014953
17179.523038450191961601
17046.860205096290883375
16914.744201652141782688
16783.502750805535470136
16653.426919909692514921
16524.765181903028860688
16397.721449317516089650
16272.454269619129263447
16149.075488087419216754
16027.645591684697137680
15908.166431324085351662
15790.570925819059993955
15674.709126662368362304
15560.329107104955255636
15447.058768925688127638
15334.392018038392052404
15221.679524451486940961
15108.128771592837438220
14992.822176061259597191
14874.753494909447908867
14752.879902217640847084
13861.734415415761759505
12964.526013977019829326
12060.030611668698838912
11147.177630819145633723
10225.207876922335344716
9293.847543540330661926
8353.499526956715271808
7405.431466968221684510
6451.917070312702890078
6255.643763935598144599
6061.533533910506776010
5873.942886818692386441
5696.932378744650122826
5533.848730173781405028
5386.951374675585611840
5257.182554763424377597
5144.146791699714412971
5205.130796404146167333
5278.647473496347629407
5361.621935024440972484
5450.950017375706920575
5543.869224819715782360
5638.181860483336095058
5732.301029018033659668
5825.180731673651280289
6006.011361577810930612
6184.646066523974695883
6360.882968016886479745
6534.528556572643537947
6705.312153856888471637
6872.838885081341686600
7036.586004289327320294
7195.939702212847805640
7350.265615296670148382
7499.009997459234909911
7641.828125660565092403
7778.723120347416625009
7910.161784515467843448
8037.108027119405051053
8160.952635690182432882
8283.407878548261578544
8406.393839273761841469
8531.864493497138028033
8661.601644793036030023
8797.017457740099416696
8939.021491354948011576
9087.973618922662353725
9243.706689236765669193
9405.595441669593128609
9164.421873577945007128
8927.436809690190784750
8693.461631990301611950
8461.268953356862766668
8229.667319372647398268
7997.543345208224309317
7763.861984247262626013
7527.639585343647013360
7287.907636613742397458
7043.686872187241533538
7158.017677897584690072
7266.103517228691998753
7367.374302410561540455
7461.571809248271165416
7548.844573974846753117
7629.807207910977922438
7705.539741925766975328
7777.529138637755750096
7847.577790947488210804
7917.686639768213353818
7989.905955028512835270
8028.088791918534298020
8071.915129789207639988
8122.525474674746874371
8180.461865599944758287
8245.604434848959499504
8317.192803288258801331
8393.913141673139762133
8474.035399101530856569
8555.584306450522490195
7842.308371310321490455
7126.268028268482339627
6405.225943173886662407
5677.057101222403616703
4940.039380419006192824
4193.125319946144372807
3436.225803216091208014
2670.481148091107115761
1898.433980952607953441
1123.966903210679220138
351.949407336013791792
292.536938483247865861
247.323298588641364404
218.115969735204032531
203.180384261852509553
208.890418953460056173
229.010992045171633436
257.628475202345214257
289.233119547708497521
319.142453958721205254
343.994645747925915202
361.986664156256665592
372.811500421713276410
377.393926721954869663
377.477774390985246100
375.119681263194934218
372.094112521721740450
3389.537302537807590852
3502.660655218508964026
3619.863673180557725573
3740.859215019143903191
3865.406430888082468300
3993.364264731589628354
4124.743640304503969674
4259.749518708379582677
4398.804035432364798908
4542.543772373477622750
4691.787644800018824753
4847.476178186591823760
5010.587201933581127378
5182.036350495720398612
5362.572699817139437073
5552.680260903452108323
5752.495049963936253334
5961.745468465491285315
6179.721169262618786888
6405.272843933166768693
6636.842727490204197238
6872.523303356649194029
7110.139858106286737893
7347.351268796084696078
7581.762819126875911024
7811.044918904618498345
8033.052297332716989331
8245.939396467641927302
8448.269033820533877588
8639.112622905919124605
8818.141010028180971858
8985.705041927039928851
9142.904262871050377726
9291.640742934450827306
9434.653306848094871384
9575.525834242176642874
9718.662354535694248625
9869.221776243166459608
10033.006418021388526540
10216.300887302797491429
10425.660797494489088422
10667.653713483419778640
10948.556951017983010388
11274.018126682589354459
11648.684740564798630658
12075.809181089873163728
12556.836424979628645815
13090.984776585584768327
13674.836879255864914740
14301.970353997006895952
14962.675449502885385300
15643.829723877004653332
16329.022120863211966935
16999.030619010052760132
17632.743094002435100265
18208.552795328945649089
18706.149733819442189997
19108.484066029192035785
19403.548687637507100590
19585.588604165121068945
19820.357571214179188246
19948.540958737248729449
19980.895234651728969766
19931.728247136568825226
19817.169466559484135360
19653.660011656866117846
19456.859147702118207235
19241.009928026454872452
19018.696043806965462863
18800.869349281540053198
18597.021410987410490634
18415.392897521571285324
18263.144905388304323424
18146.446262850397033617
18070.455907665771519532
18039.198482425937982043
18055.344999057117092889
18119.920356859889579937
18231.967747308812249685
18388.208772540816426044
18582.749370849684055429
18806.895845528728386853
19049.160119512842356926
19295.542010714962088969
19530.167088874030014267
19736.317280566723638913
20083.647953428997425362
20371.231620164700871101
20587.156790553406608524
20724.106558249975932995
20780.187762107718299376
20758.984680997804389335
20668.874792001366586192
20521.846859948065684875
20332.150786598944250727
20115.064997209683497204
19885.942118362527253339
19659.561203253455460072
19449.725143367129930994
19269.007574199604277965
19128.560675973119941773
19037.922059610591531964
19004.788131691380840493
19034.744098795759782661
19130.955525138895609416
19293.835864374905213481
19520.713001857970084529
19805.529750635480013443
20138.631138270400697365
20506.715275089067290537
20893.050445598011719994
21278.078462725385179510
21640.515520724693487864
21959.004126927236939082
22214.246021990835288307
22391.365281827711442020
22482.069432046046131290
22486.094200927593192318
22411.522868218289659126
22273.859143197991215857
22094.077748576684825821
21896.112815427401073975
21704.282404080669948598
21541.021995871531544253
21425.112296159604738932
21370.427585149896913208
21385.142220535770320566
21471.315334567843819968
21624.807654289161291672
21835.544245130920899101
22088.195153068718354916
22363.371088533061993076
22639.391146115114679560
22894.555058154248399660
23263.097178692340094130
23576.098951829040743178
23824.319524444705166388
24008.404120969549694564
24132.866156132971809711
24207.224635811402549734
24243.852927724885375937
24255.733549466920521809
24254.589289772862684913
24249.650829326033999678
24247.116027759460848756
24250.217510802911419887
24259.742723900621058419
24274.816465994874306489
24293.741167808228055947
1807.256984199627140697
