46.179080171889673068
47.222767585809933166
48.399860471495557590
49.419840091549303907
50.056367739450571719
50.510037015565970364
50.961000255064341502
51.472021996661887044
52.097060604871771261
52.588867832236125821
52.028356444911551648
50.791617753100631205
49.169332051000409933
47.377298564291827176
45.124817787155883764
42.201490524282839090
38.891806517455322023
35.939830275577847374
33.489496465432779360
31.036064401407642777
28.490162491241903808
26.239969841686004770
24.225049876818331995
22.240757490963261489
20.367159328857738387
18.627418218898924351
16.901461945811746546
15.644872034798609661
15.152646027558375863
15.550107877051488003
16.526243512077854803
17.881652980355752902
19.474079571882555229
21.129777663791770692
22.187912375626595463
22.559964471002444952
23.082538900256380998
24.691517405319956424
27.108029202443816530
29.516019219469583845
31.593937121387796196
33.678033852090095479
35.790102591728185644
37.860745313656735789
39.409988921144588403
39.964939746200201398
39.446584612203395181
38.122619668732340870
36.214551576265307631
33.917133992559456601
31.745575455621519723
30.634631934121898666
30.648558144710392526
31.883631220771604831
33.753604177271171238
35.600369207500335733
36.760595899584501467
36.992205748549679356
36.786261679084191201
37.066662983718572377
37.524038377974306968
37.108520435188097508
34.499903948251642305
29.561713163519357295
23.302894445681602065
17.204125912175499025
12.050171444326281289
8.074603535186838599
5.027639424405350610
2.427984484708957780
-0.151525773145209541
-2.839671543707538603
-5.456756724397848757
-7.646984067554654985
-8.988309420804284855
-9.379457375178020584
-9.224720041556537353
-9.266262549006626159
-10.303427141115804488
-12.754780393060457300
-16.037468665582679250
-18.798240487106170349
-20.209698563346847777
-20.580145888801212095
-20.522109955806740800
-20.554433408124111793
-20.903023378651084840
-21.406333719686074346
-21.788809862908124160
-22.007373789917494378
-22.268744017522919876
-22.654400416526357276
-23.166271810709929468
-23.727789543022879570
-24.266713309777571794
-24.717322098145416476
-24.999803843417112148
-25.202060275714757154
-25.491723186490446551
-25.864958046597280372
-26.111751823358588354
-26.043678957246868322
-25.595353671453210609
-24.886518519423532325
-24.246600698163490506
-23.970191592796709301
-24.161681539225128290
-24.624075642897764737
-24.974348309886750030
-24.961409527839066413
-24.643954475344571620
-24.327597253632518459
-24.387680919759077369
-25.003596064726025361
-26.085001251854748716
-27.536105420571516333
-29.276993940011948325
-31.171625947071106566
-33.107833842368791011
-35.040166814474616785
-36.940903727645206800
-38.717693443951532117
-40.169389316661067824
-41.015613939787442632
-41.200379999411381959
-40.947788231682295645
-40.323303096452605132
-39.348766895824837775
-38.113824968833569073
-36.676030013534557384
-35.098638043558707977
-33.484166463624376320
-31.849592812966932343
-30.107710363151625188
-28.223866328671192605
-26.232711351480133999
-24.161767714251880079
-22.039077889029158541
-19.920646876191938190
-17.901427124218571407
-16.090134344260491162
-14.556973619955556387
-13.307370345711831305
-12.285175701446007679
-11.381804725681433865
-10.463733163833069284
-9.472035723272199448
-8.464568815727659512
-7.564656993115647765
