56.454442099149218848
13.732190235405663969
10.652956528495595379
9.819866009720930933
9.470993310319240521
9.272128565325148841
9.264099964696534073
8.738209708213343418
7.956622451055269885
7.897407572659530750
7.892830589078529080
7.889074177310991587
7.885280024667613574
7.881049720931995850
7.876081337790797221
7.870406986646978353
7.861468023809271344
7.824124209414032194
7.792943039082260270
7.781238002717774549
7.775436976043886617
7.766293203131240830
7.714267792894843545
7.709037879187514264
