66.268089294816888923
67.404806887016349037
68.709257563019619397
69.897142450400281177
70.751156971721471223
71.422210895231216909
71.996193921754368716
72.528747162165458917
73.084497097737553872
73.452709653542257229
72.716365279712150027
71.272764279164249501
69.464863508663086122
67.535015697577392757
65.194039735863441365
62.226299530386221193
58.909359300797262904
55.980039501122590195
53.575238515104274484
51.183720648112867480
48.710379884110679427
46.538500647125729870
44.603549846401492118
42.697473527767073165
40.897483601493235028
39.224324198207540348
37.555879180917131066
36.346086202376397978
35.888801270115592956
36.308834835934604257
37.295356184542853839
38.649769715782397839
40.230961138572098434
41.866199371767436332
42.895037411589825638
43.228431849118692298
43.701729174301277681
45.249544472948869611
47.592752436512313352
49.916871882938423255
51.904030878994831255
53.896045088538869550
55.921667764816419322
57.919245765216118116
59.416637637230536484
59.948028721432166321
59.439686301985602768
58.161593796979445870
56.333528659097851232
54.144211953322809450
52.099434360071796846
51.122991461343019637
51.268196234427023228
52.620926759521722715
54.585404428312301661
56.495870664889338286
57.684444784845908316
57.908242620110939924
57.661267288911631113
57.873820584017835245
58.245982977203084374
57.739512714388695258
55.046254626931130360
50.039749670698910222
43.734643159233257848
37.611984696218115687
32.452387387374500349
28.482903723099894933
25.447158391488102325
22.858552369104813806
20.286130573845071012
17.598457767902345950
14.973301272865455758
12.765128646694137160
11.395532939482507118
10.966811457827930099
11.077757493231274566
10.991595263406111371
9.916376080572433693
7.442056232173626995
4.159749700791735449
1.428936392316586534
0.079340377543076102
-0.200402508208185282
-0.031765026768539428
0.052548584718010716
-0.189643758452348266
-0.611955794658229024
-0.949358674741063169
-1.162295680973329581
-1.453499062705873257
-1.894403988256158300
-2.473794163757418119
-3.102502108696000960
-3.699513417782952729
-4.196041122979693228
-4.514791414164562866
-4.749741182426078012
-5.075139949708500353
-5.491732806641493880
-5.790860349428726295
-5.782128625488553553
-5.395026579477701034
-4.741417136799725540
-4.141316581620628767
-3.880406826215505589
-4.056744937355915681
-4.470942042342869627
-4.741812888992114949
-4.623535364814927107
-4.182013574691325175
-3.730988646034688827
-3.655426725540166899
-4.147320479371785495
-5.131825193832696641
-6.528500872555241585
-8.267928748922656723
-10.216008203613853311
-12.253291016960531579
-14.320347486251932878
-16.372938389027979156
-18.303425982614442091
-19.898659631719453955
-20.869600121230405421
-21.153541487083316497
-20.967887339386265921
-20.370068100474270523
-19.373023290137496133
-18.060437626941222788
-16.494792410956847561
-14.762324527945679620
-12.997785327477458850
-11.237224316213030306
-9.394717667843679010
-7.432732171045131508
-5.389411451465036862
-3.307461293902861144
-1.230939563200138309
0.791981540055303412
2.694772569292013031
4.396397287325669367
5.842824814203879669
7.034118622705705093
8.027374084178404701
8.932227253767621278
9.881882963761597694
10.930228171289797956
12.009807501557531850
12.986051986834809213
