1304.994111273655335026
1297.314231216003463487
1309.272829954470807934
1352.534630840171303134
1299.554398270218371181
1306.276796707395760677
1385.498537491329443583
1544.259086088747153553
1783.245060585830970012
2097.431476199072676536
2763.860675249270116183
3481.509229783001956093
4237.100751931887316459
5018.538157591786330158
5812.145055586696798855
6605.593938928637726349
7389.184137193936294352
8155.159128203626096365
8896.369864186421182239
9604.406581485727656400
10273.224979747858014889
10899.467208959911658894
11479.437166198538761819
12010.047737933380631148
12490.182532276230631396
12917.002310748583113309
13291.936751685007038759
13617.299212478968911455
13898.408296688743575942
14135.733441346083054668
14333.046830571876853355
14497.455605006114637945
14625.174882588578839204
14718.705553681375022279
14781.108500959133380093
14814.148280163319213898
14812.827297637999436120
14796.305248608552574296
14834.901715726018665009
14833.731408158260819619
14837.210676399767180556
14840.605528416586821550
14855.438056091976250173
14328.285299394474350265
13819.112555963241902646
13329.638563462991442066
12863.256678170686427620
12410.152287713230180088
11977.286414490452443715
11572.261398978347642696
11196.118720897002276615
10851.481022789283088059
10538.343461892898631049
10257.696430822887123213
10014.324970052755816141
9801.578476654565747594
9629.603834553912747651
9510.023014944761598599
9372.844062483904053806
9267.450118042434041854
9266.416231314855394885
9278.880581993766099913
9295.637824016517697601
9315.698527631910110358
9338.121946502860737382
9360.367969351818828727
9380.468158067158583435
9397.467013265233617858
9423.060680016880723997
9431.162838583501070389
9414.549674576879624510
9379.516637527172861155
9326.821557094817762845
9263.825524176892940886
9195.165969522411614889
9119.466467475409444887
9030.221983545494367718
8937.318122895501801395
8839.750760618093408993
8737.113794190174303367
8634.529667517377674812
8544.985379001755063655
8479.772732016166628455
8438.624362922349973815
8424.010373161696406896
8439.027494830945215654
8522.253112491649517324
8642.468919847990036942
8802.986930636332544964
9003.511042470707252505
9238.181595474901769194
9502.938462163088843226
9577.896608025297609856
9670.195885362110857386
9771.406799055970623158
9874.808779857834451832
9976.175135357014369220
10065.222022174400990480
10132.659155621850004536
10173.716967897704307688
10184.584184544453819399
10162.336517340349018923
10104.859900530058439472
10008.729994254152188660
9872.966702961570263142
9697.432423790880420711
9484.220133098069709376
9239.603906491944144364
8973.478308101201037061
8695.772694259274430806
8414.879092571685760049
8138.832760820968360349
7874.978132502381413360
7363.788039442379158572
6884.387319748918343976
6444.016737078841288167
6046.838818443207856035
5695.018544194348578458
5388.426865491721400758
5119.831709156796023308
4875.345326822116476251
4643.113781170234688034
4408.547241519777344365
4160.942013039275479969
3892.827786637679764681
3587.699975911489673308
3242.445286168393522530
2861.096546897846110369
2408.934177944860948628
1916.912860861244780608
1395.478845602841147411
843.135195983146786602
252.911910771595444203
174.541756191154718181
114.808601958484956640
57.279589376756788965
28.848281572168556153
0.000000000000000000
0.000000000000000000
0.000000000000000000
0.000000000000000000
0.000000000000000000
0.947121902826666862
1.278714329626375878
0.000000000000000000
0.000000000000000000
0.000000000000000000
0.000000000000000000
1.548965941908521327
3973.941578397980265436
3950.454435393793119147
3920.018493216966362525
3903.019808275516425056
3910.011155243539633375
3932.196368186435393000
3956.943925985035093618
3978.964513715235170821
3990.081774911498087022
3989.270702542081380670
4133.619525378185244335
4327.228021384567000496
4562.018937938892122474
4804.439005316628026776
5078.650911876434292935
5400.977751083499242668
5751.662273105287567887
6093.219525490982050542
6402.999574127147752733
6718.057113262024358846
7046.037206873136710783
7356.951422077186180104
7655.402844457959872670
7955.918950485971436137
8248.648853178940044018
8588.301216285699410946
8946.718089076515752822
9294.413528767161551514
9544.786062244544154964
9742.369701947798603214
9862.097589886019704863
9807.184945077617157949
9755.969459980769897811
9743.933731079392600805
9804.355155916722651455
10013.430516703605462681
10623.509627184610508266
11299.298437387011290411
10439.780224089350667782
10503.407139910403202521
10516.809799113971166662
10711.095327930837811437
10904.497818177116641891
11039.794872948334159446
11203.090422586181375664
11444.357039530057591037
11758.399241089524366544
12449.917220546973112505
13383.963006613332254346
14386.454387309193407418
15428.346677692668890813
16428.820227640550001524
17366.901931316631817026
18195.629240249571012100
18776.885470596236700658
19262.135342931014747592
19385.632432132861140417
18848.518194686865172116
19372.107854577996477019
19668.885733974664617563
19697.912180005903792335
19771.539233158444403671
20000.245936034305486828
20280.871392435314191971
20513.697123228314012522
20655.017310261078819167
20668.547639739954320248
20514.334332743474078598
19858.748461927247262793
19309.773286748364625964
19029.214182699786761077
18866.410800821904558688
18823.051560432741098339
18750.470504957167577231
18574.641093577771243872
18374.993057574578415370
18363.882258983579959022
18357.832598799432162195
18451.730107576855516527
18737.318367447562195593
19179.977596741060551722
19557.645884177494735923
19699.226181317848386243
19735.727718649850430666
19740.892581039002834586
19771.074684520153823541
19868.934856488198420266
19992.568897959692549193
20081.672392342628882034
20117.959651434248371515
20174.977231933818984544
20233.432159130519721657
20293.417943656200804980
20352.810748272582713980
20437.186476572420360753
20520.100017691038374323
20515.356357000437128590
20493.629967571127053816
20514.456429918387584621
20549.321998003448243253
20574.203822558672982268
20570.574602498512831517
20525.623133430806774413
20483.755863667658559280
20460.720405903448408935
20491.599869136087363586
20603.727919399130769307
20770.753959010453399969
20918.309201674906944390
21000.177332592305901926
21030.630694656771083828
21050.753357169793162029
21124.882134726878575748
21274.958455200154276099
21448.723271599479630822
21642.675162450446805451
21855.727993375898222439
22044.758677872028783895
22130.351928134172339924
22125.601520532331051072
22136.657715680474211695
22164.857340754453616682
22252.333960878899233649
22347.351559001159330364
22343.906127327471040189
22396.267762966497684829
22393.621835412453947356
22121.912286903931089910
22394.511667608756397385
22523.705996919510653242
22413.673237298185995314
22335.843224614818609552
22754.701649873677524738
22908.997725406807148829
23193.472604310423776042
23729.149672146755619906
23920.561464195598091464
24460.766460710543469759
24738.802475048651103862
24739.326987183838355122
24630.595410905953031033
24505.235198341739305761
24443.151928893246804364
24520.972224494420515839
24647.630589088945271214
24670.267234525348612806
24625.770466290028707590
24518.395064727908902569
24425.128525612650264520
1422.351477049742698000
