58.594961472863104746
14.770658030397536109
11.500782639295344723
10.624314133595936127
10.259269975840009437
10.050271906785782861
10.034777597461841836
9.141215430959565680
8.820811531195582589
8.767641137453079381
8.698824902674401116
8.684121642281048992
8.675115244686526950
8.666572589975832130
8.658192081432488862
8.630815819299488822
8.621066083127438162
8.617115606354520452
8.613517346813724274
8.609303046600532028
8.604195031164882934
8.598532256550035058
8.569629422627604853
8.557451573254319044
8.551451705939998149
8.546071186827667532
8.528363845617016992
8.483103219234859438
8.477805176832685419
8.474544144127222012
8.471544984827851010
8.466532570358626941
8.453886073274134105
8.452354327531919509
8.450573044055239791
8.448634854954871543
8.444806938452739331
8.434390953631011101
8.426651689800541689
8.421468779886470912
8.416194970601861058
8.413061797516800056
8.410871888088273352
8.407700876204607709
8.404557351484506000
8.399273653720559452
8.392292226071027983
8.384061556243706193
8.374963392454349176
8.340467945407958439
8.297477915071468146
