28.745617756334432613
7.185279757218536290
6.120354636868828635
5.788946443050239310
5.624360410397051702
5.513673822750465803
5.416789485948913629
5.293156355748859454
5.183003023474868520
5.083494797363716344
4.995347325998553245
4.916888072650843711
4.846837859016089212
4.784036635385666258
4.727500199030716388
4.676393694795285327
4.630010277587278011
4.587750905695693326
4.535077692613293188
4.407273042566986376
3.732866650230340255
3.676741227070693618
3.670329608015106437
3.665741009517103244
3.662380771546847935
3.659917935060355454
3.658076541115169000
3.654789323708815374
3.653088343017073303
3.651753376920230387
