1363.818307276077121060
1322.994669403684383724
1312.637764999822593381
1344.060762290433103772
1271.587839405516433544
1266.670120144450947919
1340.809969472567900084
1500.138373569253417372
1744.876464485355882061
2069.860181940376151033
2697.109465058259047510
3380.962285655687537655
4108.435113611400993250
4867.676863107606550329
5645.174752153295230528
6428.645606366060746950
7208.283804160918407433
7976.065684988336215611
8724.418002286032788106
9444.357661299729443272
10129.121787628761012456
10774.502616215324451332
11375.848482529199827695
11929.032021187447753618
12431.831807172908156645
12880.278154276293207658
13274.663996771580059431
13616.215836328696241253
13909.261699471844622167
14153.489927480421101791
14352.102621935277056764
14511.868984938391804462
14628.990021299283398548
14706.120080715547373984
14746.669330490911306697
14752.978623745479126228
14720.907777566815639148
14670.746402607761410763
14674.315825912002765108
14638.649628163171655615
14610.421190242532247794
14587.394170214149198728
14583.724485771981562721
13506.042716587859104038
12462.661512564012809889
11461.839655949124789913
10513.771304485886503244
9614.842294184170896187
8776.897820988542662235
8009.813160839284137182
7312.853846212296048179
6681.444619743890143582
6099.922107734371820698
5539.716603984551511530
4977.723554050364327850
4427.566090011271626281
3896.405215057399800571
3369.928597155153056519
2833.655539791586306819
2279.951540350381037570
1709.485822584444576933
1130.583411745826651895
551.441766408984562986
31.978269526222554475
4.977992558059995964
5.382078572783641768
4.890701647997458323
27.336666503580232757
137.217286734127640102
336.900493181420188193
618.811984185063352015
978.172835293520165578
1399.907313829411577899
1875.426511927792716961
2390.620958412394429615
2921.051900030976867129
3443.082894190744809748
3954.510850294819647388
4445.712562498805709765
4910.723836543133074883
5351.884396613520038954
5781.707800208807384479
6212.412055311281619652
6645.054820963695419778
7083.481246907365857624
7532.032701052633456129
7794.357771846820469364
8076.759000955233204877
8384.032492918919160729
8717.190537452464923263
9071.652716294953279430
9444.860267120355274528
9502.678537847426923690
9570.047999921736845863
9640.446474131789727835
9709.071122158438811311
9773.524889111527954810
9825.203481543620000593
9856.357452942464078660
9863.582028500419255579
9844.256622325339776580
9796.549977559589024168
9719.467261692063402734
9610.869572586185313412
9471.250312146621581633
9302.084609069330326747
9107.075954092288156971
8893.933107805163672310
8673.740823418620493612
8457.361526003347535152
8253.679063532001237036
8070.443884697277098894
7913.672249432974240335
7598.577668483492743690
7323.139795655274610908
7089.442412848330604902
6895.557604009105489240
6736.733463611019033124
6604.087970220235547458
6485.282445801488393045
6364.440469657751236809
6228.204991326484559977
6061.730088258565046999
5854.882104625617103011
5596.517571516537827847
5262.824848669600214635
4842.313539891691107186
4334.055088317834815825
3705.858724157746109995
2989.976792528986607067
2199.334480670650464162
1333.943054749956672822
391.819172612463887617
217.713247951253606516
86.848142723884748762
1.137650749698208008
0.006863456098269632
0.000030917793334639
0.000002195378234819
0.000015003826926730
0.000011790381674076
0.001380721176216801
0.040156601027858209
109.251626753934502290
404.085681123370704881
784.968969043780134598
1167.500911619865291868
1495.692432973649374617
1738.608817944379097753
3497.170275843576746411
3471.384629520419366600
3439.109764270027881139
3420.639018268551353685
3425.733491006154054048
3446.192880846511798154
3469.287583043514132441
3489.809497123789242323
3499.637934094422689668
3497.702619769776902103
3638.870516039999074565
3829.536995731097704265
4061.584025210352137947
4301.355617261653605965
4572.938783159330341732
4892.566385162986989599
5240.363503173711251293
5578.722116947283211630
5884.909889222755737137
6195.993422357879353513
6519.764240878932469059
6826.624466404501617944
7121.902536990825865360
7421.265811812640095013
7716.545459481026227877
8064.445203228751779534
8439.359010553776897723
8814.383949099570600083
9105.212134064096971997
9356.221909348214467173
9540.307670502063047024
9556.834606794009232544
9576.532910888341575628
9628.440456462325528264
9740.789434952777810395
9986.628202004849299556
10616.824767968591913814
11297.142452434063670808
10426.767275566566240741
10463.647939705106182373
10434.026568325878542964
10568.903457485974286101
10684.953457820976836956
10700.621069333761624875
10720.914580774107889738
10790.201642328456728137
10893.786740925692356541
11327.818964922131272033
11947.457674641673293081
12580.298914379594862112
13225.960265399344280013
13876.251207677858474199
14691.590212605449778493
16045.805149973864899948
18084.399094283489830559
19991.552374544527992839
21124.790024104084295686
21434.774417588123469613
20970.478466480599308852
19739.418317780528013827
20949.085718239581183298
21344.232682212699728552
20868.923292654137185309
19505.935606029477639822
17735.150586899395420915
16942.058353686214104528
17022.257513086755352560
17254.505969758247374557
17078.079123380328383064
17063.273575436258397531
17353.909625754044100177
17765.720872920523106586
18237.002599189501779620
18499.169455721676058602
18443.085340132711280603
18279.469839867946575396
18277.816179103370814119
18261.934055077541415812
18328.630407065313193016
18572.956856908145709895
18967.387477890755690169
19299.808259948204067769
19407.896320226322131930
19427.547286692439229228
19433.764787305401114281
19479.194695962818514090
19581.192297177847649436
19708.722283839404553873
19798.209014602223760448
19831.685090245620813221
19884.105575405104900710
19937.560135338899272028
19988.487927457714249613
20039.850993252748594387
20116.574393000191776082
20190.493524874240392819
20173.194070606223249342
20133.407161035345779965
20129.558376351866172627
20133.277394222739530960
20122.084719429207325447
20080.219348145750700496
19998.291809463546087500
19923.921993595195090165
19875.285125135120324558
19888.727419296988955466
19991.754868386844464112
20157.074453138746321201
20307.870814227248047246
20394.245640897297562333
20427.386815537323855096
20447.488939484297588933
20519.612847514494205825
20669.824256415304262191
20843.665929013182903873
21038.841829527566005709
21257.429277089209790574
21472.382795918983902084
21670.912707500479882583
21855.859377273667632835
22069.644822641010250663
22270.386708059770171531
22453.740903404806886101
22518.016180369639187120
22400.905590470007155091
22355.234524192052049330
22388.562292725830047857
22320.465321581581520149
22804.870057747404644033
23084.437103680978907505
22982.146763813077996019
22772.974804104760551127
22998.921916087383578997
22920.361297320396261057
22754.597507558908546343
22843.844479387797036907
22544.552341090100526344
22716.311081884407030884
22757.646719412565289531
22676.030905012750736205
22593.970731447458092589
22572.759242398671631236
22697.415456433409417514
23055.316683117227512412
23556.630729704324039631
24032.616146671738533769
24474.312692551560758147
24847.857635519463656237
25171.308231989252817584
3681.943843456438571593
