1369.924785222545324359
1333.348208704829403359
1324.684133405994543864
1354.382705800792109585
1296.521570698468394767
1301.010655739684125365
1378.529024417034861472
1534.710954273200286480
1769.684488865053253903
2078.532794566708616912
2701.079321152373267978
3374.996121185972697276
4088.069065327887983585
4829.245323297689537867
5585.789703699526398850
6346.158102292518378817
7101.236728501764446264
7843.638994063486279629
8566.368692232343164505
9260.959012314940991928
9921.101166936721710954
10542.978615454499959014
11122.272898367249581497
11655.136554897882888326
12139.578748401936536538
12571.820798785147417220
12952.306188364362242282
13282.381259129644604400
13566.473677314221276902
13804.376465427039875067
13999.391510432144059450
14158.382384086464298889
14277.657939381191681605
14359.947774694859617739
14408.701402318247346557
14426.253400040670385351
14408.395782390714884968
14375.249584312488877913
14398.414322279082625755
14384.805046537288944819
14380.756155897352073225
14383.578928328426627559
14406.853336449621565407
13003.370426360039346037
11634.417171775170572801
10308.410904515747461119
9035.991661285130248871
7814.162221883865640848
6655.415550547900238598
5570.012617548257367162
4556.883650791690342885
3609.719309144054022909
2708.608453088950682286
1818.636886303902656437
917.342754085973865585
12.681520817649156285
0.000000000000000000
0.000012424172060115
97.657262345958727678
123.574116522578421495
85.276482299428181477
0.000000068493617790
0.000000000000004715
0.000000000000131772
0.000000086792105445
0.035630719627975496
4.324151221837157166
30.049331731005903379
138.796051288470721374
331.463412315122923246
601.713988372363473900
946.389330068715139532
1352.100688674262528366
1811.784204594444872782
2312.567334156474316842
2830.913987238757727027
3343.758568738548092369
3849.155708194065937278
4337.474113727214898972
4802.502076700429824996
5246.117699126752995653
5680.212685193459037691
6116.307633304797491292
6554.747472186753839196
6998.677219964527466800
7451.799366965103217808
7732.169693887620269379
8030.696819982874330890
8351.864314765329254442
8696.541520363851304865
9060.174948633057283587
9440.407319571695552440
9494.551721740843277075
9556.787201589806500124
9621.017170440512927598
9682.906032410852276371
9740.527847574854604318
9785.727801602446561446
9811.168158165573913720
9813.794488265897598467
9791.261029530225641793
9741.934214780781985610
9664.942340386793148355
9558.196892182664669235
9422.154206203544163145
9258.143912885330792051
9069.595636055348222726
8863.808440210805201787
8651.336960183502014843
8442.417668000958656194
8245.234997278879745863
8066.804772083992247644
7912.444455294747967855
7594.358463037849105604
7312.582026666525052860
7069.084777608430158580
6862.148908261046017287
6687.551744654577305482
6537.194312633937443024
6399.685924106047423265
6260.171175901455171697
6106.303604220244778844
5924.186406070911289135
5704.525977644972044800
5436.847867626903280325
5097.906522652765488601
4676.721078941895939352
4173.215921078036444669
3556.477632956761226524
2858.895325224819316645
2093.472054046308130637
1260.223655396680669583
356.762914794375376459
157.130733522573564187
11.158916265567240700
0.029037837389621561
0.010184947781990569
0.000000928054790729
0.000000001346864352
0.000000000002631095
0.000000000000004073
0.000000000000000032
0.000000000000000001
0.000000000000000000
0.000000000000000000
0.000000000000000000
364.652866007158195316
705.140433206263082866
936.810993986818971280
3515.646297758209584572
3490.183867439619007200
3458.148216608242819348
3439.799023241924260219
3445.698378343317926920
3466.772795348989802733
3490.255429390606423112
3510.910757164519964135
3520.607143062330123939
3518.279811770198648446
3659.514508960506191215
3850.027595124249273795
4081.729045229582425236
4320.994017329261623672
4591.940382727092583082
4910.830609394637576770
5257.818819287072983570
5595.326097672860669263
5900.649239544152806047
6210.881392576662619831
6533.843913264808179520
6839.978716540255845757
7134.659726421834420762
7433.606704879678545694
7728.714318901632395864
8076.711873276876758609
8452.005148636299054488
8827.623229937478754437
9119.110102748629287817
9370.475105134159093723
9554.230750288239505608
9569.473867575827171095
9586.732304338886024198
9635.244463359382280032
9743.677913431074557593
9985.585678872901553405
10612.258633610686956672
11289.705666065088735195
10417.121207599657282117
10452.503027587952601607
10421.953393241714366013
10556.351977138128859224
10672.245916295516508399
10673.662346800994782825
10679.848042204208468320
10735.131277139362282469
10824.808879148746200372
11245.034777840339302202
11851.066902217555252719
12470.930483847816503840
13105.865565163639985258
13754.692287590170963085
14603.342190778743315605
16045.774399528067078791
18013.156347112930234289
19680.705884567905741278
20666.927464540876826504
20979.577908505925734062
20661.771996796916937456
19714.474776709077559644
20840.833229646963445703
21273.203374652872298611
20943.954375131368578877
19790.965656965050584404
18061.349691669438470853
17032.822154650890297489
17028.704062335735216038
17246.404208482661488233
17067.916054814217204694
17052.675060873025358887
17343.087201347556401743
17754.722371809923060937
18225.953644844459631713
18488.359739532126695849
18433.022384200234228047
18270.922829971434111940
18271.793199025392823387
18259.481801613008428831
18330.538179306055099005
18579.428503789731621509
18977.917020328401122242
19313.418521635860088281
19423.575221181556116790
19444.530892004546331009
19451.598352819750289200
19497.647568381566088647
19600.985000216332991840
19729.766588885431701783
19820.445045505712187150
19855.054574686222622404
19908.534803929978806991
19962.952906093705678359
20014.358985243568895385
20066.038205839544389164
20142.872251181735919090
20216.646258665754430695
20198.891123529621836497
20158.268106225415976951
20153.144022515014512464
20155.149725602939724922
20141.900273768809711328
20097.840445105208345922
20013.862013224668771727
19937.842103710983792553
19888.121557889553514542
19901.070584949109615991
20004.111624310153274564
20169.825934054511890281
20321.278561055958562065
20408.479368773649184732
20442.556589518717373721
20463.667880158893240150
20536.841222674516757252
20687.992805703834164888
20862.679627831246762071
21058.504242971757776104
21277.468548188320710324
21492.510289973790349904
21690.870082192715926794
21875.412082552120409673
22088.476743280203663744
22287.821112702909886139
22468.164980746860237559
22526.716994100592273753
22402.692920963363576448
22353.803435908299434232
22392.472996713844622718
22334.209174927389540244
22819.501402077596139861
23095.654101727479428519
22989.640638559605577029
22778.333445399686752353
23003.677176495824824087
22922.662102930775290588
22755.261867275483382400
22846.659516478568548337
22546.679393080343288602
22717.634694109852716792
22758.567732893079664791
22678.042765312799019739
22601.092682996975781862
22593.705201794684398919
22746.442183164370362647
23137.965212612180039287
23663.070137895843799924
24144.624201047296082834
24566.898605754318850813
24860.972803329201269662
25048.470826348839182174
1869.752386870848795297
