28.995953899209304439
6.463170171034670730
4.791999310050920613
4.392367153930598178
3.339814853831480246
3.323168022578146363
3.313947807949590540
3.306567335586955814
3.300082512216080843
3.293750142233426548
3.286761878558464911
3.278642990333774154
3.270049736552828712
3.248052374628358940
3.218275418832231338
3.207749974866058285
3.201386812953145089
3.179883180170538726
3.134453954236493978
3.114651371223543297
3.100466966705945904
3.097205298952848906
3.093412337957111902
3.088932044755608342
3.083972581366738908
3.055898194844787419
2.980782249075429657
2.928547997383845747
2.884475062840405002
2.847565689274631051
2.817676090450037751
2.794390025667275346
2.776362660841124708
2.762454229978551723
2.751673230449248386
2.743144669628480248
2.733835789259829507
2.719419331313728705
