46.509921312415983152
47.443012786991872076
48.519486120685769492
49.492845449775344946
50.161391785869184901
50.685730319071289784
51.217959131611877410
51.806384111802849191
52.488309110821660397
52.993616563239207551
52.407379679434157538
51.166840685437698255
49.601855257673747701
47.936552984506043629
45.877603434210620037
43.207658734924933697
40.202302240885153140
37.595739357516933410
35.521596686481402116
33.464678363386539672
31.325219234222700493
29.481218742863674720
27.862382856681605858
26.254605685508323631
24.728948531723645488
23.300099247023752014
21.840170465492548146
20.797788662687139549
20.462095203453017689
20.953861296189558061
21.958912525488088363
23.275989145596767571
24.761979799892628762
26.242855170728091707
27.057666104308168542
27.117807447766125506
27.260126809304807693
28.421800138636896804
30.327108523816932006
32.165398878854745135
33.622528421598374848
35.043481303229782498
36.459297577805045876
37.809513830890438157
38.621908913939449803
38.429234395875312202
37.155167414416155225
35.066630208625610976
32.380967160122082760
29.286146282574208044
26.289622764113431685
24.320663042746673455
23.445779518787219331
23.777636343401837848
24.762943681136619034
25.787793876552655092
26.234394640173604785
25.900916042781517490
25.316804460672301502
25.446203658745048415
26.008647837308757289
25.958144992330403511
23.958195710733519945
19.845325948125150717
14.592786877094027886
9.637623285601279122
5.717969736989459761
3.023808684555660875
1.266808787263045133
-0.068493933730223944
-1.439129611846055923
-2.999697204713100973
-4.592800236119870760
-5.880850911574071915
-6.454420986570994501
-6.218189509866249409
-5.576101338491781689
-5.265399318754418800
-6.078123212278910614
-8.424736227676078215
-11.713771077220656025
-14.581869323141631867
-16.188428279183881386
-16.824169989484573762
-17.079474395094848660
-17.447570451542446790
-18.127328789216903715
-18.931133683008795288
-19.560562791778920655
-19.954696512131647523
-20.308777443224926174
-20.699999933261608476
-21.133456149951712177
-21.542829721917087227
-21.872234505789947434
-22.076868300393357458
-22.100510120473870757
-22.055350322251797479
-22.132178035312165321
-22.347604920853711974
-22.508051195146663304
-22.436541260891658567
-22.073610134298291996
-21.539320475895408435
-21.158135471917262294
-21.214871411169156090
-21.799683736124507050
-22.696945962902020710
-23.500463147910409134
-23.931453119162767962
-24.017057557209682273
-24.029143682043638819
-24.309805531052688821
-25.009048204145358341
-26.014489390283301873
-27.218664544675050365
-28.542465585246759474
-29.864081164896390419
-31.098700771181597702
-32.239871565421708510
-33.307902908739322356
-34.263856328032375131
-34.960899745327935761
-35.169073994533221139
-34.874614033412456138
-34.332685647471976154
-33.627471566616293330
-32.787522727689747626
-31.898291971011758505
-31.003585918505621066
-30.145300755121468228
-29.399882663367804980
-28.755238452417529516
-28.088832765712652417
-27.322002997523611612
-26.447876060173200585
-25.472680593483914890
-24.418548299292240245
-23.324706137935663719
-22.256734533178871516
-21.298858975896450829
-20.510870475171088856
-19.900921298099206069
-19.423008833449557642
-18.981338742074569836
-18.458128886564168170
-17.814085476914499395
-17.124921524374599358
-16.518569958443038104
