2296.214676134703950083
519.309508257585775937
152.902579580203990872
114.965191492745944402
104.544933218023231802
103.714106040400594111
103.081891840996263454
102.498119456014364914
101.946787454431174069
101.417566196086980312
100.902444212179489114
100.395082715021175090
99.890559565270336861
99.385188037030644637
98.876348367673301709
98.751218891783949516
89.158029394437050996
84.091980372352367112
79.770988778085751392
76.453049864804086155
73.759159884267575080
71.597822330901351506
69.883128041079061177
68.554533627113656280
67.600470936542578215
67.121088786550672012
67.098382331117207400
66.180790832728945361
65.200255676784806269
65.187335033919410421
63.556924760042349476
63.093051633312271065
62.982218003088931368
62.962873554519191543
62.961891654291548548
