2453.898054512630096724
2503.237677497890217637
2552.577300483150338550
2601.916923468410459463
2704.059798549277275015
2831.885920592725142342
2959.712042636173009669
3087.538164679620876996
3215.364286723069199070
3343.190408766517066397
3761.254324003999954584
4269.134898191602587758
4777.015472379205675679
5284.896046566808763600
5792.776620754410942027
6300.657194942014029948
6808.537769129617117869
7316.418343317219296296
7824.298917504822384217
8332.179491692424562643
8840.060065880028560059
9347.940640067630738486
9855.821214255232916912
10363.701788442836914328
10871.582362630439092754
11379.462936818041271181
11887.343511005645268597
12395.224085193247447023
12903.104659380849625450
13410.985233568451803876
13918.865807756055801292
14426.746381943656160729
14934.626956131260158145
15442.507530318864155561
15950.388104506464514998
16458.268678694068512414
16966.149252881674328819
17474.029827069272869267
17981.910401256878685672
18489.790975444480864098
18997.671549632086680504
19505.552123819685220951
20013.432698007287399378
20130.066687929571344284
20056.380513208463526098
19982.694338487355707912
19909.008163766247889725
19835.321989045140071539
19761.635814324032253353
19687.949639602924435167
19614.263464881816616980
19540.577290160708798794
19466.891115439600980608
19393.204940718493162422
19319.518765997385344235
19245.832591276277526049
19172.146416555169707863
19098.460241834061889676
19024.774067112950433511
18951.087892391842615325
18877.401717670734797139
18803.715542949626978952
18730.029368228519160766
18656.343193507411342580
18582.657018786303524394
18508.970844065195706207
18435.284669344087888021
18361.598494622980069835
18287.912319901872251648
18214.226145180764433462
18140.539970459656615276
18066.853795738548797090
17993.167621017440978903
17919.481446296333160717
17845.795271575225342531
17772.109096854117524344
17698.422922133009706158
17624.736747411901887972
17551.050572690794069786
17477.364397969682613621
17403.678223248574795434
17329.992048527470615227
17256.305873806359159062
17182.619699085251340875
17108.933524364143522689
17035.247349643035704503
16961.561174921927886317
16887.875000200820068130
16814.188825479712249944
16740.502650758604431758
16666.816476037496613571
16593.130301316388795385
16512.470532316903700121
16431.681550688415882178
16350.892569059929883224
16270.103587431440246291
16189.314605802952428348
16108.525624174464610405
16027.736642545976792462
15946.947660917487155530
15866.158679289001156576
15785.369697660511519643
15704.580716032023701700
15623.791734403535883757
15543.002752775048065814
15462.213771146560247871
15381.424789518070610939
15300.635807889582792995
15219.846826261094975052
15139.057844632607157109
15058.268863004119339166
14977.479881375631521223
14896.690899747143703280
14532.188775662407351774
14151.311522483103544801
13770.434269303790642880
13389.557016124486835906
13008.679762945183028933
12627.802509765868308023
12246.925256586564501049
11866.048003407253418118
11485.170750227947792155
11104.293497048643985181
10723.416243869331083260
10342.538990690027276287
9961.661737510714374366
9580.784484331410567393
9199.907231152097665472
8819.029977972793858498
8438.152724793490051525
8057.275471614176240109
7676.398218434872433136
7295.520965255559531215
7135.598130523631880351
7112.166882947913109092
7088.735635372195247328
7065.304387796477385564
7041.873140220758614305
7018.441892645040752541
6995.010645069321981282
6971.579397493604119518
6948.148149917886257754
6924.716902342167486495
6901.285654766449624731
6877.854407190730853472
6854.423159615012991708
6830.991912039294220449
6807.560664463576358685
6784.129416887858496921
