28.995953899209304439
7.601916488168182440
6.043930890729808603
5.409502787409685709
4.411918616525499992
4.362311953173162671
4.339109016429814503
4.330815306035654899
4.317644069164831677
4.304809460887650374
4.285932262871464893
4.273450066417789017
4.266009852260549629
4.260066802807124020
4.256387746515589932
4.252067229376219615
4.241968504859892519
4.226736098261901553
4.209891447983800106
4.193166842620524193
4.177835557925569709
4.164031701501177629
4.151768932390749178
4.141040508939086706
4.131377109794328817
4.098928199634006120
4.089866990958582527
4.084897203285584588
4.082479420757270994
