45.188646988230800616
46.101042468629302107
47.151673093979063367
48.066655197756077200
48.653870376256179497
49.062231461939667554
49.434936927368696047
49.825493953805576552
50.305187887469493546
50.685754734877924932
50.208304544420983007
49.198147721225986118
47.915488024629603103
46.529117470758912134
44.707200443319763394
42.218597061185157315
39.367001510228874395
36.949142705245471063
35.099042426013468798
33.258627944942077193
31.319590698529282236
29.686593102388613374
28.287177572106884327
26.898323552055131813
25.606635149214056923
24.430443874991397024
23.202182559293845543
22.354633776855507676
22.154697612769766124
22.706651989188799234
23.660723756051709188
24.823128974036791305
26.117728236249902807
27.447664138607422046
28.174378879378451757
28.225967255737103301
28.401713561219523285
29.482610160541483424
31.087635845263520196
32.528473217411701057
33.617737684232224638
34.763140315021246352
35.976808010506303503
37.167945550316986214
37.841028589995531206
37.543530080131375826
36.267727091522857563
34.350825400564815482
31.987018380723952760
29.286307284494682790
26.716213445406026494
25.222380930256946385
24.838814826394042257
25.646531222205339873
27.015109990177847976
28.263494042698226849
28.742844599914434411
28.301899539665328120
27.582942626467087166
27.638570351514346157
28.154998057792596455
28.008857776688245167
25.775535523480129996
21.280706636892404049
15.561128231652332943
10.147556749490973971
5.821983667177960342
2.785299963495504016
0.753230142157917726
-0.771540854329799686
-2.239152340100133642
-3.832215132941740876
-5.442432815423416059
-6.766045443660999581
-7.378652500645046075
-7.144951602657584999
-6.455995037091724953
-6.085634482581156135
-6.886671958944219796
-9.307801408599942761
-12.724905696339675387
-15.686482436112669347
-17.297293465077444807
-17.869472402002458011
-18.035338332644215598
-18.323759171355504805
-18.948662863736444706
-19.710054694722828117
-20.288565591692815815
-20.617769152934414478
-20.904280708308391468
-21.228125179150481472
-21.592272900505008693
-21.925294304547946922
-22.172225886626620195
-22.295818355692375690
-22.246456230919676500
-22.148578673975521269
-22.205706873313829419
-22.432144279851229385
-22.613817286460914602
-22.551462607370012847
-22.171381480042612111
-21.595756696502064642
-21.171436513656828993
-21.206252542750291923
-21.799985434483176050
-22.724735928038626298
-23.548115166466743631
-23.973082499669374101
-24.028751738581149766
-24.005203335882924875
-24.267385056476427962
-24.975266554195229673
-26.009012982464753350
-27.254426132015169060
-28.627250664997802687
-29.996362360232296851
-31.268961084830266373
-32.436131133022172435
-33.520260107127342053
-34.484757477257915070
-35.180702117911550886
-35.371333329438073179
-35.050057032142319713
-34.493385386902332357
-33.784785373195006741
-32.936028668355788795
-32.032526001260919202
-31.151055110113247792
-30.361189438949168107
-29.726597438096462156
-29.201648886170517017
-28.636095858578414663
-27.916244763094539394
-27.001613330631641929
-25.907961066701602704
-24.712557631872300590
-23.515616134482854704
-22.414567112592806097
-21.486040718875869970
-20.752814368914982879
-20.179045097222683580
-19.694839915066665981
-19.212781832618020417
-18.639324585979068161
-17.954812377236123666
-17.241496627740900749
-16.622290224985874829
