1364.552614563242286749
1323.507319857263155427
1312.931565490261846207
1344.139540589743091914
1271.614031680676589531
1266.648057013943116544
1340.744316940991666343
1500.035382088670075973
1744.744757139501871279
2069.710608599534225505
2696.655839974521313707
3380.215784232642818097
4107.406564705011987826
4866.377476816710441199
5643.616711109576499439
6426.842428836489489186
7206.250441302243416430
7973.818413665727348416
8721.974213778470584657
9441.735610924033608171
10126.340238054530345835
10771.580441585605512955
11372.804369297184166498
11925.884208209166899906
12428.597840952532351366
12876.974882885764600360
13271.307448907426078222
13612.821411014871046063
13905.844528156800151919
14150.065985634399112314
14348.689353909818237298
14508.485799048881744966
14625.659259507339811535
14702.866529426915803924
14743.519856577058817493
14749.961813770625667530
14718.053558195530058583
14668.085176006423353101
14671.878368143467014306
14636.469166484184825094
14608.530764152514166199
14585.825342088934121421
14582.505562982416449813
13502.763157841391148395
12457.354528852652947535
11454.548431854744194425
10504.548029715277152718
9603.745727297875419026
8763.989270232685157680
7995.149696432360542531
7296.476783189110392414
6663.357609811750080553
6080.044836621101239871
5517.868371724599455774
4954.015851049156481167
4402.234374621210918122
3869.265950577259900456
3340.792757483746299840
2802.750657776485240902
2248.673909515716786700
1682.104422268732605517
1117.468971304941533162
572.264039498504757830
21.094290910336720657
11.821338433922267797
9.545164466116149882
8.021245934382951859
33.391505054700814981
145.598823999043617050
346.124987344055284666
627.960607104766722841
986.704634086482087696
1407.538052192840950738
1882.044010377617041740
2396.225204522308558808
2925.711957446629639890
3446.905439119653237867
3957.617027001921087503
4448.223230805843741109
4912.749374733440163254
5353.517568202759321139
5783.019951409512032114
6213.453419266061246162
6645.857406869819897111
7084.061495436613768106
7532.394395765376430063
7794.726926137266673322
8077.121378059468042920
8384.368161071808572160
8717.476917385100023239
9071.867268886193414801
9444.982703180994576542
9502.937017957510761335
9570.423271189829392824
9640.917814530950636254
9709.617634778238425497
9774.126508226749137975
9825.841519353951298399
9857.014989038314524805
9864.244169795963898650
9844.910500308214977849
9797.184531696868361905
9720.072955281955728424
9611.438163934384647291
9471.774763638743024785
9302.559086550594656728
9107.495835347686806927
8894.294943656741452287
8674.042240600827426533
8457.601121041181613691
8253.856345982894708868
8070.559269716013659490
7913.727052894808366545
7598.683463937009037181
7323.297381596968079975
7089.650941282655367104
6895.814486204126296798
6737.034495017042900145
6604.427660406126960879
6485.654473882836100529
6364.838162433506113302
6228.621708368800682365
6062.159397087096294854
5855.317602721411276434
5596.952928696293383837
5263.256271130815548531
4842.745088237451454916
4334.500429523880484339
3706.333078710233621678
2990.493650899002204824
2199.906807951653263444
1334.586011913506581550
392.540169163046869016
219.826525576417793673
89.432518490158642521
1.159653692994590202
0.013654508678753965
0.000024498920665012
0.000017591517077377
0.000008166714373570
0.000160729881038365
0.000485051728589965
0.004464938475976545
44.916622311804786705
354.186534147141287576
745.103109843094443931
1133.918905845077688355
1465.858028230028367034
1710.664332291700020505
997.320103979499435809
971.523312834387979819
939.235478009440271308
920.750352196598782939
925.835731031587556572
946.285104128883745034
969.369299359236151759
989.880850266060974718
999.699505940679614469
997.755017098041321333
1138.901933114771509281
1329.547035664937766342
1561.571439462497892237
1801.318406299678144933
2072.874330246995214111
2392.471526163222733885
2740.234637550074694445
3078.555373579706611054
3384.701279632452497026
3695.738739327739494911
4019.459569851729156653
4326.267416547089851520
4621.493277591787773417
4920.808629283561458578
5216.051267993421788560
5563.930959732514565985
5938.850013616063733934
6313.911476066823524889
6604.810436633131757844
6855.912812301004123583
7040.096050724466294923
7056.707924320253368933
7076.453278806005982915
7128.362658947620730032
7240.673097130781570741
7486.445711041007598396
8116.563369181236339500
8796.804292782981065102
7926.362352091454340552
7963.187911000542953843
7933.523720890353615687
8068.368849979721744603
8184.396080356714264781
8199.949344585238577565
8220.134634650585212512
8289.319323874840847566
8392.808818824410991510
8826.754747287066493300
9446.325967183738612221
10079.150511631121844403
10724.950669367257432896
11375.913221068016355275
12193.668616150647721952
13553.369280517903462169
15592.045141328568206518
17490.040306842540303478
18615.619876865097467089
18922.843988335451285820
18461.206264342759823194
17238.515368772772490047
18444.324638141963077942
18841.634679762351879617
18374.463588653903570957
17023.198527441840269603
15254.598544671120180283
14447.835715515737319947
14522.045663278768188320
14752.932389986306588980
14576.252026500091233174
14561.381537178605867666
14851.990881027937575709
15263.786034049287991365
15735.062765720240349765
15997.245486616215202957
15941.212174221909663174
15777.700099193498317618
15776.219747283546894323
15760.584614288674856653
15827.588977310109839891
16072.251493798594310647
16467.000553191472135950
16799.681906336889369413
16907.956156196854863083
16927.726538942879415117
16934.013962843197077746
16979.481546797924238490
17081.516159650316694751
17209.068753538205783116
17298.569418564693478402
17332.053943258859362686
17384.479058366079698317
17437.935174854756041896
17488.871514155343902530
17540.239645223315164912
17616.963770290654792916
17690.878219765956600895
17673.567508323358197231
17633.761474766608444043
17629.884703721429104917
17633.566940487828105688
17622.330416492604854284
17580.417799060811375966
17498.444623551862605382
17424.035472169220156502
17375.368630797765945317
17388.790877707990148338
17491.806814625058905222
17657.121240528642374557
17807.916743540641618893
17894.293514495020644972
17927.438547973648383049
17947.545979212340171216
18019.676313241925527109
18169.899248848534625722
18343.752348576235817745
18538.938753909456863767
18757.535243734619143652
18972.496291452076548012
19171.032596592198387953
19355.985223054394737119
19569.777445999625342665
19770.530098531577095855
19953.908158993992401520
20018.243652392302465159
19901.264811444820225006
19855.792947871916112490
19889.276303635855583707
19821.146942174244031776
20305.380071564333775314
20584.746161761609982932
20482.311988064484467031
20273.058037655617226847
20498.961724116288678488
20420.429917296336498111
20254.670750935187243158
20343.811293868748180103
20044.532095542203023797
20216.331377872702432796
20257.754761517186125275
20176.303951802543451777
20094.526358888295362704
20073.754445981474418659
20199.000716271377314115
20552.434356557161663659
21055.296426730797975324
21531.977334782812249614
21973.260504198995477054
22345.320602438165224157
22666.527305428033287171
4386.036766359721696062
