21.111527057494065218
22.048100403390431978
23.127129226786991012
24.102094563235347380
24.771100624361622522
25.295542780654706405
25.827931505876243534
26.416657776383779321
27.099015925375887548
27.604826346143418903
27.019054816430603694
25.778871694764788458
24.214126465236574859
22.548968905765008230
20.490086298297185863
17.820144042977929644
14.814735660771205517
12.208074757037621794
10.133794838461781751
8.076705988365134203
5.937048239781418602
4.092825647658642652
2.473748411771595102
0.865714673908513532
-0.660210315115364210
-2.089334823979228872
-3.549542523420257112
-4.592203663534149882
-4.928174323118540201
-4.436681715236332479
-3.431899766080334757
-2.115088706878452740
-0.629360992563974264
0.851252892739296385
1.665803147639621784
1.725684959316524214
1.867747508428024616
3.029169602737411537
4.934236473289644209
6.772300514721067088
8.229225767141215897
9.650004192986955331
11.065683660270877908
12.415806972035454692
13.228155738478761805
13.035479116011003953
11.761445355535585122
9.672960575333775068
6.987345657406734745
3.892538564537915136
0.895961997524352682
-1.073139116915911018
-1.948235721184175873
-1.616587971826902503
-0.631388340796576131
0.393507569228830789
0.840305578855350177
0.507116054935437433
-0.076735460357980401
0.052779424336279135
0.615145121972147990
0.564391462052640236
-1.435881968724373792
-5.549037484266762021
-10.801772729779344218
-15.757038231553423202
-19.676713775550211949
-22.370849165174035988
-24.127807066258043278
-25.463066980197027078
-26.833663165623562463
-28.394194221261187749
-29.987262382481077339
-31.275278839777314488
-31.848814768670621334
-31.612548936894853568
-30.970426078102008205
-30.659688992233697036
-31.472377434849391875
-33.818954628339980673
-37.107953301639639676
-39.976015017828785858
-41.582537057072244124
-42.218241383209345940
-42.473507805399350445
-42.841565100460741178
-43.521283683044657664
-44.325047587905515911
-44.954434227085442899
-45.348523768585010885
-45.702558635544136223
-46.093733089770353217
-46.527139322432816471
-46.936461080767514886
-47.265812386086508923
-47.470391191324125657
-47.493976617469655821
-47.448759073956296106
-47.525527707638190122
-47.740894188137673382
-47.901278756886597421
-47.829705872954548340
-47.466710641710534446
-46.932355833151376601
-46.551104741266186693
-46.607773731020273544
-47.192518253458104027
-48.089711719250374244
-48.893158916079642040
-49.324077202842033785
-49.409607602397784376
-49.421616594398471989
-49.702197605723085871
-50.401355498702059776
-51.406708222185955037
-52.610791896078922036
-53.934499264913711158
-55.256019726980412088
-56.490543292848485635
-57.631617396603644465
-58.699551473103099397
-59.655407013462308896
-60.352351893081959133
-60.560426975948303152
-60.265867399850662878
-59.723839345151588986
-59.018526221837703361
-58.178480014977537849
-57.289155092673183844
-56.394360263327200755
-55.535994746899234542
-54.790508354042231076
-54.145810294186560441
-53.479362301789365119
-52.712490162007384242
-51.838302286884868408
-50.863009453444192332
-49.808743519831637059
-48.714756337721382806
-47.646649080966312795
-46.688649780480432128
-45.900537356663051014
-45.290435823538700788
-44.812300373621212657
-44.370274871531307781
-43.846496127821126265
-43.201639238282325550
-42.511591469030520329
-41.904566435966160043
