1340.944945599763286737
1306.632015574966999338
1303.136695384720269431
1341.623284520951074228
1271.357245657967268926
1268.505688475733450105
1344.395575036151285531
1504.982621518793166615
1750.343433889077459753
2075.227403850969039922
2712.355374285781181243
3405.400753518045348756
4141.476899291104018630
4908.853442818065559550
5694.146827510851835541
6485.202730489711029804
7272.337617316452451632
8047.638030044951847231
8803.625757465342758223
9531.395853629599514534
10224.244705672823329223
10878.003743515902897343
11488.041213918651919812
12050.230948425465612672
12562.334642164471006254
13020.348550285592864384
13424.514011249950272031
13775.986057985239312984
14078.998192609640682349
14333.110874378195148893
14541.363516037436056649
14710.329693506184412399
14835.982575030480802525
14920.740596761634151335
14967.775985502459661802
14979.193946212915761862
14950.626538657537821564
14902.158128622302683652
14905.420189546932306257
14867.209708493172001909
14834.057526395039531053
14803.665576662098828820
14790.236140066675943672
14112.905217858242394868
13465.602544490684522316
12854.079276527880210779
12285.666548804900230607
11753.733216202455878374
11267.235757810452923877
10833.674667620016407454
10450.964694752150535351
10114.848902968553375104
9812.524777817492577014
9520.655726802166100242
9214.340504157207760727
8907.339856551168850274
8625.860571626482851570
8368.156667082159401616
8127.375432941081271565
7900.412581434881758469
7688.736033285636949586
7498.182026988692996383
7339.013809523772579269
7220.290279097971506417
7124.860742910929729987
7012.256183896471156913
6911.456400564878094883
6857.178286376801224833
6875.459116523737975513
6944.131861363626740058
7054.199247192834263842
7206.088558424997245311
7392.773038375163196179
7614.501692248221843329
7865.431087038308760384
8127.936819936129722919
8383.389122668932031957
8632.805354394171445165
8868.023681032340391539
9082.965958649252570467
9278.581548813068366144
9465.109940774558708654
9651.980750753402389819
9837.235812767845345661
10021.844924025721411454
10207.766562919572606916
10084.241048811569271493
9969.700849857597859227
9869.366353417266509496
9785.525937674186934601
9715.421978242313343799
9658.536095826128075714
9709.219711055260631838
9766.314116635210666573
9823.863155269886192400
9877.620823408507931163
9925.706056433964477037
9959.964889830896936473
9973.044708083112709573
9961.884621247738323291
9924.155035288680664962
9858.278083799663363607
9763.504118068825846422
9637.969873856411140878
9482.496159649141191039
9298.947910188167952583
9091.470323400950292125
8868.243808463277673582
8640.846847485356192919
8420.666654957814898808
8217.134507537264653365
8038.527157391133187048
7891.303503733096476935
7546.300152077981692855
7246.725855593871528981
6995.085550706141475530
6789.653241286413503985
6625.606723510983101733
6493.726785820805162075
6381.109777698652578692
6271.146742848420217342
6149.636786917100835126
6000.872909721860196441
5813.896019468462327495
5576.768062433638988296
5264.695210390030297276
4864.536388578166224761
4373.660654467992571881
3759.854561730731347780
3054.987546653115714435
2270.912272875092185132
1405.225609066929564506
452.777776015564654699
376.632444997668017095
206.338965140465347758
59.863486789573357783
0.191590960293014478
0.000000000000000000
0.000000000000000000
0.000000000000000000
0.000000000000000000
0.000000000000000000
0.871721767157036087
106.587062630402002128
364.508590285505192696
703.760197584982961416
1050.156853956864097199
1348.950902403640839111
1567.533498665490469648
5380.299440111352851090
5354.871278392375643307
5322.987295471147263015
5304.936231860627231072
5310.275552446219080593
5330.997375011288568203
5354.361947110501205316
5375.145305718182498822
5385.211457831993357104
5383.481253114750870736
5525.253694650112265663
5716.489415062692387437
5949.073256616649814532
6189.357469818531171768
6461.440459020605885598
6781.569549091527733253
7129.888964328800284420
7468.815445367557003920
7775.646754699421762780
8087.482765689026564360
8412.153983996789975208
8720.102890119656876777
9016.684960512104225927
9317.563058353412998258
9614.503976713473093696
9964.070425937965410412
10340.420685664923439617
10716.368393459137223545
11007.358191107412494603
11257.811544786500235205
11440.955821751032999600
11456.715523510270941188
11476.560430481476942077
11529.905266871399362572
11644.939292636723621399
11894.312397116502324934
12528.313989417443735874
13212.263598169534816407
12345.265338718776547466
12384.749236043528071605
12357.069255025773600210
12493.256324237865555915
12610.079094235086813569
12642.762151818216807442
12679.563356017555634025
12764.748881297900879872
12883.439918303773083608
13331.518472828756785020
13963.598754463077057153
14606.020128736628976185
15255.214167971351344022
15893.303755353892483981
16652.327002509424346499
17868.958137829886254622
19872.784235867300594691
22017.805029074301273795
23385.535935651332692942
23816.737411437661648961
23342.736814455354760867
21962.918063072778750211
23352.234337748675898183
23778.092041136485931929
23183.462344284664141014
21613.473055487291276222
19832.126681089870544383
19208.045246274010423804
19335.912759766270028194
19573.687423392504570074
19394.491361627806327306
19374.271198730057221837
19657.635222562712442596
20060.627241857670014724
20521.815562027972191572
20772.819317056375439279
20704.537856126731639961
20527.406994411678169854
20510.220966236589447362
20476.009963239277567482
20521.146831931688211625
20741.325503513733565342
21111.017384012066031573
21420.675718450998829212
21509.517338044082862325
21513.298555524947005324
21506.110567247531434987
21539.587383570098609198
21621.061117864734114846
21729.278445286687201587
21800.084266735593701014
21815.180179123766720295
21849.319195764393953141
21884.459829670944600366
21934.209935257051256485
21984.103311412593029672
22058.929803553171950625
22130.401661262818379328
22109.997922934016969521
22066.320943815273494693
22057.698445075497147627
22055.789932025538291782
22038.329981379836681299
21989.995229925418243511
21901.995986368187004700
21822.508802136493613943
21770.077796923080313718
21781.100841777024470503
21882.890227924195642117
22047.872111951961414889
22198.982764972588483943
22286.158402988545276457
22320.507882221791078337
22342.200954625266604125
22416.276952600201184396
22566.924054220369725954
22741.375320611172355711
22937.187121324903273489
23156.330632780882297084
23371.730959053315018537
23570.608688091335352510
23755.773630025003512856
23969.471991540918679675
24169.339067948028969113
24349.879291629124054452
24407.321625929354922846
24277.867434094350755913
24218.463825517992518144
24254.798364056427089963
24224.965498122182907537
24760.454196774844604079
25084.881852235848782584
25009.105750235281448113
24812.178436995978699997
25042.999888987160375109
24970.963308015441725729
24802.743793050463864347
24888.329804375589446863
24578.028326313153229421
24746.408831617092801025
24781.579954472821555100
24688.547221429311321117
24586.166176253689627629
24531.444727126585348742
24607.429956175023107789
24906.627803494397085160
25351.034864595450926572
25791.442577243509731488
26239.357525220413663192
26668.385717852328525623
27089.569122065167903202
0.000000000000000000
