45.515692057021766459
46.528794686424475913
47.689925225169261580
48.712343054203884662
49.378195175686173002
49.871620522245414975
50.359117364981791809
50.897352213005206067
51.535743856916674588
52.019536524264431421
51.431294236299542888
50.177513329396504105
48.571672539013313497
46.838190463549040032
44.687676713407597617
41.907013743808469997
38.775741729444646921
36.031722926786727612
33.811985864677026825
31.604492806383561287
29.312395177275703873
27.316387333947233174
25.548673806541756903
23.797465847021697982
22.135958637646339753
20.580769027341531796
19.005691820717274254
17.860735210094986769
17.436077787565935182
17.853176452817876907
18.798244138281233973
20.070235673943116694
21.526276026263204244
22.992834952918400404
23.809972950274229220
23.890814377213871467
24.074794910467943510
25.302604055408735917
27.302988487160192221
29.270739142412651290
30.898179410607895079
32.537833821556091607
34.229411891644332400
35.922326735753586036
37.155563831134401198
37.474535687854711341
36.816982137608306402
35.464751681194684352
33.649636224789787775
31.571194228117519742
29.741880212551990326
29.083696839039504312
29.635894696017487604
31.456492428698908270
33.909292571886794576
36.279580700141565330
37.848924240813545339
38.331087111321380689
38.191820494716608891
38.351949020265408308
38.519252441657812369
37.676586074543621407
34.547800584577487371
29.048565153958492147
22.245538988253372281
15.677709055920530545
10.178076876145155438
6.007865399577269727
2.919780637935247114
0.413465015349800069
-1.968093238088442831
-4.385189780425946537
-6.688734475730086615
-8.552640586966731462
-9.582569175004181261
-9.700325633428747096
-9.326326786957451986
-9.211771073111719943
-10.159777660412288469
-12.589368355964921875
-15.915554013483358631
-18.779869120039847985
-20.345605802091398573
-20.906969492926975818
-21.057876238956566795
-21.295419344759807245
-21.822735681732126523
-22.456765532775136762
-22.903705281937902782
-23.107107295776756928
-23.266460569112098256
-23.463039572987327119
-23.705943933723631289
-23.932780708126301761
-24.091326153004899879
-24.139904602718900151
-24.024637677592579621
-23.859135358280752826
-23.834667070472505657
-23.967467674377246567
-24.062874663888749183
-23.942322108320979623
-23.544476606296711907
-22.987496444608041202
-22.594131640923365012
-22.647853968444962902
-23.237938662149588254
-24.148341282510898509
-24.972822688497899435
-25.432797423938325210
-25.555733374975488914
-25.613929881110948372
-25.950106297905108477
-26.715216676884494973
-27.798181274052808476
-29.093012412569066782
-30.521878187614333910
-31.963554306314790665
-33.332577212858041094
-34.619998099977522088
-35.841176710070726585
-36.949312643651524013
-37.786800570488026096
-38.110837782197506840
-37.894660181468168503
-37.383042698558085704
-36.655123184014200888
-35.741161683740301669
-34.734204951163519581
-33.688671080525637080
-32.656437263308248475
-31.719772545917635398
-30.865564578409816932
-29.963506379861371443
-28.923265124397914860
-27.723565878865883860
-26.352488818864003406
-24.811291682411535930
-23.119072484377909404
-21.325687751294935879
-19.506208313995216486
-17.719934420311631129
-15.985539233853273799
-14.277965264675628987
-12.526624312499961889
-10.637847789280556299
-8.598317961899738293
-6.517423302434337984
-4.569116710615332977
