45.910467253458357106
47.012503547231482059
48.278777843184421670
49.402688086905257592
50.137571575803391966
50.672887864409538849
51.175561444144548773
51.694633673506224625
52.272697406885008320
52.656324591734929186
51.959029999749930084
50.575288276382295294
48.819724949866646568
46.915883332569947584
44.579459284374600259
41.603603634262306343
38.274829435027257318
35.338798329496114548
32.936652292988554791
30.560850386983915428
28.119928997005857241
25.999929187712069734
24.138114375606008366
22.327707832512473374
20.647238540248508798
19.116301087237047795
17.604071678464435990
16.551822378412495596
16.240710309525923094
16.785319301291266925
17.865757810926965021
19.280705361644734808
20.897077421442475043
22.552800574507472220
23.594593079173364458
23.933141003364994503
24.382060659104013212
25.831455536512748949
27.986925108956540953
30.073843630229646351
31.809801688916650164
33.551032128072080241
35.328724265135491578
37.082042436651505568
38.345635756788993831
38.666917393493037025
37.990323164579876902
36.600344297058938992
34.715256165184769088
32.514382173144184662
30.499165717256772723
29.594027158219859075
29.851875428618399155
31.352956047313369936
33.489064208383894083
35.575300016067387787
36.921236758173222370
37.265023461171239205
37.086018029389776984
37.300226558578742697
37.600382178676795775
36.955895630850932321
34.080983677608713833
28.882067062006740343
22.411526302414500833
16.185655808209247652
11.010519059536619579
7.125296692405839849
4.274810220083793411
1.964905003148373908
-0.256596278687624135
-2.559001929706170131
-4.811490805451512642
-6.702153510294635907
-7.836023626917437923
-8.119347888606682773
-7.952081361868579279
-8.068698702401263745
-9.259112563600069734
-11.930219192671188466
-15.485988540093615029
-18.559057232606448906
-20.306744188208142532
-21.020456863297397376
-21.294281618081186025
-21.627769407790651712
-22.227815471650444579
-22.915512983511803213
-23.400924179395360625
-23.630694550535395138
-23.806355781395836857
-24.010135978983214500
-24.251241161761811327
-24.467182026870432310
-24.606406110037482904
-24.629028246219036191
-24.483046311430712194
-24.283002977191017635
-24.220389050101459816
-24.311273446645941476
-24.360248334663026526
-24.187554165990547972
-23.730784848134476306
-23.107984105420314336
-22.643251836957176693
-22.622349359462077700
-23.137143220267489596
-23.974300680487090176
-24.730396505978774258
-25.129750565136475871
-25.202889072706170737
-25.225578018029239047
-25.544903915530710492
-26.317656070536997959
-27.440334218606153627
-28.815922721768913561
-30.375926362309257911
-32.007404089098770328
-33.630628958649367632
-35.238225183131248741
-36.841011232037431000
-38.378928005838019999
-39.669467747980149852
-40.432046466367694393
-40.591683135166590546
-40.341027620498664419
-39.712067384302599748
-38.702139427961412821
-37.396692990294184256
-35.874628162035605783
-34.235409694739360020
-32.619915411120700810
-31.080099883188324839
-29.547572844153592087
-27.970030883419383372
-26.333500375639971480
-24.618334462736470414
-22.818454632537054749
-20.951346814334499413
-19.072238946565050810
-17.268687996504297644
-15.617045263852276094
-14.151087338577838182
-12.850938273520910116
-11.638554069570773208
-10.402377912559359174
-9.098870525719462421
-7.794954808783188582
-6.617618353514330920
