41.258420514756792841
30.369098940326850311
24.749492849260796845
21.356456701714087387
19.200660763698554234
17.703562000918452668
16.627994621315576040
15.810562515607831102
15.182133189822458519
14.684207038572417048
14.279690566051133516
13.948895733601705871
13.674732610917494924
13.444497101582625120
13.248600000945959465
13.079126136119459289
12.932048794891615628
12.804632963500511167
12.693527909702789103
12.595672256555410229
12.508387344030277077
12.430082444375551987
12.360054052773234545
12.297395546646196607
12.240888729764694887
12.189387482189960821
12.142250056453375961
12.099229165952582576
12.059994862976816776
12.024157192062279620
11.991215878787384597
11.960534432835121521
11.931359368639819607
11.903033493937417830
11.875275042744485532
11.848094120618981151
11.802310468768155260
11.717452973657071169
11.672980995404437010
11.641124894235618470
11.614039179882981401
11.590514706206210604
11.568702277375933818
11.549589009531958439
11.533153609124443761
11.518578268147564359
11.505610918734792136
11.492873317196085736
11.481554240877873241
11.471061512489365342
11.461266646442830108
