20.410196384548505932
21.546582232599376994
22.850706843398651102
24.038271291763471993
24.891970948289618093
25.562715530562343247
26.136394689691975657
26.668649487939440235
27.224106358950614037
27.592031181309039312
26.855404359505627099
25.411526151840313048
23.603353371536051952
21.673238705272730442
19.332001001246901239
16.364004125543921475
13.046812257945646252
10.117245813410320920
7.712203137732274172
5.320448498894322142
2.846875844622914542
0.674769563308387887
-1.260403470367904788
-3.166697244477248319
-4.966899881796422278
-6.640267283899035533
-8.308915619253639306
-9.518907265728813627
-9.976386245672628661
-9.556542136425363765
-8.570205681590451263
-7.215972508970509125
-5.634956936508487502
-3.999890071498128918
-2.971218943148002722
-2.637986985025918329
-2.164847731303737532
-0.617186119341013750
1.725872519613233180
4.049846981569473314
6.036865312071881817
8.028743154390696191
10.054233741859206930
12.051683912583570191
13.548952195422913292
14.080223912984564549
13.571766332193362814
12.293562854350057023
10.465390916120924203
8.275971567042859078
6.231095472724575757
5.254558200966528148
5.399672715453306182
6.752317083470529724
8.716712684281105794
10.627100930145161328
11.815601125589068943
12.039329091869490185
11.792287937222369010
12.004779445126331439
12.376884078356340524
11.870360074764363389
9.177052257911185507
4.170501576607676952
-2.134646662115130766
-8.257342860466195589
-13.416973918127439447
-17.386487349487083520
-20.422258470670470842
-23.010886308866616901
-25.583325949190651727
-28.271012631981818686
-30.896179037668701994
-33.104357609666237749
-34.473955298688395033
-34.902674798519711885
-34.791722817290207104
-34.877875136471715223
-35.953080442482388435
-38.427382445797803712
-41.709667161385880263
-44.440454680238531182
-45.790020927920693339
-46.069730064886101673
-45.901054848104166695
-45.816699509379589017
-46.058846127446855689
-46.481108434276194430
-46.818457573543241779
-47.031336819845733999
-47.322478414382374012
-47.763317516510340965
-48.342637822995129682
-48.971271843421050107
-49.568205161814177018
-50.064650798999053904
-50.383314933106504441
-50.618174442789836576
-50.943478837055749864
-51.359973192921444252
-51.658998092367482968
-51.650159568117970821
-51.262946549257208062
-50.609221945215494998
-50.009002023440984885
-49.747968678828925704
-49.924178960313128073
-50.338243976465605556
-50.608978455895964998
-50.490560266183877047
-50.048893491584067306
-49.597719238350009618
-49.522003631075222074
-50.013739313503663197
-50.998081548538721108
-52.394590315820778414
-54.133846823996918829
-56.081750428360351179
-58.118852883106626450
-60.185724458580068585
-62.238125904803496269
-64.168419450687849803
-65.763454431890238538
-66.734191603349756861
-67.017924970309366017
-66.832058111624178309
-66.234021417237329388
-65.236754373916596705
-63.923941666441692178
-62.358064560175364477
-60.625359905343145783
-58.860579015145162884
-57.099771359090084388
-55.257013072679626475
-53.294770905648931603
-51.251188443750606893
-49.168971431029888208
-47.092177690530434120
-45.068979380144867264
-43.165905902953966233
-41.463993451423107217
-40.017272860022103487
-38.825680609363075746
-37.832121280496835425
-36.926958769657858284
-35.976988194884711447
-34.928322548293010641
-33.848417152884906045
-32.871840923433580883
