8996.644295300000521820 2571.601242650000131107
24419.463087200001609745 3099.874584090000098513
39842.281879200003459118 11564.226314699999420554
57835.570469799997226801 21075.590425599999434780
109244.966442999997525476 20108.230574099998193560
132379.194630999991204590 12754.523918499999126652
152942.953019999986281618 12786.335484900000665220
173506.711409000010462478 13148.343057100000805804
235197.986577000003308058 16497.315777899999375222
260902.684563999995589256 13800.077490400000897353
289177.852348999993409961 15007.708979900000485941
312312.080536999972537160 16034.991035099999862723
340587.248322000028565526 6888.236786960000245017
