2051.697257049936069961
1872.747037454023711689
1672.898840435302872720
1459.074425818638474084
1317.643907639791905240
1206.613063923836534741
1162.508020228303166732
1222.104755931020918069
1419.190714139781221093
1777.584785739760263823
1944.808022380568672816
2257.918966651929167710
2688.963278539028578962
3210.453562276664342789
3795.482174272215615929
4426.061847303901231498
5094.128402301634196192
5796.762329154214967275
6529.000835473597362579
7279.080874305691395421
8038.164519049706541409
8801.095396341757805203
9558.232513570419541793
10298.561014821980279521
11014.207994275253440719
11692.964204467294621281
12333.074658427382018999
12940.270420208487848868
13523.839493797406248632
14061.888669125846718089
14522.286614322074456140
14891.383047108351092902
15168.329284604158601724
15364.695457822575917817
15486.196413405203202274
15529.545693689377003466
15480.355220293564343592
15378.910325073984495248
15383.281648750309614115
15297.788208271893381607
15194.744061438335847924
15060.074742387494552531
14920.020647868743253639
14364.027962387766820029
13823.945290367673806031
13308.563033921751411981
12832.067358441709075123
12379.871233501415190403
11972.214251405506729498
11626.985921757735923165
11343.725165260440917336
11122.573542316300517996
10952.393621951729073771
10822.061613984211362549
10724.478649987508106278
10613.837380885301172384
10464.612848306071100524
10305.718538470759085612
10168.976866968729154905
10059.102844663815631066
9976.970292313249956351
9925.981409419462579535
9911.874653175962521345
9940.245697982527417480
10005.298780309989524540
10065.796506350192430546
10097.646745224481492187
10147.752394498153080349
10267.819401737016960396
10402.524053739209193736
10528.953093401920341421
10651.111256728678199579
10762.200105099296706612
10875.342330283465344110
10993.306082473352944362
11093.014270602485339623
11148.418169909291464137
11171.735991824172742781
11149.631054402296285843
11066.266673123385771760
10924.389604865771616460
10760.942490366916899802
10613.100998679637996247
10482.343537712942634244
10375.063023925040397444
10298.901039261625555810
10016.494748860977779259
9790.492794046900598914
9636.526177393088801182
9560.936945617009769194
9554.753251024658311508
9614.100751505524385720
9735.889025586033312720
9898.806648923602551804
10084.810460132013758994
10279.729963426845642971
10476.751731807260512142
10655.325025482396085863
10797.121866365840105573
10894.692531004631746328
10943.840863233155687340
10941.062875422438082751
10883.791561725840438157
10765.865489900883403607
10583.882808132053469308
10336.595391749517148128
10027.125827423116788850
9668.358655921254467103
9281.943722664020242519
8888.982902595844279858
8505.785038642668951070
8147.009205790168380190
7824.886924649121283437
7189.595959663135545270
6630.704279860303358873
6161.945868838838578085
5788.179495941723871510
5508.613451843292750709
5312.379164974298873858
5179.974706663498182024
5083.642921670420037117
5002.222767093431684771
4914.660146560541761573
4829.834340483433152258
4758.558599796952876204
4615.871702959799222299
4352.678782454684551340
3951.352218275280392845
3403.165207032294802048
2715.617321954905946768
1946.907320323898375136
1160.745680426443868782
292.693815981323155029
0.000000000000000116
0.000044338424004374
0.000000000000000000
0.008565217816599864
0.000000000000000000
0.000000000000000000
0.000000000000000000
0.000000000000000786
15.046341568996741245
143.300685347450013296
357.449908762246309379
637.598796392382496379
950.954779815823940226
1253.594884375448373248
1511.455083458537274055
1705.448291665371016279
4267.900558130477293162
4220.846162386843388958
4162.995503513526273309
4116.179821392281155568
4106.304575170644966420
4112.495739091086761618
4124.376250357730896212
4139.784676510518693249
4153.143497078920518106
4165.542028571167975315
4262.672673718067017035
4415.438390890257323917
4614.777289865456623374
4830.917164422427958925
5087.376613012693269411
5399.764292341330474301
5746.369430677274976915
6082.688106043466177653
6388.035142156927577162
6701.799555035006960679
7031.051123288511917053
7342.802485657198303670
7640.064906656609309721
7935.252500376538591809
8212.289969845134692150
8500.323401065936195664
8741.667890848133538384
8822.199854196322121425
8607.465054576261536567
8261.075793230413182755
8051.061535370485216845
8086.526153464532399084
8370.260899405071540968
8800.952463095236453228
9339.895185403554933146
10040.582645369613601360
11070.772381759281415725
12108.425681059694397845
11753.977278497966835857
11874.194560791216645157
11881.107115698569032247
11999.597434825103846379
12093.351112972972259740
12092.771539657356697717
12103.179751953781305929
12168.397897673305124044
12274.985294350224648952
12655.754350794011770631
13187.811748676886054454
13728.756025759075782844
14263.314414646849400015
14732.514554005369063816
15154.727307436603950919
15532.541879613994751708
15828.379393276805785717
16371.758863938135618810
17319.241091439937008545
18343.863902297314780299
19116.978117624370497651
19584.808588757125107804
19898.273295954797504237
19904.740870036592241377
19599.672252801199647365
18999.961107142778928392
18240.695936660180450417
17782.007427358883433044
17902.106203753617592156
18184.760948787883535260
18130.167878168547758833
18193.581186705123400316
18497.704018168034963310
18895.827857882904936559
19336.991120974438672420
19596.303149201958149206
19562.309743929046817357
19380.019565295377105940
19241.252836589119397104
19009.670662150150747038
18812.053658205295505468
18832.016371379781048745
19118.239931208048801636
19431.588458918133255793
19544.216025190064101480
19566.508844470517942682
19569.698219095818785718
19611.682798539764917223
19694.919174382415803848
19806.256009552795148920
19879.289937527722941013
19895.637759716311848024
19935.391402512901549926
19981.054706098406313686
20045.173200397537584649
20113.227273878081177827
20203.459147849895089166
20294.011268477770499885
20302.679664521430822788
20288.518601213578222087
20307.687693365915038157
20337.868439878737262916
20349.492024433850019705
20325.898325156678765779
20257.823658209199493285
20183.821176076580741210
20135.091448868224688340
20148.147178940907906508
20250.110536986197985243
20411.640495186071348144
20552.714102676389302360
20622.820284281304338947
20636.594133115137083223
20639.568532338991644792
20702.904050470227957703
20823.486197265112423338
20972.847058718420157675
21146.489780697826063260
21351.375740812323783757
21562.025264798128773691
21764.935601199351367541
21961.501087322576495353
22188.912339783269999316
22409.229749102771165781
22593.775685566444735741
22462.455585439496644540
21741.672640984776080586
21053.075277294046827592
20712.730486918684619013
20782.301423546286969213
21282.151963093820086215
22129.574116296815191163
22827.840909761136572342
22887.143185598531999858
23076.822225054176669801
23020.589359679070184939
22915.141728262296965113
22996.122051671318331501
22658.315477458141685929
22786.089557092745963018
22822.227049334334878949
22791.887091591215721564
22826.083569103502668440
23015.028666784888628172
23413.241566118402261054
23915.204620541895565111
24329.375454381744930288
24561.386667099010082893
24642.217710401051590452
24619.872750279737374512
24548.926919139019446447
1159.152855467827521352
