143.362017160559105378
144.499388257469462360
145.804481254766159282
146.992997384294881158
147.847632170389658768
148.519295481134975034
149.093877115041038905
149.627018278567618381
150.183345546536770598
150.552124935653353077
149.816336985646898938
148.373282087077598135
146.565917182596763269
144.636595085385295079
142.296134767474256932
139.328900215964324616
136.012455728928927101
133.083621837046962355
130.679296999096806076
128.288245593518979604
125.815361675907510630
123.643929740012950447
121.709416763433111441
119.803768858454958490
118.004198000349816766
116.331448383167526117
114.663403931708458572
113.454002359062798178
112.997099731454781590
113.417506557990904525
114.404392179096319637
115.759161048992254450
117.340698929475053092
118.976274790686517235
120.005441678995410371
120.339156234018389569
120.812764992928919128
122.360883087332737773
124.704385253208641871
127.028790351720502372
129.016226491300187718
131.008509376406493629
133.034392299429470086
135.032222155629170857
136.529857529109477809
137.061483795819640363
136.553368274028144924
135.275494414546727739
133.447639701789739775
131.258525230993001287
129.213941711752369201
128.237684754016044053
128.383067361796577188
129.735967640817278834
131.700607007117952207
133.611226907845349388
134.799946680751645545
135.023882178454641689
134.777036538909584351
134.989711573443315729
135.361987771062757702
134.855623394025229800
132.162463288667851202
127.156048424834040134
120.851024128901030963
114.728440016236817200
109.568909203088338700
105.599484189296873637
102.563789671337616483
99.975226632878218425
97.402839997993112320
94.715194533839621727
92.090057565856568544
89.881896654861151319
88.512304852481179296
88.083579465988577795
88.194513786235120278
88.108332029330654223
87.033085504682333067
84.558730495940721994
81.276380980615840599
78.545516858532721471
77.195862193250547989
76.916052811772374298
77.084615942892867224
77.168847338865873553
76.926564903316148047
76.504154884984700402
76.166646119125005043
75.953595308452179324
75.662270187298474866
75.221235570074838961
74.641707732141981069
74.012854134279166374
73.415689161003570007
72.918999758296820346
72.600079713217667177
72.364952110259707752
72.039367401972015159
71.622580471016021875
71.323250693263162248
71.331771992110532210
71.718655392545770155
72.372037937587720080
72.971903310277355104
73.232569564165771681
73.055979597244402157
72.641522245505655064
72.370382723325974439
72.488383103941657737
72.929619242049511740
73.380349968323741905
73.455609093093812589
72.963403905515178849
71.978579073572916514
70.581574546376600665
68.841809041961198545
66.893383129634173656
64.855744977599272261
62.788324235778929960
60.735360072330308867
58.804490174059196761
57.208865119071845129
56.237524063742284852
55.953172911805040712
56.138407991276210396
56.735798816544615875
57.732405802768823833
59.044544164830142563
60.609732534436545848
62.341733956021357699
64.105797008472336529
65.865872111893168039
67.707883017708979878
69.669362860540275051
71.712167936304695104
73.793592380011716614
75.869578244732281291
77.891953245951867757
79.794187851384037913
81.495245736131266767
82.941095930612448228
84.131801816024164964
85.124458670120361603
86.028702452486754737
86.977737897656197674
88.025451863068155944
89.104388871978812858
90.079979852602491519
