46.193793888603821074
47.143914801791979130
48.234583254332662250
49.215356077427827586
49.886482165640387620
50.409223428902009800
50.935471041998056307
51.514610864158129289
52.186992075152062398
52.687092639904953728
52.102147588375594012
50.866393716292357396
49.307678261503021133
47.650324291311392244
45.601519090364945441
42.944251905305833361
39.954205062711707797
37.365476653015335273
35.311421650140260908
33.276443690416698473
31.160275034961372853
29.340330039325209555
27.745661971620535269
26.161458891030676455
24.658041834827059802
23.249353570682330883
21.806799271565978415
20.778388752520285720
20.452792640471272989
20.950500202249500603
21.957259248953164388
23.271914894532301332
24.751588223551777901
26.222540600734532745
27.024118840087339777
27.068012013917169156
27.191411269983319698
28.331978801131256773
30.214721079103412649
32.030005667807003533
33.464996090142008711
34.866193939384231726
36.266245545475811696
37.606229207342181553
38.415224556049537341
38.226849065811109085
36.965015710440638941
34.896092444703299407
32.236005357953558814
29.170505478817261746
26.204294665810181186
24.263867217875372262
23.413668531783144999
23.765558650126820339
24.766576140368471215
25.803800651681541467
26.260863127868532274
25.936709779269364162
25.358629231391603298
25.486172771660847047
26.037432604803115055
25.971526663637177990
23.959594071993308262
19.842304347108239426
14.592700522140376052
9.645442475063219945
5.735479813840271390
3.049497103542933019
1.296484438876632339
-0.040716274808090702
-1.419975325712556469
-2.996235079175818328
-4.612169898335764628
-5.929826534954770523
-6.538591104590068426
-6.340936114585844052
-5.737840151540297029
-5.463516093545877084
-6.307742463313843473
-8.680083897323584097
-11.989652133416655033
-14.874780822537104541
-16.497044705919620355
-17.149224357471211988
-17.423214082177537421
-17.812930658422885699
-18.516930343375747725
-19.346338073121160051
-20.000905354372491729
-20.417847464288342962
-20.790941833896113167
-21.196589634990857576
-21.639878668659434879
-22.055223841752933822
-22.387975607450982807
-22.594737089322734391
-22.620546600594025222
-22.578516879055541722
-22.659971029324253777
-22.881689358856306171
-23.049915519864612179
-22.987151777961742027
-22.633097799721895171
-22.106799101987121503
-21.731758608187362825
-21.792156593574588896
-22.377999711291238327
-23.273946452979714650
-24.074239737862797028
-24.500303308723289319
-24.578970445667494005
-24.581274807820989281
-24.848232130708709064
-25.528947378711563942
-26.510662785662134411
-27.686192222471390778
-28.977283139627502351
-30.263388943207587545
-31.461237156671927551
-32.566145014646849631
-33.600440371817796859
-34.527393034103283753
-35.202294069395634324
-35.396724757413608131
-35.097359127025697489
-34.558459910220619804
-33.862182542950904462
-33.034522009141426224
-32.158444251305695616
-31.275480884594230702
-30.425187800809396776
-29.681701643164558391
-29.032050170902664377
-28.356192661165266600
-27.579050440887897366
-26.692948346881621546
-25.700313415112645998
-24.621094645135372048
-23.494938685323290883
-22.389247399196335664
-21.389848387625534087
-20.557329081981492891
-19.900613422379308304
-19.375530274652874141
-18.889586562034935469
-18.329190551418662380
-17.658429595008726665
-16.952759497730994553
-16.335560913308029285
