3471.203940070129192463
3247.543465150388328766
3023.882990230647010321
2800.222515310906146624
2732.642607185932320135
2852.479596600524018868
2972.316586015115717601
3092.153575429707416333
3211.990564844299115066
3331.827554258890813799
4231.471055043312844646
5336.634401871085174207
6441.797748698859322758
7546.961095526634380803
8652.124442354406710365
9757.287789182182677905
10862.451136009955007466
11967.614482837727337028
13072.777829665501485579
14177.941176493273815140
15283.104523321049782680
16388.267870148822112242
17493.431216976594441803
18598.594563804370409343
19703.757910632142738905
20808.921257459915068466
21914.084604287691036006
22034.531934925722453045
21912.663810097332316218
21790.795685268942179391
21668.927560440548404586
21547.059435612158267759
21425.191310783768130932
21303.323185955374356126
21181.455061126984219300
21059.586936298594082473
20937.718811470200307667
20815.850686641810170840
20693.982561813420034014
20572.114436985026259208
20450.246312156636122381
20328.378187328245985555
20206.510062499852210749
20071.423232397151878104
19812.951294442726066336
19554.479356488300254568
19296.007418533870804822
19037.535480579448631033
18779.063542625022819266
18520.591604670593369519
18262.119666716171195731
18003.647728761745383963
17745.175790807319572195
17486.703852852893760428
17228.231914898467948660
16969.759976944042136893
16711.288038989616325125
16452.816101035190513358
16194.344163080764701590
15935.872225126337070833
15677.400287171911259065
15418.928349217487266287
15160.456411263061454520
15158.633523530181264505
15204.724673305363467080
15250.815823080545669654
15296.906972855727872229
15342.998122630911893793
15389.089272406094096368
15435.180422181276298943
15481.271571956458501518
15527.362721731640704093
15573.453871506824725657
15619.545021282006928232
15665.636171057189130806
15711.727320832371333381
15757.818470607553535956
15803.909620382737557520
15850.000770157919760095
15896.091919933101962670
15942.183069708284165245
15988.274219483466367819
16034.365369258650389384
16080.456519033832591958
16126.547668809014794533
16172.638818584196997108
16218.729968359381018672
16264.821118134563221247
16310.912267909745423822
16357.003417684927626397
16403.094567460109828971
16449.185717235293850536
16447.188942648859665496
16371.616066441134535125
16296.043190233409404755
16220.470314025684274384
16144.897437817959144013
16069.324561610232194653
15993.751685402507064282
15918.178809194781933911
15842.605932987056803540
15767.033056779331673170
15691.460180571606542799
15615.887304363881412428
15540.314428156154463068
15464.741551948431151686
15389.168675740704202326
15313.595799532979071955
15238.022923325253941584
15162.450047117528811214
15086.877170909803680843
15011.304294702076731483
14935.731418494353420101
14852.013209701226514881
14758.023414081253577024
14664.033618461278820178
14570.043822841305882321
14476.054027221332944464
14382.064231601358187618
14288.074435981385249761
14194.084640361408673925
14100.094844741437555058
14006.105049121464617201
13912.115253501488041366
13818.125457881516922498
13724.135662261540346663
13630.145866641567408806
13534.192884785512433155
12291.438920480348315323
11048.684956175184197491
9805.930991869990975829
8563.177027564826857997
7320.423063259634545830
7164.970586851470216061
7123.603241868148870708
7082.235896884828434850
7040.868551901507998991
6999.501206918186653638
6994.690222074345911096
6922.061743645422211557
6875.399171968225346063
6834.031826984904910205
6792.664482001583564852
6751.297137018263128994
6709.929792034941783641
6668.562447051621347782
6659.409897406781055906
6615.025827252068665985
6570.641757097356276063
