59.046308333863976259
15.262734647228210605
11.913883365800538527
11.016559443127649232
10.646435310079688463
10.436184810273712031
10.288405969264935891
10.146849165436783835
9.757750751959557434
9.242811295712865416
9.108433326769871385
9.034338407087595613
9.000898966699200088
8.990137233870504119
8.984079244976779677
8.958046167777469648
8.938775706804404919
8.931350531817749072
8.920373347329050517
8.864990513028597974
8.856450221302006653
8.842409170169311494
8.817212043751657902
8.813389349837386533
8.802959934553973298
8.798481244728238337
8.793438851001740275
8.788122506408146961
8.785536551376063485
8.783597576015901964
8.782392024460719426
8.779561937567949670
8.774442417089941770
8.767894140669028502
8.760152210050152988
8.751600564490395584
8.715214763171699630
8.704178618223775032
8.638168706208972480
8.623170311277746691
8.618615248238299387
8.616884902339098318
