279.752509483376400112
600.058345447028841591
918.429887487619225794
1255.036749876615658650
1291.561560479614627184
1376.777910032921681704
1521.125623684265974589
1729.757397022997110980
2002.460915127728185325
2334.245336861255964322
3475.525026682947100198
4649.885330119709578867
5841.694557662319311930
7036.480145431347409612
8218.148977968652616255
9372.094799172364218975
10486.681991278268469614
11552.676252620576633490
12561.898997740552658797
13505.299450915781562799
14376.613812250778210000
15172.642271935557801044
15890.048684279450753820
16526.214986315571877640
17080.554011681528209010
17550.685692673094308702
17938.524509580067388015
18246.773884115598775679
18480.865314519087405642
18640.690251379404799081
18728.851142187369987369
18750.598639705298410263
18699.203971352173539344
18573.940060604341852013
18374.596825269771215972
18099.970103733423457015
17742.883064902718615485
17322.231040078888327116
16908.832624941514950478
16403.493048234144225717
15851.380469905068821390
15250.098825443854366313
14616.081125159278599313
12925.318915216697860160
11222.741787241582642309
9522.856825484654109459
7848.539156120873485634
6216.716758337662213307
4668.324136846257715661
3252.017998480278492934
2017.244033728017711837
1022.471168931768488619
330.765156285878788367
13.669274804346104091
0.525394943313977847
0.020920849101389055
0.006506991538790125
0.068960809632840556
1.743530034251864924
462.117868942819541189
2.484265819495613314
0.092645050867350073
0.043083198740106451
0.161823641960604309
0.139639247972178748
22.194771464726347432
258.875162156213832532
749.317210439514610698
1434.474547701468964078
2222.648060798297137808
3048.965678053551073390
3872.230069997769533074
4657.854409140776624554
5390.466457094057659560
6056.889341899395731161
6636.348901186083821813
7109.311263816523023706
7478.175468284252929152
7736.909093389443114575
7882.682914011364118778
7921.457388052770511422
7869.762569642814014514
7742.328534115515140002
7540.097060164823233208
7266.400828489275227184
6926.264815384708526835
7432.242532195235071413
7894.331353283670068777
8325.939728966062830295
8735.676212354970630258
9125.699283480147641967
9499.882580059498650371
9639.927684891405078815
9765.414688081014901400
9874.132595845119794831
9965.379224629466989427
10040.501993569343540003
10094.040576940433311393
10120.956882931563086458
10120.231985335680292337
10091.239301300947772688
10033.705995778742362745
9947.734918502650543815
9831.795741838363028364
9686.538175038884219248
9513.145950858299329411
9314.627675998013728531
9097.647207473781236331
8871.916355845736688934
8646.596095122527913190
8428.570577748150753905
8223.371142778210924007
8034.685459156919932866
7917.076702960680449905
7823.257491209341424110
7751.758982556054434099
7697.649230745352724625
7654.145363808237561898
7611.490486392116508796
7557.606503499631799059
7477.817928404765552841
7360.718258398112993746
7193.586853614019673842
6968.426217971981714072
6676.403437160611247236
6296.567500027502319426
5821.397634445541370951
5248.041231360053643584
4530.167748280146042816
3691.283669155625375424
2735.472913599093317316
1653.408268128131339836
433.793587376789162136
0.004099307011071475
42.732671348168643988
37.125059513374026210
14.683845114173724511
1.165028072121904401
0.104218134655866324
0.250031872267471644
0.054330159109533621
0.689282785543897880
0.342177578032467067
0.144974042543232290
0.072959365828514949
0.110144288939168722
0.066748681884443078
116.642778073262562089
775.613454915268107470
4603.772423968979637721
4601.527402566105592996
4592.041365642554410442
4596.025211334440427891
4616.300375163848002558
4651.903596300056051405
4690.101572101275451132
4725.668577769085459295
4750.490391240085045865
4763.543955234966233547
4941.154890108930885617
5168.274430917274912645
5436.750521190389008552
5712.906634533200303849
6020.817125987878171145
6376.716218906848553161
6760.744817514817441406
7135.314002390956375166
7477.694895928455480316
7824.935180587020113308
8184.720597667219408322
8527.159983074841875350
8857.050155336868556333
9189.174078386617111391
9513.948892924645406310
9886.351307287881354569
10278.411348446470583440
10660.757043482110020705
10946.799867310413901578
11180.967615262619801797
11337.949789787440749933
11320.570820110548083903
11306.587782261914981063
11330.733709337944674189
11425.338337039213001844
11665.432380591835681116
12302.070676605639164336
12998.162706410364990006
12148.750465427698145504
12212.517469121836256818
12212.390125601079489570
12377.654996929924891447
12523.563573319474016898
12570.151642349581379676
12618.753974253759224666
12712.869051172165200114
12836.996394034680633922
13286.412226149250273011
13914.440661688136970042
14543.693954069443861954
15159.766176015620658291
15709.807868986337780370
16210.160013763401366305
16654.498333780691609718
16925.285102591999020660
17237.620951444867387181
17320.947221601563796867
16781.984322995482216356
17308.374055792537546949
17620.152120645700051682
17589.275722656042489689
17613.865373376342176925
17791.968239587466086959
18147.868396952337207040
18621.972373467116995016
19084.838640530088014202
19474.354128215451055439
19742.643208302182756597
19534.063673455948446644
19466.824327951551822480
19694.478083504745882237
20035.708554835848190123
20430.643919169058790430
20612.725089062965707853
20475.403786634840798797
20232.741284899297170341
20158.331988854999508476
20079.403880321857286617
20094.607707213170215255
20297.500166623813129263
20654.879182096243312117
20946.323222609444201225
21002.804572238397668116
20957.891504641593201086
20887.364227491798374103
20846.380717116375308251
20920.442126801619451726
21014.905064554288401268
21068.586991443982697092
21065.214655092942848569
21080.937489846692187712
21098.750694614995154552
21120.345609593117842451
21145.011492007703054696
21198.543170768596610287
21253.713745285753248027
21223.010990598701027920
21175.975014289218961494
21171.509438570254133083
21181.030004203428688925
21180.928970850658515701
21153.371517462659539888
21086.318256742411904270
21024.933103571533138165
20985.712738506772438996
21004.505501449362782296
21109.328739295782725094
21273.958218937845231267
21422.788293685636745067
21507.001724043278954923
21538.611827719654684188
21558.372132323340338189
21631.655346546442160616
21794.376220506273966748
21982.037788816829561256
22191.969557894579338608
22426.039818893816118361
22657.453603339294204488
22874.315018855450034607
23081.244545378664042801
23324.092770408446085639
23567.789031881304254057
23820.930709924763505114
23998.030121473384497222
24031.093555510742589831
24112.678060987735079834
24138.989414377436332870
23897.134249226437532343
24200.321413774170650868
24355.992417346977163106
24203.398291346569749294
23991.172489975106145721
24235.861197940783313243
24186.918373616917961044
24089.272069212438509567
24243.727860425628023222
24065.651783412460645195
24293.026715709878772032
24379.729026417426211992
24323.052221344580175355
24231.181474056094884872
24145.542152984729909804
24129.812023815658903914
24252.712969026135397144
24422.216065113821969135
24484.426410181531537091
24475.549040326881367946
24409.677536709557898575
24401.503011300395883154
2469.249778344872538582
