46.099725753642708526
47.036797643715502204
48.114269988417703416
49.087747508634834048
49.765226835904840641
50.295710292962176879
50.823904819197046834
51.398559440159232281
52.062738615025075717
52.555612601344087409
51.967183229846305892
50.729271567415153754
49.167788078592245427
47.506967865234500437
45.454343313889616240
42.793254727686687033
39.799665101829212688
37.207882799059674994
35.151416162157900658
33.114778685710547279
30.997780047032662765
29.177888457197227012
27.584194385076926892
26.001911560502804832
24.501378759147414144
23.096550910300791770
21.658841152053454948
20.636263763351365697
20.317490692691137610
20.823009812866345669
21.838565746550713698
23.163000441038249733
24.653434888405826086
26.136138010091030992
26.950478197146679804
27.008188584030449420
27.146537717956192637
28.303311844607321746
30.203703301050978780
32.038342207822239516
33.494741371186691481
34.919835973443298371
36.346764852327282824
37.717096056254774794
38.560280380045441007
38.409993579638012307
37.189595503018438194
35.163865820924314676
32.545528090930389453
29.514811636953510288
26.568433606293609728
24.625549005948812464
23.752476752812384575
24.074751847102447755
25.052001521813082263
26.074906550598115018
26.525449305773804554
26.199926810534350352
25.622610634747388758
25.749158771493739550
26.295499335343521352
26.223271673460061493
24.207959140468716441
20.093869261585012964
14.857548125067950195
9.936657631136512236
6.065410402503658815
3.421884550827655858
1.698960078769573556
0.365231495962433428
-1.038607304336267134
-2.658319039973690678
-4.325942056264096891
-5.696214029303490634
-6.354771623586657370
-6.202650340723948830
-5.640525248647662693
-5.402748302202581954
-6.279400103731433092
-8.680423698868025895
-12.015348753540365578
-14.922941195961641370
-16.565207537283413330
-17.235347929793931598
-17.525640006266087312
-17.930302118490828889
-18.648061956348499280
-19.490078430591381675
-20.156050815069704640
-20.583127178963081860
-20.965050838992283389
-21.378240273285086914
-21.827851722242769483
-22.248407723908428579
-22.585386232229211600
-22.795518159414598358
-22.823956850829517862
-22.783912479803348106
-22.866788852216814121
-23.089433835223246660
-23.258150044884700947
-23.195494501706491519
-22.841220587800137309
-22.314427617635885781
-21.938671383186601815
-21.998181759229339605
-22.583009332454707874
-23.477849395272301081
-24.276974019852900710
-24.701827918677793150
-24.779255564997583861
-24.780289516281698070
-25.045929841577162733
-25.725249412257824133
-26.705438659705464488
-27.879234412927189624
-29.168277038939720569
-30.451882892848686879
-31.646618609457505045
-32.747626831382888213
-33.777058363802439089
-34.698013821822144109
-35.365631117651446402
-35.551358932444202310
-35.241757537000978573
-34.690984716750961070
-33.981084594639469287
-33.137925986387870125
-32.244340418262879666
-31.341721748837812811
-30.469478272733397262
-29.701644345505428646
-29.025413413697606302
-28.321498168352661651
-27.516300152244582478
-26.603716513498284257
-25.586719209790999230
-24.484771624774282373
-23.336792060476227562
-22.209866880348101859
-21.189822776065682319
-20.337107648051642173
-19.660001718905220969
-19.112758091941259408
-18.599737748805637239
-18.001967811615600112
-17.276835934862617705
-16.498132074085958720
-15.802100577516000612
