2483.861731110818254820
367.324608782034260912
121.916615990780002221
65.602796410960692697
61.677771185581967472
60.384825782071658296
60.104061032901100248
59.914596536801312254
59.750688033971712798
59.607356289836737062
59.476209989346074281
59.352657308193883523
59.233761071927602870
58.479740165482027692
57.465512740720363638
57.374843753300510230
57.302979808302083597
57.232862114713583424
57.164041005902575421
57.096492744709664180
57.030295121352374110
56.965497541221267852
56.878530512343544956
56.298903171441793347
56.020496922490693237
55.326690260519718834
54.935902834042579457
54.649137709373263760
54.411243338901876143
54.198199965261096622
54.003949320320955962
53.825566619543408819
53.660961619141133383
53.508512806537254392
53.366950950781451013
53.235247850891269650
53.112542527759799782
52.998091430770102761
52.891301492838039167
52.791522488578600303
52.698263260659047091
52.611057041753468866
52.529517192227480393
52.453295972635800126
52.382120254053575081
52.315778375610953788
52.254192302571127016
52.197463756822060077
52.146008947527121791
52.100853156098168029
52.064326286099742447
52.064326286099742447
52.064326286099742447
