88.387809595322949008
88.782074912157099789
89.289441455217144039
89.600297100917501325
89.473850781855759351
89.125913731212875746
88.751661830153722121
88.423930597678264576
88.216437353767105378
87.938998790804191685
86.845014334734429440
85.198691514293358296
83.215474813693091960
81.033172484606353692
78.309297896831935759
74.813726365764225079
70.858006314209433185
67.250456918750245450
64.134187960252020844
60.961414413230784248
57.635936615597302080
54.575420018582732951
51.720883759582093830
48.863200242281280339
46.103226444732399614
43.470732466697043606
40.801137489690745497
38.525128578095163334
36.906481888048986661
36.048157872272184932
35.599873726390299566
35.373449399774372637
35.308783332161752355
35.327025805366730538
34.802939506731590313
33.668667440316724537
32.703650070214948187
32.643448593087541099
33.088031641779224401
33.382801158249179707
33.368117837383167057
33.457981751648361524
33.659857983389102287
33.879260941644503191
33.626919812223079020
32.467732265767082822
30.420774204309907418
27.849273850139752540
24.957915949114550358
21.857495116648181011
19.018329903452382723
17.390479837765440152
17.007597336679197042
17.940824291070356367
19.539620685743983586
21.095183655527989686
21.928420463896856063
21.859910633479671560
21.499115838293874958
21.853567615811101632
22.567316412140826287
22.495672929415576391
20.212854858671789771
15.553632383879829604
9.567058023028835123
3.796691379666015109
-0.962784305510552940
-4.496427091432650514
-7.069052434803779761
-9.153793553442483244
-11.183123940377868166
-13.337137418509399822
-15.516188877633965149
-17.426177818598432623
-18.645235642217556915
-19.033307047831016234
-18.976818064469853198
-19.250124674010720582
-20.708002077310680988
-23.797394561794504853
-27.887263756980246399
-31.515444738988378504
-33.774981273320008768
-34.967928466932988840
-35.719937103321313998
-36.556987028439095866
-37.693177574103316374
-38.930721897248332652
-39.953644319074186342
-40.699508303376006779
-41.379127280788225107
-42.076666028144330767
-42.799091323533986042
-43.479190721810851983
-44.067305511899348858
-44.533005064102553661
-44.834111984870816059
-45.102176001302154873
-45.547732169473619024
-46.192313662798710538
-46.829145080182200900
-47.266492257367474394
-47.438794914155607785
-47.477214855482060329
-47.737922758754763208
-48.536795249885187786
-49.979025799179908063
-51.839350111350057659
-53.686020607004110161
-55.221772389884677068
-56.475475496454208724
-57.737055418454303890
-59.370704378133552837
-61.533884920545602881
-64.101382438614820103
-66.950007539411558355
-69.982631056639235112
-73.051563825822711351
-76.044419223202282865
-78.930734679043126789
-81.710838358181462127
-84.327200467946255458
-86.612664565387746052
-88.316756606331892954
-89.425215137480563499
-90.212952405942417045
-90.765827540654356653
-91.099678828133249908
-91.308489307619851161
-91.484722309735644785
-91.710295026662208784
-92.047553064827980052
-92.440109004165293527
-92.727375129614415528
-92.789739934858260995
-92.585595947018788365
-92.127408037166162558
-91.488310445646305880
-90.780024665302079256
-90.121850814059598633
-89.604140037238380501
-89.249220163750635493
-89.012297037701046065
-88.816647573566996243
-88.576319727261562775
-88.202230757657929416
-87.674840645063341071
-87.076017922113550185
-86.539709902802513852
