65.986134679397167702
66.999381668808055679
68.160640331421276983
69.183194216115225572
69.849208247611372258
70.342809214053644951
70.830485548065681201
71.368898915353156553
72.007461860179319046
72.491408919873094874
71.903303152049630853
70.649660569906558294
69.043971218778551702
67.310654630623261596
65.160318672252856231
62.379843517420432875
59.248766922909034349
56.504948649092725077
54.285414672829645610
52.078124725966375763
49.786227810629043233
47.790416035805279193
46.022891921139986948
44.271865015061266035
42.610529173873175068
41.055500365030042076
39.480573008243197819
38.335755432668875642
37.911226854771598482
38.328445165653164395
39.273624434238172398
40.545720454438495040
42.001858598389645749
43.468508061991485647
44.285727446217123315
44.366637619181162222
44.550669059676735628
45.778504410244494238
47.778881994993156468
49.746583219120807939
51.373921282022379842
53.013410754567672711
54.704752817359604933
56.397355754199509192
57.630205900231572969
57.948724473172688931
57.290669600177579923
55.937918551509682175
54.122302040274320234
52.043424886568146803
50.213789587700972561
49.555437139318314621
50.107629546081511762
51.928349860191246989
54.381304632328891557
56.751631756731370615
58.320742990262857575
58.802308568131451239
58.662105746181396171
58.821114799693219766
58.987346118336660084
58.143838294623094498
55.014498937396723477
49.515071721072871469
42.712385363041704522
36.145483256303009512
30.647302871066301577
26.478939791387915648
23.392887851228380214
20.888546567202098458
18.508725961679346028
16.093051989071426533
13.790604814956282098
11.927488365274228954
10.898064612575353749
10.780553792735531715
11.154570226366047336
11.268952074922310658
10.320618898270538466
7.890586777203964175
4.563880434116697415
1.698997798025175143
0.132675213099958000
-0.429268949933543809
-0.580732078325695511
-0.818794046471339243
-1.346583146769091854
-1.981035136019215770
-2.428344879085273078
-2.632065203293507238
-2.791686746818697884
-2.988486299414148561
-3.231566205001740855
-3.458536497218346994
-3.617176605050133276
-3.665814233466448968
-3.550574639774140451
-3.385071807610927408
-3.360579608997454670
-3.493337801212817340
-3.588689141094221213
-3.468073144718800904
-3.070161779671991553
-2.513118321691138135
-2.119697111763514386
-2.173373367551732827
-2.763424784403810008
-3.673808406918169567
-4.498285702262364794
-4.958271109803376930
-5.081231893333949756
-5.139466463555606879
-5.475693156566364905
-6.240865109536514410
-7.323901905441459803
-8.618815473532038141
-10.047773731469703762
-11.489552259584797866
-12.858687138220545876
-14.146228503099109730
-15.367533695328631893
-16.475797775635840026
-17.313407987884772865
-17.637550979137699869
-17.421449336795774343
-16.909863766022908749
-16.181919789263588427
-15.267870012859987128
-14.260760574465166428
-13.215015895432031812
-12.182525139148765447
-11.245574182107930028
-10.391076133978970120
-9.488767306454406025
-8.448368555875049424
-7.248626753223106789
-5.877607554332939799
-4.336588312247727117
-2.644759426852203887
-0.852158837584909179
0.965838153670688371
2.749548553773024651
4.480327835394803060
6.184712923291783682
7.935463245605944849
9.826452345941788735
11.869716816662901238
13.954741274662239903
15.906951118667620904
