1551.291523230175243953
1342.809341128332562221
1215.978087121080761790
1193.336903650797694354
837.477372954183124421
632.567940393371713981
603.320701241237657086
770.188008479951349727
1146.869087397438534026
1736.216662174573684752
2092.333474972268049896
2628.804302686095525132
3317.982368915967072098
4130.079681042731863272
5034.185287285559752490
6002.248183283617436246
7010.385499111105673364
8038.092205922177527100
9066.244617493328405544
10075.561681714092628681
11050.404656450098627829
11979.088611512466741260
12850.604244525184185477
13655.540084400585328694
14387.455056581176904729
15039.374942568330880022
15608.427948557065974455
16093.470588377658714307
16496.118594551549904281
16814.400176045597618213
17049.740077796766854590
17207.789055166089383420
17285.906566659868985880
17286.338530890716356225
17211.141272119188215584
17061.890201519639958860
16835.718899628725921502
16551.030181960300978972
16268.885834974336830783
15911.745618168371947831
15520.540634317661897512
15097.165737434419497731
14658.288729494031940703
13264.340795050147789880
11878.241195058802986750
10514.283463194196883705
9191.146456134436448338
7918.206024344674005988
6718.341030978766866610
5612.389172442074595892
4611.601886637074130704
3723.640057511463510309
2947.592617266343950178
2278.167267335390079097
1708.595494194263665122
1218.507945585115521681
803.263170729042826679
466.603588983045426630
177.123902839553068134
6.484826996251547904
0.632396587361624518
0.518904153536408175
0.933428491551850037
0.855703627329638339
0.836443501106974518
0.235300270288546137
0.370558526402766208
5.158706719507535787
94.862862852628765609
316.806476592484045796
654.065328829987493009
1084.494715312475818791
1578.035228935717213972
2113.274490959494414710
2668.630455038149193570
3216.904171591057092883
3732.993575933212468954
4210.850856453678716207
4639.919992358018134837
5014.521819889639118628
5338.803054319592774846
5628.422776346965292760
5898.536058856024283159
6151.667192799048279994
6392.883276436771666340
6627.756067289791644725
7066.834560916362534044
7512.687539168497096398
7971.172348130583486636
8443.963475987186029670
8926.734384531904652249
9417.525661402029072633
9528.310611437622355879
9639.225233738261522376
9744.587300286455501919
9840.036780700889721629
9923.734092019623858505
9988.191328510845778510
10026.503794558000663528
10035.917096162236703094
10015.090618770514993230
9963.175286394332943019
9879.938563993255229434
9764.077994014487558161
9615.740337936154901399
9436.369150144582818029
9229.583098572937160498
9003.132591633802803699
8768.235307832210310153
8535.722841916534889606
8314.197269272599442047
8111.024570890642280574
7931.825299643539437966
7627.882888976013418869
7360.889861697993183043
7132.884464144779485650
6941.973217154652957106
6783.791453912014731031
6649.872451823445771879
6528.237217452193362988
6403.412180986902967561
6261.846595553573024517
6088.365549347962769389
5872.497260934384030406
5603.039420818256985513
5257.150560599769050896
4826.759405910099303583
4310.720238592774876452
3677.374854480120120570
2951.804981357574433787
2146.116280979104431026
1265.532627083214265440
317.517768138584131066
0.000000036945382748
0.725040399373676925
0.128082032405786223
0.048472482139507049
0.000761392475790834
0.001052355739150603
0.000500900691794736
0.000189417228268068
0.007659131336689853
0.021215674926349248
6.416105845021593090
323.993390718465775535
758.452796017068749279
1211.474558615726664357
1615.557620415551355109
1926.451380211925879848
5133.937824715554597788
5094.179589382283666055
5048.819595655293596792
5019.807107400561108079
5005.980481349387446244
5010.587455727063570521
5020.406999408291085274
5030.463545338821859332
5032.789726154587697238
5026.954426419204537524
5118.370229227087293111
5256.767966449736377399
5435.010211801219156769
5625.323888956024347863
5852.996836619723580952
6134.371563113264528511
6447.368660412039389485
6746.378505360119561374
7009.759139974659774452
7276.955783106933267845
7555.120974637787185202
7811.220096353632470709
8049.148572027833324682
8283.649089317679681699
8503.995941674718778813
8755.472644911336828955
9024.095388800309592625
9291.347402572839200730
9501.840747107982679154
9709.280707708936461131
9904.645127770716499072
9992.835635811099564307
10088.959417237922025379
10203.057813759422060684
10365.123116851264057914
10637.538597921573455096
11219.464296150279551512
11827.966014103967609117
11144.318297371813969221
11202.357479219013839611
11199.172392391437824699
11321.256100737231463427
11420.899776359206953202
11433.078969751739350613
11455.418885313181817764
11531.520828754846661468
11647.500714500372851035
12040.752016202131926548
12590.826932682886763359
13157.857197405255647027
13731.309362457430324866
14257.615073486700566718
14762.981181759088940453
15257.262592228264111327
15694.127404440767350025
16335.163662548799038632
17091.060009906297636917
17782.948086929278360913
19237.021878052717511309
19732.733007875496696215
19941.928105928313016193
19159.958369573643722106
18171.413356154745997628
17494.580289673082006630
17250.737054447417904157
17310.524775454869086388
17519.810658953079837374
17736.507713756291195750
17611.021850643257494085
17627.752511254366254434
17903.830797935970622348
18285.673087707720696926
18720.274621603442938067
18983.092296428512781858
18968.513025997341173934
18838.143246250743686687
18819.428040751190565061
18785.186507415266532917
18840.032950659264315618
19088.638221713932580315
19503.812357110462471610
19855.851939634103473509
19965.400979468864534283
19972.697976290681253886
19957.523303751422645291
19980.202816116601752583
20088.562737459284107899
20221.662063270381622715
20312.586894189262238797
20342.710199501147144474
20392.475470570261677494
20443.002493771116860444
20489.330448676009837072
20533.050326122734986711
20593.626825450122851180
20650.903413735755748348
20624.256125810454250313
20576.348588185654080007
20567.050701164451311342
20575.690104136032459792
20571.970447650186542887
20536.850614755381684517
20458.447796164397004759
20374.491535437689890387
20317.057542970618669642
20325.481999863579403609
20429.831421693404990947
20601.277397100959206000
20757.727784589475049870
20845.741749950859230012
20877.193508611508150352
20895.011671552121697459
20968.688459429668000666
21127.979321664141025394
21312.516388373933295952
21519.614899963940843008
21753.489264871699560899
21984.188820149724051589
22197.527225997742789332
22396.597893273567024153
22621.495872256622533314
22840.147972776561800856
23058.612796756438910961
23184.713919809750223067
23158.514551084608683595
23209.338723783825116698
23263.815769972938142018
23141.166181104868883267
23466.733520744353882037
23650.574168119070236571
23556.738746848877781304
23400.992847517194604734
23614.454132951188512379
23574.662715514856245136
23474.385901027551881270
23563.169972519110160647
23256.138379616408201400
23388.757167823056079214
23420.252352838677325053
23361.134960341081750812
23312.370108287763287080
23318.104248896768694976
23439.790369844715314684
23738.918711485235689906
24171.988059795694425702
24594.335052900845766999
25033.957190893161168788
25510.465938512654247461
26110.869385522917582421
0.000000000000000000
