45.521143562351895184
46.535232987247262315
47.696988947962637440
48.720118346528522579
49.387057084860792600
49.881751447686923484
50.370528278840978942
50.909900335921513204
51.548997757021083999
52.032599795709060686
51.443219274723610113
50.188274022695786414
48.581787736945706513
46.848248886477662722
44.698219116203382839
41.918515201630157208
38.788612426752393958
36.046310482128248509
33.828576784874357486
31.623315068986045162
29.333622170650059502
27.340141986308196920
25.575032655087525768
23.826463567342671013
22.167593671402443078
20.615011044997231693
19.042491912084145156
17.900039339795128512
17.477842800496361519
17.897386186412362008
18.844921575266454283
20.119445754364363665
21.578112882876411049
23.047387421456932088
23.867263736191134171
23.950711210297953357
24.136895849557120641
25.366103133814519310
27.366532616678128420
29.332295586880988481
30.954948103297297735
32.586256552047700552
34.265337835367603248
35.941376305987802198
37.153687124993808766
37.448700957185081961
36.765876202066209544
35.389352268563328607
33.553541140653010189
31.460643804618342756
29.625434102258850544
28.971505626394616684
29.538500399818104825
31.383179840129827198
33.866224805001252207
36.268234992117385218
37.865451143101410025
38.366678731267114699
38.233280104280623846
38.382053656235285644
38.518017844863209120
37.624615708000021641
34.431442456302107757
28.864619274086663836
22.001354499162175671
15.386036101087142924
9.852476903631441019
5.662102585304722879
2.570291009647036162
0.081049024376653733
-2.261956839468325597
-4.624970659566486120
-6.868266571280884136
-8.673693544651428056
-9.650985254275610714
-9.722811736533174098
-9.309320652735351587
-9.161600080921999734
-10.082799193245591596
-12.491725280693742661
-15.802835134969456021
-18.656905426460639319
-20.216434617086520120
-20.774908674336529657
-20.925637399579557041
-21.165208636288184607
-21.696330075345656496
-22.335593461855125952
-22.788960974136898585
-22.999878765622497667
-23.167807600116645972
-23.373968645140905664
-23.627284326291317029
-23.865027069795587522
-24.034530730491553641
-24.093665140426764992
-23.988172236048797004
-23.831404805460181251
-23.814506478652333499
-23.953702664468607963
-24.054412754989073164
-23.938216571994416881
-23.543962181931419764
-22.989996306217847177
-22.599236531056476451
-22.655278383251413743
-23.247463891930919999
-24.159758178301103726
-24.985885756481764020
-25.447195689193279122
-25.571074672251825177
-25.629728164704147275
-25.965760170265241413
-26.729972583868800484
-27.811083764254817652
-29.102851624293691657
-30.527148762070055454
-31.962442014148450653
-33.322992847399120819
-34.599683080570457605
-35.807907229575789643
-36.901219364152154867
-37.722786274019199482
-38.031012542598432447
-37.800645758978703270
-37.277978213260553275
-36.543282591172783214
-35.627260512785142055
-34.622634346349627776
-33.582928407926317504
-32.558903274020849494
-31.631819836421811942
-30.787842511613632723
-29.896189671173772240
-28.866364371353881779
-27.677522083541589382
-26.318558828752543377
-24.791368462833816011
-23.115368206786740757
-21.340554175873478471
-19.541999782492894155
-17.778686078282646577
-16.067777306103778301
-14.379817109763678218
-12.638018843631982691
-10.745424051187683290
-8.689135936005982330
-6.580960714580953663
-4.598374385241697837
