45.904665835723257317
47.061987001558300392
48.360851502393401802
49.499248627794528943
50.236335783035237057
50.778945703743325168
51.308341887574584916
51.877255669374761737
52.518077815068835434
52.949923694287299725
52.247190320530656038
50.846224558096885460
49.080253666640430765
47.176553423784724828
44.845297298352335247
41.873476346708933704
38.541878225699512939
35.590689456594901685
33.160178282342130274
30.742267179982505354
28.244512547152567095
26.052121505588189621
24.101607184986576726
22.185080290075276821
20.379167517372465568
18.703518918488668987
17.034697265100135155
15.825333659835791877
15.368143419862946075
15.787027297355280098
16.770503106263674908
18.119633040490612075
19.693384261203320307
21.319700348448392901
22.339565369588271437
22.666182117278466990
23.137812691574424662
24.692251320784336599
27.053181916080575320
29.407838931322999088
31.438362582312791460
33.484559295111807842
35.571187704883755032
37.630943610847623404
39.184907688207829324
39.760064254672499828
39.275971722710039558
37.997508297321559212
36.142033893369386988
33.899135672441104816
31.778470496241084220
30.709823560940833431
30.754124291360511734
32.006592771667698116
33.881982009413206924
35.724420044885789594
36.873179114539937018
37.088653315246318698
36.864208197533656630
37.125959446211936665
37.566483070221096341
37.137226498935234531
34.518468382532802252
29.573477859226215969
23.310474027121898644
17.209209079696478284
12.053497467289304268
8.076008710684334346
5.026153470434763904
2.422056429941960687
-0.163627191656729565
-2.859415647220629353
-5.485091679817372778
-7.684358238977921474
-9.034866504661039244
-9.435204254043128458
-9.289530866002138509
-9.339717305318032459
-10.384559763803423493
-12.841797784724661824
-16.127470899524666947
-18.886985256633465724
-20.291503757856219181
-20.648072339983116308
-20.568562235685703854
-20.572217175351624974
-20.886705476909185109
-21.353550563853900712
-21.701097342978698634
-21.890228879810877061
-22.130913556199743653
-22.506659607541337209
-23.020059123451005689
-23.593989422871800343
-24.154730872798040764
-24.634488447300839198
-24.951108691687181818
-25.190186649343502268
-25.517319420754745352
-25.927021533625861593
-26.207943066087068473
-26.170385236399283713
-25.747443009388689461
-25.056946981194414548
-24.426178604857227583
-24.147734688074876885
-24.324583095590924131
-24.759215733796509085
-25.069234801974403126
-25.005455273128802673
-24.629789350116482183
-24.252284144708482927
-24.253663207316435546
-24.819170477761701932
-25.864111938152916537
-27.297322574524514494
-29.041681873358925259
-30.961490895970712245
-32.942217759875234151
-34.933570328764290025
-36.901239701469478405
-38.745651891259797139
-40.259013040249499227
-41.155820725766943724
-41.376929605452744454
-41.145223951396530992
-40.526561071441847162
-39.544185081433511186
-38.289338103770035104
-36.820989678576381721
-35.204538683476869210
-33.546675737353268687
-31.869118213556930641
-30.084774003064580938
-28.153175743508143114
-26.107220966733734713
-23.989214510553722448
-21.850536671862869298
-19.753559652785838807
-17.780562791840111458
-16.024363696639738919
-14.544693785027789090
-13.341673879899644817
-12.354996294140562441
-11.470688417966869110
-10.551151613355614245
-9.538329017707553703
-8.496089851106773949
-7.556275141309242827
