1709.324516000050834919
1623.841125447477907073
1534.493674566514982871
1445.787361697450705833
1412.426614774903327998
1407.807161701252653074
1451.099550496949177614
1555.575040870073507904
1727.604059661941164450
1966.890992593279634093
2284.055489520666014869
2649.118553849660202104
3053.343591926634871925
3491.801137844285676692
3955.740839121334374795
4439.535403791862336220
4943.015729944432678167
5468.727034159089271270
6017.793083199680950202
6584.613278437249391573
7166.012183172038021439
7761.894275142300102743
8367.445801968207888422
8975.831366643345972989
9582.065838724372952129
10173.903001365224554320
10748.036716695602081018
11301.720976515389338601
11837.854756497779817437
12344.337342417784384452
12813.403962564547327929
13242.770982839923817664
13613.202611746446564212
13922.482535649836790981
14171.188825069313679705
14357.133661551370096277
14462.325125716894035577
14523.620902699902217137
14711.333174675368354656
14777.447080902458765195
14824.548730612101280713
14833.396064093773020431
14830.633141248232277576
14226.188451478747083456
13623.923042707101558335
13028.515759347321363748
12451.395651795695812325
11870.515485164101846749
11309.763421717880191864
10794.155643839880212909
10328.477586466573484358
9917.616037926496574073
9550.900385577482666122
9189.970594853155489545
8814.397921398922335356
8496.148896950164271402
8242.313556117176631233
8046.511227018792851595
7903.711230723421067523
7811.277869450143953145
7769.239037628242840583
7780.083837208473596547
7848.008421039819040743
7977.520237685345819045
8171.489850098814713419
8420.162478638811080600
8616.723424453717598226
8799.329878135562466923
9050.031684073477663333
9298.768399913642497268
9517.939783438010636019
9715.070099412030685926
9886.062214773022787995
10052.010528661023272434
10220.107309930350311333
10364.817509206826798618
10456.861369098824070534
10496.030056152554607252
10473.245836508809588850
10391.824361235472679255
10263.826893059882422676
10112.603724164879167802
9969.584531147493180470
9842.721883469488602714
9738.931629844122653594
9667.211177599234360969
9472.297977214693673886
9336.458771210425766185
9275.135442090620927047
9294.421390665878789150
9385.581225968206126709
9544.276498005916437251
9629.259447952750633704
9758.284036829931210377
9913.863978378540195990
10083.457802886061472236
10261.488047621329315007
10426.879167337874605437
10561.394552339965230203
10658.270935807859132183
10712.215592204658605624
10718.746728860047369380
10674.040032724396951380
10570.165818441353621893
10405.203092936351822573
10178.494581728620687500
9893.373890294073135010
9562.022805979837357881
9204.594894937383287470
8840.487926691324901185
8484.221362191667139996
8148.028901063876219268
7840.734896643867614330
7240.134677502015620121
6702.469716720886026451
6241.670668549024412641
5859.117570180747861741
5549.747185821853236121
5302.121352825478425075
5098.833612860536959488
4915.705053774678162881
4738.605856247729207098
4573.348857520401907095
4450.494795030029308691
4279.618663816748266981
4037.706063072370852751
3715.821580083364551683
3309.576176647031388711
2818.343398538603196357
2245.017889780451696424
1597.316573435474538201
910.408166039664592972
221.419131817263405537
0.000000000000000000
1.748664897601289070
0.000000000001346790
0.436447116372607358
0.000000000000015765
0.000000000030896303
0.106931975424317621
0.188690365744891453
194.755728304766790870
115.919401163240507913
265.947633858288327247
435.080809048153298590
597.473461717049417530
736.689271108333286975
844.646476171059362059
920.545054268020408017
3145.054388953143643448
3110.590788763608088630
3068.354535051560105785
3038.477426472487877618
3042.378203651303465449
3061.970807163510471582
3086.075834109660718241
3110.654673241151613183
3128.262538846578991070
3137.980445343170231354
3286.575359803802257375
3487.270758079952429398
3731.542955433126280695
3985.746761371572574717
4273.551024639706156449
4611.090034045577340294
4978.952350456279418722
5340.225306097505381331
5672.603242213514931791
6012.707333611408103025
6367.897599034165978082
6708.105882166591982241
7037.224948658310495375
7368.555817225494138256
7690.622442278943708516
8054.075628514910022204
8425.369100573263494880
8767.489577856913456344
8995.527446925083495444
9168.862891474269417813
9313.894994274041891913
9414.563383444959981716
9620.147595005897528608
9933.061462626903448836
10340.910968680002042674
10868.847271412674672320
11701.185422723587180371
12530.253445912941970164
11824.824906989968440030
11915.409942959315230837
11910.667355088065960445
12054.324131744573605829
12173.039290651999181136
12168.396295794911566190
12166.474328848402365111
12212.186057366870954866
12291.692225180759123759
12697.735850837556426995
13285.905130860141071025
13882.036375117641000543
14475.121971794378623599
15026.541736667579243658
15616.499562935876383563
16558.107337268778792350
17976.674449580576037988
19126.208368645093287341
19865.105156112105760258
20192.232757543115440058
20116.670706530730967643
19651.839018922019022284
20304.361825983276503393
20587.288682818638335448
20508.144355431868461892
20081.874411791395687032
19335.410730568524741102
18395.181556223378720460
18256.439847667643334717
18532.958124177039280767
18399.403540388582769083
18413.108543974303756841
18720.937902231067710090
19140.744107573969813529
19606.536389536791830324
19837.944936761847202433
19702.614718058121070499
19385.787013153167208657
19124.357708025829197140
18910.653659527204581536
18846.225318154018168570
18949.697115548497095006
19189.832374063818861032
19454.969673380015592556
19572.704136886590276845
19598.058264580173272407
19604.939755612504086457
19649.353964702775556361
19740.593347678764985176
19860.653289549958572024
19946.490656119978666538
19980.190219240244914545
20035.766586962763540214
20096.371397563281789189
20159.361791215189441573
20229.447245788840518799
20330.677490770438453183
20433.414219327718456043
20447.772061912084609503
20438.675631420559511753
20460.022553545579285128
20479.689840993181860540
20473.439635876296961214
20428.775911050219292520
20344.089540483480959665
20271.944359532793896506
20229.360931198927573860
20246.878477456943073776
20347.519009702959010610
20503.372531880882888800
20639.806730305717792362
20710.134297413766034879
20729.713237604250025470
20746.417895103353657760
20838.798559526592725888
21014.605727098783972906
21223.630148785552592017
21422.324194092896505026
21619.826503991254867287
21814.240863834653282538
21999.095233539344917517
22176.859186130877787946
22388.903794560177630046
22582.562133469524269458
22539.436510250416176859
21841.120300178605248220
21211.809446840645250631
20777.895343866639450425
20566.582834818171249935
20590.838031830920954235
20853.088946047068020562
21345.542829739315493498
22038.635810030715219909
22674.516784599418315338
23007.128660520571429515
22928.045129663187253755
22768.145397299074829789
22855.560325895654386841
22550.335489699267782271
22715.856027336045372067
22766.183434088106878335
22791.068646376450487878
23066.275085480167035712
23508.418202771950745955
23871.697283514931768877
24088.582884216979437042
24177.559845580006367527
24176.053999940995709039
24120.037393791575595969
24037.725260661762149539
23948.895802429102332098
2389.977137074702568498
