5562.629762905685311125
5407.154456717055836634
5251.679150528425452649
5096.203844339795978158
4940.728538151166503667
4785.253231962537029176
5189.927325241553262458
5753.866098957884787524
6317.804872674216312589
6881.743646390548747149
7450.747832758666845621
8123.516896141875804460
8796.285959525084763300
9469.055022908294631634
10141.824086291504499968
10814.593149674714368302
11487.362213057922417647
12160.131276441130466992
12832.900339824342154316
13505.669403207550203661
14178.438466590760071995
14788.852591381450110930
15328.658850008045192226
15868.465108634642092511
16408.271367261237173807
16948.077625887832255103
17487.883884514427336399
18027.690143141026055673
18567.496401767621136969
19107.302660394216218265
19647.108919020814937539
20138.681809860234352527
20394.334053945440246025
20649.986298030649777502
20905.638542115855671000
21161.290786201061564498
21416.943030286271095974
21672.595274371476989472
21824.451431108984252205
21587.736390289319388103
21351.021349469650886022
21114.306308649986021919
20877.591267830321157817
20640.876227010656293714
20404.161186190991429612
20167.446145371322927531
19642.759268479327147361
18991.792906224916805513
18340.826543970499187708
17689.860181716085207881
17038.893819461671228055
16387.927457207260886207
15736.961094952846906381
15159.030717536821612157
14914.918331690916602383
14670.805945845015230589
14426.693559999110220815
14182.581174153205211041
13938.468788307302020257
13694.356402461397010484
13450.244016615492000710
13206.131630769588809926
12962.019244923685619142
12746.885440002250106772
12685.430573635967448354
12623.975707269682970946
12562.520840903398493538
12501.065974537114016130
12439.611108170831357711
12378.156241804546880303
12316.701375438262402895
12255.246509071979744476
12193.791642705695267068
12132.336776339410789660
12158.582823997281593620
12386.843756215979738045
12615.104688434676063480
12843.365620653374207905
13071.626552872072352329
13299.887485090770496754
13528.148417309466822189
13756.409349528163147625
13984.670281746859473060
14212.931213965557617485
14313.318830070000331034
14313.318830070000331034
14313.318830070000331034
14313.318830070000331034
14313.318830070000331034
14313.318830070000331034
14313.318830070000331034
14313.318830070000331034
14313.318830070000331034
14295.371343582841291209
14247.436547816774691455
14199.501752050708091701
14151.566956284641491948
14103.632160518574892194
14055.697364752508292440
14007.762568986441692687
13959.827773220376911922
13911.892977454310312169
13863.958181688243712415
13816.023385922177112661
13768.088590156110512908
13720.153794390045732143
13672.218998623979132390
13624.284202857912532636
13576.349407091845932882
13528.414611325779333129
13480.479815559714552364
13432.545019793647952611
13384.610224027581352857
13336.675428261514753103
13288.740632495448153350
13240.805836729381553596
13192.871040963316772832
13144.936245197250173078
13097.001449431183573324
13049.066653665116973571
13001.131857899050373817
12802.962587154468565132
12476.134434204910576227
12149.306281255345311365
11822.478128305787322461
11495.649975356223876588
11168.821822406665887684
10804.661528614407870919
10387.837217605201658444
9971.012906595995445969
9554.188595586780138547
9137.364284577573926072
8720.539973568356799660
8308.787214826365016052
8294.451554612405743683
8280.115894398446471314
8265.780234184487198945
8251.444573970527926576
8237.108913756570473197
8222.773253542611200828
8208.437593328651928459
8194.101933114692656090
8179.766272900733383722
8165.430612686775020848
8151.094952472815748479
8136.759292258856476110
8122.423632044897203741
8108.087971830937931372
8093.752311616979568498
