45.470172911870825772
46.484561603149757048
47.647835200850650494
48.671791105036504632
49.337846010875637148
49.830360131546669322
50.316057850158358633
50.851927906210612207
51.488140357759910160
51.971219812259882076
51.384035178544181122
50.130843412009546967
48.523782163332498385
46.787129857703803282
44.631675164736954287
41.844548176477069035
38.705557636956740453
35.952850649186842702
33.723759475013039832
31.506568274539120011
29.204767674187294801
27.199409498188956036
25.423073595330265562
23.664359874547699292
21.996855812288742982
20.437558916701135558
18.860612511044976713
17.716317406759117148
17.295065751465642734
17.718430868063478556
18.672635473522404936
19.956537962936636177
21.427069789082409557
22.910424294855872063
23.746316728286643638
23.847466620577094432
24.052847463189920063
25.302626025847843039
27.324963455122428968
29.314013188659956199
30.961450518233789353
32.619229925634783740
34.326706508032401644
36.033311533473778354
37.278533034689019132
37.608755301006993932
36.962951100406343130
35.624052716043223654
33.824254673488013623
31.762347253283365944
29.948595408865685386
29.301567258213339073
29.856592075500913097
31.668646547416329895
34.101062249197610754
36.442567781979732899
37.982171343705175559
38.443066056113394779
38.298388702928122029
38.470430457046376205
38.661708887274755853
37.845734282376383817
34.737225526844014212
29.246333335682493271
22.437381693350545220
15.847949872797642001
10.311790742738480731
6.095493358207193069
2.962212071347437359
0.423827492127600181
-1.969744815079224054
-4.380813627101929342
-6.667822232134369642
-8.512204643680320260
-9.523989626257986174
-9.626395577895294764
-9.240168295787583475
-9.116953133657688113
-10.060334998247753902
-12.489366782978322590
-15.818542756833323892
-18.688510442083526186
-20.261552336186866796
-20.830940016303202356
-20.989842404581281698
-21.234821682731706005
-21.768686779965321421
-22.408249379995083927
-22.859792119303392610
-23.067157136986509158
-23.230244665109808011
-23.430722262970903103
-23.677931332002685849
-23.909510901177043252
-24.073095456993826247
-24.126782667948759808
-24.016463751445542130
-23.855556462374238436
-23.835182976244823294
-23.971467141494144926
-24.069664462347702738
-23.951158035359696896
-23.554604735922566761
-22.998207187317802891
-22.604823336848312465
-22.658099788316746981
-23.247551269220366521
-24.157432668939520681
-24.981859819441638138
-25.442656707339153854
-25.567758867828104030
-25.630002176349762522
-25.972729692145435365
-26.747627247529010219
-27.844465621880488015
-29.158210633839416914
-30.612030136379303258
-32.085631492912341400
-33.494217545802428049
-34.828932979685077953
-36.104235433032442870
-37.270952119763421706
-38.167283581266588044
-38.544466450512629763
-38.368747216642759668
-37.878341525355551767
-37.148039945576101672
-36.207304715754332847
-35.152128556345928700
-34.042575575238345209
-32.937138263765064039
-31.923942841182054053
-30.993773223576170039
-30.018013905289137710
-28.906393751696043637
-27.636730766010316529
-26.196018046029280413
-24.585127180732229135
-22.824040522453799440
-20.965577649861302234
-19.090868378581944853
-17.268375907931613256
-15.526247411795850439
-13.845650821363392424
-12.161289452806158806
-10.387364598531348747
-8.515277652542465603
-6.648840832073915408
-4.945989234270314228
