59.057622162041582214
14.829184066701870393
10.141734901039107797
9.359916670100886904
9.131386245432461024
9.046090101693277319
8.994699734563198490
8.891860985684676422
8.785116760936004354
8.759132921474384048
8.715376701863107201
8.683218971428257049
8.675006048798584501
8.669853027788413158
8.664787943031649675
8.658945209471379911
8.652309359637987640
8.642522189955787582
8.620410127488316476
8.615430553346371312
8.612616773562413286
8.610061074256373459
8.607156580590050510
8.603461968515194513
8.598861896639284907
8.593908398806714644
8.565860014799438815
8.557865355966081111
8.552454607118765040
8.547133157232289946
8.528468415709513195
8.482833147716558386
8.476965422773172776
8.474161106852186265
8.453425002698807589
8.451334225596404792
8.447216406631508079
8.434951333055726863
8.428115984454034759
8.421950523184309034
8.416788346323100356
8.413293370658626813
8.410450421168702562
8.407236516891931188
8.403522784256960421
8.397240441417864076
8.389294690911038188
8.380095357542790779
8.370042715661035970
8.327263751588791507
8.262752039347800448
