36385.127916415469371714
36394.944188806410238612
36404.760461197351105511
36414.576733588291972410
36424.393005979225563351
36434.209278370166430250
36444.025550761107297149
36453.841823152040888090
36463.658095542981754988
36473.474367933922621887
36483.290640324863488786
36493.106912715797079727
36502.923185106737946626
36512.739457497678813525
36522.555729888612404466
36532.372002279553271364
36542.188274670494138263
36552.004547061435005162
36561.820819452368596103
36571.637091843309463002
36581.453364234250329901
36591.269636625183920842
36586.518538783413532656
36464.650413954637770075
36342.782289125869283453
36220.914164297093520872
36099.046039468317758292
35977.177914639549271669
35855.309789810773509089
35733.441664982005022466
35611.573540153229259886
35489.705415324453497306
35367.837290495685010683
35245.969165666909248102
35124.101040838140761480
35002.232916009364998899
34880.364791180589236319
34758.496666351820749696
34636.628541523044987116
34292.974590156947670039
33919.015190563419309910
33545.055790969898225740
33171.096391376369865611
32797.136991782841505483
32423.177592189316783333
32049.218192595788423205
31675.258793002263701055
31301.299393408738978906
30927.339993815210618777
30553.380594221685896628
30179.421194628161174478
29805.461795034636452328
29179.554743380871514091
28540.424133167889522156
27901.293522954907530220
27262.162912741936452221
26623.032302528954460286
25983.901692315972468350
25344.771082102990476415
24705.640471890008484479
24066.509861677026492544
23639.085716943391162204
23658.107461294970562449
23677.129205646553600673
23696.150949998133000918
23715.172694349712401163
23734.194438701295439387
23753.216183052874839632
23772.237927404454239877
23791.259671756037278101
23810.281416107616678346
23829.303160459196078591
23848.324904810779116815
23867.346649162358517060
23886.368393513937917305
23905.390137865520955529
23924.411882217100355774
23943.433626568679756019
23962.455370920262794243
23981.477115271842194488
24000.498859623421594733
24019.520603975004632957
24038.542348326584033202
24057.564092678163433447
24076.585837029746471671
24095.607581381325871916
24114.629325732908910140
24133.651070084488310385
24152.672814436067710631
24171.694558787647110876
24190.716303139230149100
24209.738047490809549345
24228.759791842392587569
24247.781536193971987814
24266.803280545551388059
24285.825024897134426283
24304.846769248713826528
24323.868513600293226773
24342.890257951876264997
24361.912002303455665242
24380.933746655035065487
24399.955491006618103711
24418.977235358197503956
24437.998979709776904201
24457.020724061359942425
24476.042468412939342670
24495.064212764518742915
24502.763701968193345238
24413.995561660816747462
24325.227421353443787666
24236.459281046067189891
24147.691140738690592116
24058.923000431317632319
23970.154860123941034544
23881.386719816568074748
23792.618579509191476973
23703.850439201814879198
23615.082298894441919401
23526.314158587065321626
23437.546018279692361830
23348.777877972315764055
23260.009737664939166280
23171.241597357566206483
23082.473457050189608708
22993.705316742816648912
22904.937176435440051137
22816.169036128063453361
22727.400895820686855586
22638.632755513313895790
22549.864615205940935994
21722.817240926913655130
20735.924386919192329515
19749.031532911449176027
18762.138678903727850411
17914.319116862236114684
17884.305445293808588758
17854.291773725377424853
17824.278102156946260948
17794.264430588515097043
17764.250759020087571116
17734.237087451656407211
17704.223415883225243306
17674.209744314797717379
17644.196072746366553474
17614.182401177935389569
17584.168729609504225664
17554.155058041076699737
17524.141386472645535832
17494.127714904214371927
