56.454442099149218848
7.426535231964008332
5.720472370866095169
5.365121023178243576
3.100438134170429461
2.871933468277596102
2.855466369995711684
2.843229880443944868
2.831499344888287695
2.792885991620493336
2.785034668279560588
2.781755161125818443
2.778813136491186331
2.775338809595389922
2.770750192717300386
2.764810055213804407
2.758134342351620028
2.741354476725097022
2.731606432290612396
2.727915312225126954
2.724083071189516758
2.719367065785453619
2.707441975975426018
2.676994438013971855
2.671420377454572836
2.667698108130688084
2.664080833531494719
2.648322718658648434
2.624042525734238129
2.604069957841280480
2.599617272011014002
2.597035250786027039
2.594496680028703928
2.591481871941129889
2.587717322142177423
2.583122292124123920
2.577830032812284067
2.567408780724927730
2.449283958986144150
2.373084161014395121
2.309188775352846612
2.256059362193987727
2.212817288303821073
2.178722419669943733
2.152668908058031683
2.133170719609290167
2.118681484316891517
2.107929419993888498
2.100115430201726419
2.094534333644017643
2.090548919908211012
