59.046282365484557886
24.476842399682528395
22.065565082874282865
21.444455780210645912
21.146508255296936341
20.938685428306364145
20.772721497061695572
20.667309214387039162
20.029735065407010097
19.730398525730272752
19.705888705930874494
19.695065993369013313
19.680087407160712587
19.655738344629135383
19.599025712668129984
19.588369583327580159
19.581852747096942124
19.576022299194939080
19.571929799587969967
19.568870670767182673
19.566041010788495669
19.563943218892525522
19.562556754440223017
