586.030692857736426049
907.990627266418869112
1174.119488754408166642
1405.908536578402390660
1589.066280690518397023
1764.337448637137185870
1937.919957924208347322
2113.614711324711151974
2292.772894209735113691
2474.285790084390555421
3693.666316130457744293
4900.465892876895850350
6085.857114416322474426
7242.531270769978618773
8361.430678297441772884
9434.572055670227200608
10456.334550758407203830
11422.758478757637931267
12330.147402516142392415
13173.162955551410050248
13948.512563708763991599
14655.277831520927065867
15291.823407231975579634
15856.748779554884094978
16350.283267318107391475
16770.576515547400049400
17119.808697594919067342
17400.777850528076669434
17618.959892307131667621
17774.449905049594235606
17870.194777090888237581
17911.978965336347755510
17893.975061789467872586
17816.388183754097553901
17679.882281678117578849
17483.945999746782035800
17221.746178181892901193
16911.760508150542591466
16624.192227503262984101
16261.251350830996670993
15867.686012426118395524
15440.235611499172591721
14993.695988120549372979
14255.686044057345498004
13512.776701850445533637
12772.021884891049921862
12045.030738579305761959
11332.930325094128420460
10655.783550393931363942
10035.629640040240701637
9488.743593860845066956
9033.396610744692225126
8685.409039095597108826
8461.077077295538401813
8379.694530334965747898
8445.214429793550152681
8676.617750260636967141
9094.062705337066290667
9633.336618682445987361
10332.691487394668001798
9659.730909113195593818
9128.202382501427564421
8736.411026423076691572
8477.543742301901147584
8339.813903613267029868
8308.542756554452353157
8364.562576715707109543
8488.158179052823470556
8673.565348174925020430
8879.329521982268488500
9083.100559686914493795
9276.902057917366619222
9450.129165204671153333
9603.276821636380191194
9732.824979706860176520
9823.555560459330081358
9858.595528866904714960
9840.464948512761111488
9761.645047230755153578
9616.317592155397505849
9405.944725943792946055
9141.527027108761103591
8832.355214846435046638
8474.635706883958846447
8067.042084776909177890
7609.724846245588196325
8006.788877396979842160
8365.975513696192138013
8696.621525632062912337
9004.683858742948359577
9290.888911322183048469
9558.661914264192091650
9707.372338832696186728
9839.010788526918986463
9951.587012963593224413
10044.943633208287792513
10121.171413399635639507
10175.658450917870140984
10204.221375885530505911
10206.585370511706059915
10182.676623209119497915
10132.536807248998229625
10056.301117346416504006
9952.133544617914594710
9819.948432275499726529
9659.679927161807427183
9472.543812177887957660
9262.928722990971436957
9037.922987607136747101
8803.830145032699874719
8564.545815540332114324
8322.700669738283977495
8079.547343283409645665
7977.770800169074391306
7879.226261665699894365
7782.598731849116120429
7684.611360114961826184
7581.493970189077117539
7467.469951302699882945
7334.990894267241856141
7174.075605371659548837
6977.801046215300630138
6737.494221978192399547
6448.656518331502411456
6105.826912152278964641
5691.964061056145510520
5203.213409899646649137
4640.705697509398305556
3963.364172115021574427
3197.390140123503897485
2349.411417730590528663
1411.961910850752474289
372.036510323093352781
18.413313772209598085
220.462100439791896633
299.447285533198055418
299.260831841877973147
240.277565545248933176
182.661927765935956813
136.333536390883097056
100.446527621055352597
75.742925360676494506
60.279397435243424752
51.537514017024939506
54.198121107251928663
86.894530993751786241
202.641519356193612111
503.449929338534445833
1039.104870630885670835
4579.148941039296005329
4578.223920508453375078
4567.972452366641846311
4569.148445231004188827
4596.886323513910610927
4637.736709329567020177
4678.785256445470622566
4714.739261808481387561
4737.532337798103071691
4746.279678722476091934
4928.834797344083199278
5159.021876765120396158
5428.936414295452777878
5705.160655136322020553
6012.019108909856186074
6365.976250318165511999
6747.375536595543053409
7118.797723514384415466
7457.649066249930910999
7801.079497666134557221
8156.845745180141420860
8495.098992168239419698
8820.655266387002484407
9148.298384067325969227
9468.431947893403048511
9836.010426473378174705
10223.033428964245103998
10600.095467988407108351
10880.577925282041178434
11108.893964892315125326
11259.733033413285738789
11235.937725942863835371
11215.312564832171119633
11232.648277034506463679
11320.337922157032153336
11553.475261992989544524
12183.169034552667653770
12872.350116767252984573
12016.083107582200682373
12073.205428521308931522
12066.707047761816284037
12225.928669640681619057
12366.148626775688171620
12437.954242358799092472
12512.062623340572827146
12631.780261867737863213
12781.262903269584057853
13255.261419722275604727
13906.374217079495792859
14556.261513263401866425
15189.304187705785807339
15751.157816645172715653
16256.382468167998013087
16696.550710638355667470
16957.880762228658568347
17267.557814094510831637
17356.377394735809502890
16831.958399914721667301
17379.280713075600942830
17701.457678819468128495
17665.300019331243674969
17673.357689390304585686
17841.990140840160165681
18195.225358379298995715
18672.923716114357375773
19144.055402329086064128
19537.786417870975128608
19803.727744595711556030
19588.224662677293963498
19511.339195438282331452
19728.169054825804778375
20058.569002259009721456
20443.465232607024518074
20616.771298881030816119
20472.174205162958969595
20223.830414796640980057
20145.336355825071223080
20063.833027414701064117
20077.839651940474141156
20280.736389556674112100
20639.094470726482541068
20932.236101799833704717
20990.902516822610778036
20948.485619817667611642
20880.608718687159125693
20842.273838786062697181
20918.632192189088527812
21015.049838206319691380
21070.226643094039900461
21067.827773898934538011
21083.986330753039510455
21101.714697213894396555
21127.499775502805277938
21155.888274798540805932
21212.698907118417992024
21270.736299606560351094
21242.523762147386150900
21197.639277484086051118
21195.024561351336160442
21206.130392803523136536
21207.379468598079256481
21180.962441406561993062
21114.859765058685297845
21054.247745595974265598
21015.623644837141910102
21034.820283642631693510
21139.821023761534888763
21304.350501962595444638
21452.738708154218329582
21536.092397221829742193
21566.337067669363023015
21584.131494374181784224
21654.759190096388920210
21817.700036448943137657
22004.755364725260733394
22213.220904595265892567
22444.971380510185554158
22673.252387730914051645
22886.227427105368406046
23088.580967578487616265
23326.221153757036518073
23564.118095811176317511
23810.890470974296476925
23981.054623390082269907
24006.632858746259444160
24080.251298816765483934
24098.201193228847841965
23847.725120399103616364
24142.276012630984041607
24289.430557694326125784
24128.616195907838118728
23908.668853002614923753
24146.220489711526170140
24085.425637954547710251
23977.306603187345899642
24117.962404531594074797
23929.469997233321919339
24135.040380881186138140
24199.313197691841196502
24121.566893623305077199
24010.217106262360175606
23906.801909479450841900
23875.111954183270427166
23983.662080178350151982
24140.903878235581942135
24194.575433833986608079
24185.391533527836145367
24126.172204796017467743
24099.771791783146909438
811.608688809943259912
